            0.1    3.51155e+12
            0.2     3.5115e+12
            0.3    3.51146e+12
            0.4    3.51681e+12
            0.5    3.51643e+12
            0.6     3.5164e+12
            0.7    3.51637e+12
            0.8    3.51635e+12
            0.9    3.51633e+12
              1     3.5154e+12
            1.1    3.51538e+12
            1.2    3.51755e+12
            1.3    3.51754e+12
            1.4    3.51658e+12
            1.5    3.51657e+12
              2    3.51515e+12
            2.5    3.51491e+12
              3    3.51858e+12
            3.5    3.52207e+12
              4     3.5272e+12
            4.5    3.52719e+12
              5    3.52718e+12
            5.5    3.52717e+12
              6    3.52717e+12
            6.5    3.52716e+12
              7    3.52715e+12
            7.5    3.52715e+12
