            0.1        477.353
            0.2        162.735
            0.3          92.53
            0.4        49.6869
            0.5        30.0521
            0.6        25.2692
            0.7        22.3068
            0.8        20.3517
            0.9        19.0165
              1        14.0572
            1.1        13.5903
            1.2        11.6745
            1.3        11.5224
            1.4        9.74529
            1.5        9.74729
              2        8.41205
            2.5        8.84309
              3        7.58214
            3.5        7.48254
              4        6.92164
            4.5        7.55476
              5        8.10331
            5.5        8.57092
              6        8.98464
            6.5        9.35792
              7        9.69776
            7.5        9.95714
