            0.1    7.76832e+09
            0.2     7.7682e+09
            0.3    7.76811e+09
            0.4    7.77994e+09
            0.5    7.77909e+09
            0.6    7.77903e+09
            0.7    7.77898e+09
            0.8    7.77893e+09
            0.9    7.77889e+09
              1    7.77682e+09
            1.1    7.77679e+09
            1.2    7.78159e+09
            1.3    7.78156e+09
            1.4    7.77944e+09
            1.5    7.77942e+09
              2    7.77627e+09
            2.5    7.77575e+09
              3    7.78387e+09
            3.5    7.79157e+09
              4    7.80293e+09
            4.5    7.80291e+09
              5    7.80289e+09
            5.5    7.80287e+09
              6    7.80285e+09
            6.5    7.80284e+09
              7    7.80283e+09
            7.5    7.80282e+09
