            0.1    4.45602e+10
            0.2    4.45596e+10
            0.3     4.4559e+10
            0.4    4.46269e+10
            0.5    4.46221e+10
            0.6    4.46217e+10
            0.7    4.46214e+10
            0.8    4.46211e+10
            0.9    4.46209e+10
              1     4.4609e+10
            1.1    4.46088e+10
            1.2    4.46364e+10
            1.3    4.46362e+10
            1.4    4.46241e+10
            1.5    4.46239e+10
              2    4.46059e+10
            2.5    4.46029e+10
              3    4.46495e+10
            3.5    4.46937e+10
              4    4.47588e+10
            4.5    4.47587e+10
              5    4.47585e+10
            5.5    4.47584e+10
              6    4.47584e+10
            6.5    4.47583e+10
              7    4.47582e+10
            7.5    4.47582e+10
