            0.1        96.7669
            0.2         24.567
            0.3        10.6527
            0.4        5.70653
            0.5        3.64033
            0.6        2.46029
            0.7        1.77007
            0.8        1.33229
            0.9          1.038
              1       0.853366
            1.1       0.699137
            1.2       0.607446
            1.3        0.51507
            1.4       0.446704
            1.5       0.388291
              2       0.220348
            2.5       0.136388
              3      0.0912864
            3.5      0.0644985
              4      0.0475643
            4.5      0.0385383
              5      0.0319986
            5.5      0.0270914
              6       0.023304
            6.5      0.0203117
              7      0.0179011
            7.5      0.0159273
