            0.1        7.81355
            0.2         2.6622
            0.3        1.51229
            0.4       0.811537
            0.5       0.490919
            0.6       0.412303
            0.7       0.363617
            0.8       0.331549
            0.9       0.309645
              1       0.229464
            1.1       0.221778
            1.2       0.190819
            1.3       0.188288
            1.4       0.159464
            1.5        0.15943
              2       0.137621
            2.5       0.144036
              3       0.123255
            3.5        0.12072
              4       0.110231
            4.5       0.118466
              5        0.12532
            5.5       0.131287
              6       0.136621
            6.5       0.141371
              7       0.144497
            7.5       0.145506
