            0.1        21.1276
            0.2        7.04332
            0.3        3.91005
            0.4        2.10978
            0.5        1.29997
            0.6        1.07077
            0.7       0.924839
            0.8       0.823837
            0.9       0.748586
              1       0.571646
            1.1       0.535218
            1.2       0.460138
            1.3       0.437491
            1.4       0.371385
            1.5         0.3571
              2       0.268883
            2.5       0.226623
              3       0.162054
            3.5       0.124804
              4       0.094897
            4.5      0.0833103
              5      0.0728392
            5.5      0.0634544
              6      0.0551637
            6.5      0.0479276
              7      0.0416865
            7.5       0.036359
