            0.5        26.9139
           0.75        20.3291
              1        17.0191
           1.25        13.4339
            1.5         11.053
           1.75        9.58541
              2        7.28457
           2.25        5.54029
            2.5        4.27657
           2.75        3.80963
              3        3.21842
           3.25         2.7915
            3.5         2.2991
           3.75         2.0561
              4        1.91291
           4.25        1.64773
            4.5        1.43404
           4.75        1.26398
              5          1.127
           5.25        1.01318
            5.5       0.915707
           5.75       0.829864
              6       0.752483
           6.25       0.681492
            6.5       0.615038
           6.75       0.552618
              7       0.494601
           7.25        0.44172
            7.5       0.394255
