            0.1    2.55604e+11
            0.2    2.55601e+11
            0.3    2.55597e+11
            0.4    2.55987e+11
            0.5    2.55959e+11
            0.6    2.55957e+11
            0.7    2.55955e+11
            0.8    2.55954e+11
            0.9    2.55952e+11
              1    2.55884e+11
            1.1    2.55883e+11
            1.2    2.56041e+11
            1.3     2.5604e+11
            1.4    2.55971e+11
            1.5     2.5597e+11
              2    2.55866e+11
            2.5    2.55849e+11
              3    2.56116e+11
            3.5     2.5637e+11
              4    2.56743e+11
            4.5    2.56743e+11
              5    2.56742e+11
            5.5    2.56741e+11
              6    2.56741e+11
            6.5     2.5674e+11
              7     2.5674e+11
            7.5     2.5674e+11
