            0.1        2.13794
            0.2       0.542776
            0.3       0.235357
            0.4       0.126078
            0.5      0.0804283
            0.6      0.0543567
            0.7      0.0391071
            0.8       0.029435
            0.9       0.022933
              1      0.0188539
            1.1      0.0154464
            1.2      0.0134206
            1.3      0.0113797
            1.4     0.00986922
            1.5     0.00857867
              2      0.0048682
            2.5     0.00301318
              3     0.00201675
            3.5      0.0014249
              4     0.00105077
            4.5     0.00085134
              5    0.000706841
            5.5    0.000598411
              6    0.000514718
            6.5    0.000448594
              7    0.000395321
            7.5    0.000351684
