#      _xxWS        ftot       firac        fagn        fsfr
#
     -0.5024     0.03843   1.012e-06           0     0.03843
     -0.4924      0.0304    1.25e-06           0      0.0304
     -0.4824     0.02237   1.566e-06           0     0.02236
     -0.4724     0.01433   1.959e-06           0     0.01433
     -0.4624    0.006303   2.459e-06           0      0.0063
     -0.4524   3.106e-06   3.076e-06           0   3.011e-08
     -0.4424   3.735e-06   3.704e-06           0   3.067e-08
     -0.4324   4.475e-06   4.444e-06           0   3.124e-08
     -0.4224   5.119e-06   5.087e-06           0   3.183e-08
     -0.4124   5.944e-06   5.912e-06           0   3.242e-08
     -0.4024   6.811e-06   6.778e-06           0   3.302e-08
     -0.3924   7.813e-06   7.779e-06           0   3.363e-08
     -0.3824    8.77e-06   8.736e-06           0   3.426e-08
     -0.3724   1.017e-05   1.013e-05           0    3.49e-08
     -0.3624   1.168e-05   1.165e-05           0   3.554e-08
     -0.3524   1.326e-05   1.323e-05           0   3.621e-08
     -0.3424   1.496e-05   1.492e-05           0   3.688e-08
     -0.3324   1.667e-05   1.663e-05           0   3.756e-08
     -0.3224   1.841e-05   1.837e-05           0   3.826e-08
     -0.3124   2.029e-05   2.025e-05           0   3.897e-08
     -0.3024   2.234e-05    2.23e-05           0    3.97e-08
     -0.2924   2.479e-05   2.475e-05           0   4.044e-08
     -0.2824    2.72e-05   2.716e-05           0   4.119e-08
     -0.2724   2.995e-05    2.99e-05           0   4.195e-08
     -0.2624   3.322e-05   3.317e-05           0   4.273e-08
     -0.2524   3.721e-05   3.717e-05           0   4.353e-08
     -0.2424   4.091e-05   4.087e-05           0   4.434e-08
     -0.2324   4.501e-05   4.496e-05           0   4.516e-08
     -0.2224   4.912e-05   4.908e-05           0     4.6e-08
     -0.2124   5.336e-05   5.331e-05           0   4.686e-08
     -0.2024   5.757e-05   5.752e-05           0   4.773e-08
     -0.1924   6.205e-05     6.2e-05           0   4.862e-08
     -0.1824   6.685e-05    6.68e-05           0   4.952e-08
     -0.1724   7.183e-05   7.178e-05           0   5.044e-08
     -0.1624   7.713e-05   7.708e-05           0   5.138e-08
     -0.1524   8.282e-05   8.276e-05           0   5.233e-08
     -0.1424   8.867e-05   8.861e-05           0   5.331e-08
     -0.1324   9.425e-05   9.419e-05           0    5.43e-08
     -0.1224   0.0001003   0.0001003           0   5.531e-08
     -0.1124   0.0001068   0.0001068           0   5.633e-08
     -0.1024   0.0001135   0.0001134           0   5.738e-08
    -0.09239   0.0001204   0.0001204           0   5.845e-08
    -0.08239   0.0001279   0.0001278           0   5.953e-08
    -0.07239   0.0001365   0.0001364           0   6.064e-08
    -0.06239   0.0001451    0.000145           0   6.177e-08
    -0.05239    0.000154    0.000154           0   6.292e-08
    -0.04239   0.0001638   0.0001637           0   6.409e-08
    -0.03239   0.0001733   0.0001732           0   6.528e-08
    -0.02239   0.0001833   0.0001832           0   6.649e-08
    -0.01239   0.0001934   0.0001934           0   6.773e-08
   -0.002387   0.0002049   0.0002048           0   6.899e-08
    0.007613   0.0002233   0.0002232           0   7.027e-08
     0.01761   0.0002387   0.0002386           0   7.158e-08
     0.02761   0.0002579   0.0002579           0   7.291e-08
     0.03761   0.0002848   0.0002847           0   7.426e-08
     0.04761   0.0003144   0.0003143           0   7.564e-08
     0.05761   0.0003453   0.0003453           0   7.705e-08
     0.06761    0.000377   0.0003769           0   7.848e-08
     0.07761   0.0004129   0.0004128           0   7.994e-08
     0.08761    0.000453   0.0004529           0   8.143e-08
     0.09761   0.0004948   0.0004948           0   8.294e-08
      0.1076   0.0005387   0.0005386           0   8.448e-08
      0.1176   0.0005846   0.0005845           0   8.605e-08
      0.1276   0.0006293   0.0006292           0   8.765e-08
      0.1376   0.0006637   0.0006636           0   8.928e-08
      0.1476   0.0007079   0.0007078           0   9.094e-08
      0.1576    0.000749   0.0007489           0   9.263e-08
      0.1676   0.0007792   0.0007791           0   9.436e-08
      0.1776   0.0008087   0.0008087           0   9.611e-08
      0.1876   0.0008405   0.0008404           0    9.79e-08
      0.1976   0.0008735   0.0008734           0   9.972e-08
      0.2076   0.0009055   0.0009054           0   1.016e-07
      0.2176   0.0009327   0.0009326           0   1.035e-07
      0.2276   0.0009623   0.0009622           0   1.054e-07
      0.2376   0.0009934   0.0009933           0   1.073e-07
      0.2476    0.001027    0.001027           0   1.093e-07
      0.2576    0.001065    0.001064           0   1.114e-07
      0.2676    0.001103    0.001103           0   1.134e-07
      0.2776    0.001138    0.001138           0   1.156e-07
      0.2876    0.001174    0.001173           0   1.177e-07
      0.2976    0.001213    0.001213           0   1.199e-07
      0.3076    0.001254    0.001254           0   1.221e-07
      0.3176    0.001294    0.001294           0   1.244e-07
      0.3276    0.001334    0.001334           0   1.267e-07
      0.3376    0.001374    0.001374           0   1.291e-07
      0.3476    0.001417    0.001417           0   1.315e-07
      0.3576    0.001456    0.001456           0   1.339e-07
      0.3676    0.001507    0.001507           0   1.364e-07
      0.3776    0.001558    0.001558           0   1.389e-07
      0.3876    0.001613    0.001612           0   1.415e-07
      0.3976    0.001665    0.001665           0   1.441e-07
      0.4076     0.00171     0.00171           0   1.468e-07
      0.4176    0.001768    0.001768           0   1.495e-07
      0.4276    0.001825    0.001825           0   1.523e-07
      0.4376    0.001878    0.001878           0   1.552e-07
      0.4476    0.001934    0.001934           0    1.58e-07
      0.4576    0.001994    0.001994           0    1.61e-07
      0.4676    0.002041    0.002041           0    1.64e-07
      0.4776    0.002103    0.002095           0   7.348e-06
      0.4876    0.002172    0.002153           0   1.909e-05
      0.4976    0.002224    0.002194           0   2.992e-05
      0.5076    0.002275    0.002234           0   4.043e-05
      0.5176    0.002323    0.002271           0   5.132e-05
      0.5276    0.002372     0.00231           0   6.256e-05
      0.5376    0.002432     0.00236           0   7.255e-05
      0.5476    0.002478    0.002398           0   8.019e-05
      0.5576    0.002523    0.002438           0   8.555e-05
      0.5676    0.002568     0.00248           0   8.836e-05
      0.5776    0.002597     0.00251           0   8.702e-05
      0.5876    0.002631    0.002544           0   8.696e-05
      0.5976    0.002679     0.00259           0   8.925e-05
      0.6076    0.002723     0.00263           0   9.243e-05
      0.6176    0.002777    0.002681           0   9.585e-05
      0.6276    0.002824    0.002725           0   9.904e-05
      0.6376    0.002874    0.002773           0   0.0001014
      0.6476    0.002927    0.002824           0   0.0001023
      0.6576    0.002987    0.002885           0   0.0001018
      0.6676    0.003044    0.002942           0   0.0001015
      0.6776    0.003095    0.002992           0   0.0001023
      0.6876    0.003127    0.003023           0   0.0001041
      0.6976    0.003154    0.003048           0   0.0001062
      0.7076    0.003202    0.003093           0   0.0001086
      0.7176    0.003224    0.003112           0   0.0001118
      0.7276    0.003248    0.003132           0   0.0001161
      0.7376    0.003259    0.003137           0   0.0001213
      0.7476     0.00326    0.003133           0   0.0001271
      0.7576    0.003257    0.003123           0   0.0001334
      0.7676    0.003236    0.003095           0   0.0001403
      0.7776    0.003207     0.00306           0   0.0001476
      0.7876    0.003144    0.002989           0   0.0001554
      0.7976    0.003089    0.002925           0   0.0001636
      0.8076    0.003033     0.00286           0   0.0001725
      0.8176    0.002957    0.002775           0   0.0001822
      0.8276    0.002868    0.002675           0    0.000193
      0.8376     0.00278    0.002575           0   0.0002049
      0.8476    0.002723    0.002506           0   0.0002171
      0.8576    0.002657    0.002428           0   0.0002292
      0.8676    0.002611     0.00237           0   0.0002417
      0.8776    0.002561    0.002306           0   0.0002548
      0.8876     0.00251    0.002241           0    0.000269
      0.8976    0.002453    0.002168           0   0.0002849
      0.9076    0.002393    0.002089           0    0.000304
      0.9176     0.00236     0.00203           0   0.0003298
      0.9276    0.002338    0.001962           0   0.0003758
      0.9376    0.002412    0.001894           0   0.0005183
      0.9476    0.003829    0.001859           0     0.00197
      0.9576     0.00395    0.001847           0    0.002103
      0.9676    0.003976    0.001827           0    0.002149
      0.9776    0.003967    0.001786           0    0.002181
      0.9876    0.003951    0.001744           0    0.002207
      0.9976    0.003913    0.001682           0    0.002231
       1.008    0.003868    0.001614           0    0.002254
       1.018     0.00383    0.001554           0    0.002276
       1.028    0.003811    0.001512           0    0.002298
       1.038    0.003798     0.00148           0    0.002319
       1.048    0.003784     0.00145           0    0.002334
       1.058    0.003758    0.001425           0    0.002333
       1.068    0.003626    0.001388           0    0.002237
       1.078    0.002184    0.001347           0    0.000837
       1.088    0.002054    0.001295           0   0.0007591
       1.098    0.002009    0.001235           0   0.0007739
       1.108    0.001994    0.001184           0   0.0008108
       1.118    0.001997    0.001134           0   0.0008629
       1.128    0.002024    0.001092           0   0.0009328
       1.138    0.002093    0.001055           0    0.001039
       1.148     0.00227    0.001019           0    0.001251
       1.158    0.002409   0.0009825           0    0.001426
       1.168    0.002555   0.0009445           0    0.001611
       1.178    0.002843   0.0009053           0    0.001938
       1.188    0.003231   0.0008619           0    0.002369
       1.198    0.003604   0.0008325           0    0.002771
       1.208    0.004316   0.0008061           0     0.00351
       1.218    0.006905   0.0007851           0     0.00612
       1.228    0.008934    0.000763           0    0.008171
       1.238    0.009863   0.0007402           0    0.009123
       1.248     0.01078   0.0007176           0     0.01006
       1.258     0.01177   0.0006962           0     0.01107
       1.268     0.01273   0.0006747           0     0.01206
       1.278     0.01384   0.0006532           0     0.01318
       1.288     0.01553   0.0006327           0      0.0149
       1.298     0.01837   0.0006112           0     0.01775
       1.308     0.02324   0.0005896           0     0.02265
       1.318      0.0281   0.0005691           0     0.02753
       1.328     0.03204   0.0005478           0     0.03149
       1.338     0.03391   0.0005274           0     0.03338
       1.348     0.03345   0.0005072           0     0.03294
       1.358     0.03397   0.0004888           0     0.03348
       1.368     0.03536   0.0004715           0     0.03489
       1.378     0.03576   0.0004562           0      0.0353
       1.388     0.03577   0.0004406           0     0.03533
       1.398     0.03566   0.0004267           0     0.03524
       1.408     0.03529   0.0004134           0     0.03488
       1.418     0.03436   0.0004001           0     0.03396
       1.428     0.03232   0.0003874           0     0.03193
       1.438     0.02815   0.0003744           0     0.02778
       1.448     0.02402    0.000361           0     0.02366
       1.458     0.02107   0.0003473           0     0.02072
       1.468     0.02054   0.0003336           0      0.0202
       1.478     0.02523   0.0003201           0     0.02491
       1.488     0.02684   0.0003063           0     0.02653
       1.498     0.02737   0.0002922           0     0.02708
       1.508     0.02943   0.0002774           0     0.02916
       1.518     0.03157    0.000263           0     0.03131
       1.528     0.03504   0.0002483           0     0.03479
       1.538     0.03728   0.0002335           0     0.03705
       1.548      0.0389   0.0002187           0     0.03869
       1.558     0.04072   0.0002043           0     0.04052
       1.568     0.04202   0.0001908           0     0.04183
       1.578     0.04325   0.0001784           0     0.04307
       1.588     0.04408   0.0001668           0     0.04391
       1.598     0.04423   0.0001561           0     0.04408
       1.608     0.03972   0.0001461           0     0.03958
       1.618     0.03803    0.000137           0     0.03789
       1.628     0.03787   0.0001287           0     0.03774
       1.638     0.03757    0.000121           0     0.03745
       1.648     0.03818    0.000114           0     0.03807
       1.658     0.03784   0.0001076           0     0.03773
       1.668     0.03895   0.0001017           0     0.03885
       1.678     0.04029   9.645e-05           0     0.04019
       1.688     0.04127   9.166e-05           0     0.04118
       1.698      0.0428   8.732e-05           0     0.04271
       1.708     0.04447   8.339e-05           0     0.04439
       1.718     0.04629   7.982e-05           0     0.04621
       1.728      0.0482   7.658e-05           0     0.04812
       1.738     0.05012   7.361e-05           0     0.05004
       1.748     0.05203   7.088e-05           0     0.05196
       1.758     0.05387   6.836e-05           0      0.0538
       1.768     0.05551     6.6e-05           0     0.05545
       1.778     0.05668   6.379e-05           0     0.05662
       1.788     0.05782   6.168e-05           0     0.05775
       1.798     0.05904   5.966e-05           0     0.05898
       1.808     0.06096   5.771e-05           0      0.0609
       1.818     0.06338   5.581e-05           0     0.06332
       1.828     0.06612   5.394e-05           0     0.06607
       1.838     0.06914   5.211e-05           0     0.06909
       1.848     0.07272    5.03e-05           0     0.07267
       1.858     0.07683   4.851e-05           0     0.07678
       1.868     0.08152   4.674e-05           0     0.08147
       1.878     0.08687   4.499e-05           0     0.08683
       1.888     0.09296   4.327e-05           0     0.09291
       1.898     0.09985   4.158e-05           0     0.09981
       1.908      0.1076   3.991e-05           0      0.1076
       1.918      0.1164   3.827e-05           0      0.1164
       1.928      0.1262   3.667e-05           0      0.1261
       1.938       0.137   3.509e-05           0      0.1369
       1.948      0.1488   3.355e-05           0      0.1488
       1.958      0.1617   3.205e-05           0      0.1617
       1.968      0.1757   3.058e-05           0      0.1756
       1.978      0.1906   2.916e-05           0      0.1905
       1.988      0.2064   2.777e-05           0      0.2063
       1.998       0.223   2.643e-05           0      0.2229
       2.008      0.2403   2.513e-05           0      0.2403
       2.018      0.2584   2.387e-05           0      0.2583
       2.028       0.277   2.267e-05           0      0.2769
       2.038      0.2961   2.151e-05           0       0.296
       2.048      0.3156    2.04e-05           0      0.3156
       2.058      0.3355   1.934e-05           0      0.3355
       2.068      0.3558   1.834e-05           0      0.3558
       2.078      0.3764   1.739e-05           0      0.3764
       2.088      0.3975   1.648e-05           0      0.3974
       2.098      0.4188   1.563e-05           0      0.4188
       2.108      0.4407   1.483e-05           0      0.4407
       2.118       0.463   1.408e-05           0      0.4629
       2.128      0.4857   1.338e-05           0      0.4857
       2.138       0.509   1.273e-05           0       0.509
       2.148      0.5329   1.211e-05           0      0.5329
       2.158      0.5573   1.154e-05           0      0.5573
       2.168      0.5822   1.101e-05           0      0.5822
       2.178      0.6076   1.051e-05           0      0.6076
       2.188      0.6335   1.005e-05           0      0.6335
       2.198      0.6598   9.611e-06           0      0.6598
       2.208      0.6864     9.2e-06           0      0.6864
       2.218      0.7133   8.814e-06           0      0.7133
       2.228      0.7402   8.447e-06           0      0.7402
       2.238      0.7672   8.099e-06           0      0.7671
       2.248       0.794   7.766e-06           0       0.794
       2.258      0.8206   7.447e-06           0      0.8206
       2.268      0.8467    7.14e-06           0      0.8467
       2.278      0.8723   6.844e-06           0      0.8723
       2.288      0.8972   6.558e-06           0      0.8972
       2.298      0.9213    6.28e-06           0      0.9213
       2.308      0.9443   6.011e-06           0      0.9443
       2.318      0.9662   5.749e-06           0      0.9662
       2.328      0.9869   5.496e-06           0      0.9869
       2.338       1.006   5.251e-06           0       1.006
       2.348       1.024   5.014e-06           0       1.024
       2.358        1.04   4.786e-06           0        1.04
       2.368       1.054   4.566e-06           0       1.054
       2.378       1.067   4.357e-06           0       1.067
       2.388       1.078   4.156e-06           0       1.078
       2.398       1.086   3.964e-06           0       1.086
       2.408       1.093   3.782e-06           0       1.093
       2.418       1.098   3.608e-06           0       1.098
       2.428       1.101   3.444e-06           0       1.101
       2.438       1.102   3.287e-06           0       1.102
       2.448       1.101   3.138e-06           0       1.101
       2.458       1.098   2.996e-06           0       1.098
       2.468       1.093   2.862e-06           0       1.093
       2.478       1.087   2.734e-06           0       1.087
       2.488       1.079   2.611e-06           0       1.079
       2.498       1.069   2.494e-06           0       1.069
       2.508       1.058   2.383e-06           0       1.058
       2.518       1.046   2.276e-06           0       1.046
       2.528       1.033   2.174e-06           0       1.033
       2.538       1.018   2.076e-06           0       1.018
       2.548       1.004   1.982e-06           0       1.004
       2.558      0.9884   1.893e-06           0      0.9884
       2.568      0.9724   1.807e-06           0      0.9724
       2.578      0.9553   1.725e-06           0      0.9553
       2.588      0.9366   1.647e-06           0      0.9366
       2.598      0.9164   1.573e-06           0      0.9164
       2.608      0.8948   1.502e-06           0      0.8948
       2.618      0.8719   1.434e-06           0      0.8719
       2.628      0.8477    1.37e-06           0      0.8477
       2.638      0.8226   1.308e-06           0      0.8226
       2.648      0.7964   1.248e-06           0      0.7964
       2.658      0.7694    1.19e-06           0      0.7694
       2.668      0.7415   1.134e-06           0      0.7415
       2.678      0.7127    1.08e-06           0      0.7127
       2.688      0.6833   1.027e-06           0      0.6833
       2.698      0.6535   9.751e-07           0      0.6535
       2.708      0.6239   9.238e-07           0      0.6239
       2.718      0.5951   8.731e-07           0      0.5951
       2.728      0.5673   8.226e-07           0      0.5673
       2.738      0.5404   7.724e-07           0      0.5404
       2.748      0.5145   7.222e-07           0      0.5145
       2.758      0.4896    6.72e-07           0      0.4896
       2.768      0.4655   6.218e-07           0      0.4655
       2.778      0.4422   5.716e-07           0      0.4422
       2.788      0.4198   5.213e-07           0      0.4198
       2.798      0.3982   4.711e-07           0      0.3982
       2.808      0.3774   4.209e-07           0      0.3774
       2.818      0.3573   3.706e-07           0      0.3573
       2.828      0.3379   3.204e-07           0      0.3379
       2.838      0.3193   2.701e-07           0      0.3193
       2.848      0.3013   2.198e-07           0      0.3013
       2.858       0.284   1.695e-07           0       0.284
       2.868      0.2674   1.192e-07           0      0.2674
       2.878      0.2515   6.895e-08           0      0.2515
       2.888      0.2363   1.864e-08           0      0.2363
       2.898      0.2217  -3.167e-08           0      0.2217
       2.908      0.2078  -8.199e-08           0      0.2078
       2.918      0.1946  -1.323e-07           0      0.1946
       2.928       0.182  -1.826e-07           0       0.182
       2.938      0.1701   -2.33e-07           0      0.1701
       2.948      0.1587  -2.833e-07           0      0.1587
       2.958       0.148  -3.337e-07           0       0.148
       2.968       0.138   -3.84e-07           0       0.138
       2.978      0.1286  -4.344e-07           0      0.1286
       2.988      0.1198  -4.847e-07           0      0.1198
       2.998      0.1116  -5.351e-07           0      0.1116
       3.008      0.1039  -5.855e-07           0      0.1039
       3.018     0.09673  -6.359e-07           0     0.09673
       3.028     0.09001  -6.862e-07           0     0.09001
       3.038     0.08373  -7.366e-07           0     0.08373
       3.048     0.07787   -7.87e-07           0     0.07787
       3.058      0.0724  -8.374e-07           0      0.0724
       3.068      0.0673  -8.878e-07           0     0.06731
       3.078     0.06256  -9.382e-07           0     0.06256
       3.088     0.05813  -9.886e-07           0     0.05814
       3.098     0.05401  -1.039e-06           0     0.05401
       3.108     0.05017  -1.089e-06           0     0.05017
       3.118      0.0466   -1.14e-06           0      0.0466
       3.128     0.04328   -1.19e-06           0     0.04328
       3.138     0.04019  -1.241e-06           0     0.04019
       3.148     0.03731  -1.291e-06           0     0.03732
       3.158     0.03464  -1.342e-06           0     0.03465
       3.168     0.03216  -1.392e-06           0     0.03216
       3.178     0.02985  -1.442e-06           0     0.02986
       3.188     0.02771  -1.493e-06           0     0.02771
       3.198     0.02572  -1.543e-06           0     0.02572
       3.208     0.02387  -1.594e-06           0     0.02388
       3.218     0.02216  -1.644e-06           0     0.02216
       3.228     0.02056  -1.695e-06           0     0.02057
       3.238     0.01909  -1.745e-06           0     0.01909
       3.248     0.01771  -1.795e-06           0     0.01772
       3.258     0.01644  -1.846e-06           0     0.01644
       3.268     0.01526  -1.896e-06           0     0.01526
       3.278     0.01416  -1.947e-06           0     0.01416
       3.288     0.01315  -1.997e-06           0     0.01315
       3.298      0.0122  -2.048e-06           0      0.0122
       3.308     0.01133  -2.098e-06           0     0.01133
       3.318     0.01052  -2.149e-06           0     0.01052
       3.328    0.009763  -2.199e-06           0    0.009765
       3.338    0.009064   -2.25e-06           0    0.009066
       3.348    0.008416    -2.3e-06           0    0.008418
       3.358    0.007815   -2.35e-06           0    0.007817
       3.368    0.007257  -2.401e-06           0    0.007259
       3.378     0.00674  -2.451e-06           0    0.006742
       3.388    0.006259  -2.502e-06           0    0.006261
       3.398    0.005813  -2.552e-06           0    0.005815
       3.408    0.005398  -2.603e-06           0    0.005401
       3.418    0.005014  -2.653e-06           0    0.005017
       3.428    0.004657  -2.704e-06           0     0.00466
       3.438    0.004327  -2.754e-06           0    0.004329
       3.448    0.004019  -2.805e-06           0    0.004022
       3.458    0.003734  -2.855e-06           0    0.003737
       3.468     0.00347  -2.906e-06           0    0.003473
       3.478    0.003225  -2.956e-06           0    0.003227
       3.488    0.002997  -3.007e-06           0       0.003
       3.498    0.002787  -3.057e-06           0     0.00279
       3.508    0.002591  -3.108e-06           0    0.002594
       3.518    0.002411  -3.158e-06           0    0.002414
       3.528    0.002244  -3.208e-06           0    0.002247
       3.538    0.002089  -3.259e-06           0    0.002092
       3.548    0.001946  -3.309e-06           0    0.001949
       3.558    0.001813   -3.36e-06           0    0.001817
       3.568    0.001691   -3.41e-06           0    0.001694
       3.578    0.001578  -3.461e-06           0    0.001581
       3.588    0.001473  -3.511e-06           0    0.001476
       3.598    0.001376  -3.562e-06           0     0.00138
       3.608    0.001287  -3.612e-06           0    0.001291
       3.618    0.001205  -3.663e-06           0    0.001209
       3.628    0.001129  -3.713e-06           0    0.001133
       3.638    0.001059  -3.764e-06           0    0.001063
       3.648   0.0009941  -3.814e-06           0   0.0009979
       3.658   0.0009344  -3.865e-06           0   0.0009383
       3.668   0.0008796  -3.915e-06           0   0.0008835
       3.678   0.0008291  -3.966e-06           0    0.000833
       3.688   0.0007826  -4.016e-06           0   0.0007866
       3.698   0.0007399  -4.067e-06           0   0.0007439
       3.708   0.0007006  -4.117e-06           0   0.0007047
       3.718   0.0006646  -4.168e-06           0   0.0006687
       3.728   0.0006315  -4.218e-06           0   0.0006357
       3.738   0.0006011  -4.268e-06           0   0.0006054
       3.748   0.0005733  -4.319e-06           0   0.0005776
       3.758   0.0005479  -4.369e-06           0   0.0005522
       3.768   0.0005247   -4.42e-06           0   0.0005291
       3.778   0.0005036   -4.47e-06           0    0.000508
       3.788   0.0004843  -4.521e-06           0   0.0004889
       3.798   0.0004668  -4.571e-06           0   0.0004714
       3.808    0.000451  -4.622e-06           0   0.0004557
       3.818   0.0004367  -4.672e-06           0   0.0004414
       3.828   0.0004238  -4.723e-06           0   0.0004285
       3.838   0.0004122  -4.773e-06           0    0.000417
       3.848   0.0004019  -4.824e-06           0   0.0004067
       3.858   0.0003927  -4.874e-06           0   0.0003975
       3.868   0.0003845  -4.925e-06           0   0.0003894
       3.878   0.0003774  -4.975e-06           0   0.0003823
       3.888   0.0003711  -5.026e-06           0   0.0003761
       3.898   0.0003657  -5.076e-06           0   0.0003708
       3.908   0.0003612  -5.127e-06           0   0.0003663
       3.918   0.0003573  -5.177e-06           0   0.0003625
       3.928   0.0003542  -5.228e-06           0   0.0003595
       3.938   0.0003518  -5.278e-06           0    0.000357
       3.948   0.0003499  -5.329e-06           0   0.0003552
       3.958   0.0003487  -5.379e-06           0    0.000354
       3.968   0.0003479  -5.429e-06           0   0.0003534
       3.978   0.0003477   -5.48e-06           0   0.0003532
       3.988    0.000348   -5.53e-06           0   0.0003535
       3.998   0.0003487  -5.581e-06           0   0.0003543
       4.008   0.0003499  -5.631e-06           0   0.0003555
       4.018   0.0003515  -5.682e-06           0   0.0003571
       4.028   0.0003534  -5.732e-06           0   0.0003591
       4.038   0.0003557  -5.783e-06           0   0.0003615
       4.048   0.0003584  -5.833e-06           0   0.0003642
       4.058   0.0003614  -5.884e-06           0   0.0003673
       4.068   0.0003647  -5.934e-06           0   0.0003707
       4.078   0.0003684  -5.985e-06           0   0.0003744
       4.088   0.0003723  -6.035e-06           0   0.0003784
       4.098   0.0003765  -6.086e-06           0   0.0003826
       4.108    0.000381  -6.136e-06           0   0.0003872
       4.118   0.0003858  -6.187e-06           0    0.000392
       4.128   0.0003908  -6.237e-06           0    0.000397
       4.138   0.0003961  -6.288e-06           0   0.0004024
       4.148   0.0004016  -6.338e-06           0   0.0004079
       4.158   0.0004073  -6.389e-06           0   0.0004137
       4.168   0.0004133  -6.439e-06           0   0.0004197
       4.178   0.0004195  -6.489e-06           0    0.000426
       4.188   0.0004259   -6.54e-06           0   0.0004325
       4.198   0.0004326   -6.59e-06           0   0.0004392
       4.208   0.0004395  -6.641e-06           0   0.0004461
       4.218   0.0004465  -6.691e-06           0   0.0004532
       4.228   0.0004538  -6.742e-06           0   0.0004606
       4.238   0.0004613  -6.792e-06           0   0.0004681
       4.248   0.0004691  -6.843e-06           0   0.0004759
       4.258    0.000477  -6.893e-06           0   0.0004839
       4.268   0.0004851  -6.944e-06           0   0.0004921
       4.278   0.0004935  -6.994e-06           0   0.0005004
       4.288    0.000502  -7.045e-06           0    0.000509
       4.298   0.0005108  -7.095e-06           0   0.0005178
       4.308   0.0005197  -7.146e-06           0   0.0005269
       4.318   0.0005289  -7.196e-06           0   0.0005361
       4.328   0.0005383  -7.247e-06           0   0.0005455
       4.338   0.0005479  -7.297e-06           0   0.0005552
       4.348   0.0005577  -7.347e-06           0    0.000565
       4.358   0.0005677  -7.398e-06           0   0.0005751
       4.368   0.0005779  -7.448e-06           0   0.0005854
       4.378   0.0005884  -7.499e-06           0   0.0005959
       4.388   0.0005991  -7.549e-06           0   0.0006066
       4.398     0.00061    -7.6e-06           0   0.0006176
       4.408   0.0006211   -7.65e-06           0   0.0006287
       4.418   0.0006324  -7.701e-06           0   0.0006401
       4.428    0.000644  -7.751e-06           0   0.0006518
       4.438   0.0006558  -7.802e-06           0   0.0006636
       4.448   0.0006679  -7.852e-06           0   0.0006758
       4.458   0.0006802  -7.903e-06           0   0.0006881
       4.468   0.0006927  -7.953e-06           0   0.0007007
       4.478   0.0007055  -8.004e-06           0   0.0007135
       4.488   0.0007186  -8.054e-06           0   0.0007266
       4.498   0.0007318  -8.105e-06           0   0.0007399
       4.508   0.0007454  -8.155e-06           0   0.0007535
       4.518   0.0007592  -8.205e-06           0   0.0007674
       4.528   0.0007733  -8.256e-06           0   0.0007815
       4.538   0.0007876  -8.306e-06           0   0.0007959
       4.548   0.0008023  -8.357e-06           0   0.0008106
       4.558   0.0008172  -8.407e-06           0   0.0008256
       4.568   0.0008324  -8.458e-06           0   0.0008408
       4.578   0.0008478  -8.508e-06           0   0.0008563
       4.588   0.0008636  -8.559e-06           0   0.0008722
       4.598   0.0008797  -8.609e-06           0   0.0008883
       4.608   0.0008961   -8.66e-06           0   0.0009047
       4.618   0.0009128   -8.71e-06           0   0.0009215
       4.628   0.0009298  -8.761e-06           0   0.0009385
       4.638   0.0009471  -8.811e-06           0   0.0009559
       4.648   0.0009648  -8.862e-06           0   0.0009736
       4.658   0.0009828  -8.912e-06           0   0.0009917
       4.668    0.001001  -8.962e-06           0     0.00101
       4.678     0.00102  -9.013e-06           0    0.001029
       4.688    0.001039  -9.063e-06           0    0.001048
       4.698    0.001058  -9.114e-06           0    0.001067
       4.708    0.001078  -9.164e-06           0    0.001087
       4.718    0.001098  -9.215e-06           0    0.001107
       4.728    0.001119  -9.265e-06           0    0.001128
       4.738    0.001139  -9.316e-06           0    0.001149
       4.748    0.001161  -9.366e-06           0     0.00117
       4.758    0.001182  -9.417e-06           0    0.001192
       4.768    0.001204  -9.467e-06           0    0.001214
       4.778    0.001227  -9.518e-06           0    0.001236
       4.788     0.00125  -9.568e-06           0    0.001259
       4.798    0.001273  -9.619e-06           0    0.001283
       4.808    0.001297  -9.669e-06           0    0.001307
       4.818    0.001321  -9.719e-06           0    0.001331
       4.828    0.001346   -9.77e-06           0    0.001356
       4.838    0.001371   -9.82e-06           0    0.001381
       4.848    0.001397  -9.871e-06           0    0.001407
       4.858    0.001423  -9.921e-06           0    0.001433
       4.868    0.001449  -9.972e-06           0    0.001459
       4.878    0.001476  -1.002e-05           0    0.001486
       4.888    0.001504  -1.007e-05           0    0.001514
       4.898    0.001532  -1.012e-05           0    0.001542
       4.908    0.001561  -1.017e-05           0    0.001571
       4.918     0.00159  -1.022e-05           0      0.0016
       4.928    0.001619  -1.027e-05           0     0.00163
       4.938     0.00165  -1.033e-05           0     0.00166
       4.948     0.00168  -1.038e-05           0    0.001691
       4.958    0.001712  -1.043e-05           0    0.001722
       4.968    0.001744  -1.048e-05           0    0.001754
       4.978    0.001776  -1.053e-05           0    0.001787
       4.988     0.00181  -1.058e-05           0     0.00182
       4.998    0.001843  -1.063e-05           0    0.001854
       5.008    0.001878  -1.068e-05           0    0.001888
       5.018    0.001913  -1.073e-05           0    0.001924
       5.028    0.001949  -1.078e-05           0    0.001959
       5.038    0.001985  -1.083e-05           0    0.001996
       5.048    0.002022  -1.088e-05           0    0.002033
       5.058     0.00206  -1.093e-05           0    0.002071
       5.068    0.002098  -1.098e-05           0    0.002109
       5.078    0.002137  -1.103e-05           0    0.002148
       5.088    0.002177  -1.108e-05           0    0.002188
       5.098    0.002218  -1.113e-05           0    0.002229
       5.108    0.002259  -1.118e-05           0     0.00227
       5.118    0.002301  -1.123e-05           0    0.002313
       5.128    0.002344  -1.128e-05           0    0.002356
       5.138    0.002388  -1.133e-05           0    0.002399
       5.148    0.002433  -1.138e-05           0    0.002444
       5.158    0.002478  -1.144e-05           0    0.002489
       5.168    0.002524  -1.149e-05           0    0.002536
       5.178    0.002571  -1.154e-05           0    0.002583
       5.188    0.002619  -1.159e-05           0    0.002631
       5.198    0.002668  -1.164e-05           0     0.00268
       5.208    0.002718  -1.169e-05           0     0.00273
       5.218    0.002769  -1.174e-05           0     0.00278
       5.228     0.00282  -1.179e-05           0    0.002832
       5.238    0.002873  -1.184e-05           0    0.002885
       5.248    0.002926  -1.189e-05           0    0.002938
       5.258    0.002981  -1.194e-05           0    0.002993
       5.268    0.003037  -1.199e-05           0    0.003049
       5.278    0.003093  -1.204e-05           0    0.003105
       5.288    0.003151  -1.209e-05           0    0.003163
       5.298     0.00321  -1.214e-05           0    0.003222
       5.308    0.003269  -1.219e-05           0    0.003282
       5.318     0.00333  -1.224e-05           0    0.003343
       5.328    0.003392  -1.229e-05           0    0.003405
       5.338    0.003456  -1.234e-05           0    0.003468
       5.348     0.00352  -1.239e-05           0    0.003533
       5.358    0.003586  -1.244e-05           0    0.003598
       5.368    0.003653  -1.249e-05           0    0.003665
       5.378    0.003721  -1.255e-05           0    0.003733
       5.388     0.00379   -1.26e-05           0    0.003803
       5.398    0.003861  -1.265e-05           0    0.003873
       5.408    0.003933   -1.27e-05           0    0.003945
       5.418    0.004006  -1.275e-05           0    0.004019
       5.428    0.004081   -1.28e-05           0    0.004093
       5.438    0.004157  -1.285e-05           0     0.00417
       5.448    0.004234   -1.29e-05           0    0.004247
       5.458    0.004313  -1.295e-05           0    0.004326
       5.468    0.004393    -1.3e-05           0    0.004406
       5.478    0.004475  -1.305e-05           0    0.004488
       5.488    0.004559   -1.31e-05           0    0.004572
       5.498    0.004644  -1.315e-05           0    0.004657
       5.508     0.00473   -1.32e-05           0    0.004743
       5.518    0.004818  -1.325e-05           0    0.004832
       5.528    0.004908   -1.33e-05           0    0.004921
       5.538       0.005  -1.335e-05           0    0.005013
       5.548    0.005093   -1.34e-05           0    0.005106
       5.558    0.005188  -1.345e-05           0    0.005201
       5.568    0.005284   -1.35e-05           0    0.005298
       5.578    0.005383  -1.355e-05           0    0.005396
       5.588    0.005483  -1.361e-05           0    0.005497
       5.598    0.005585  -1.366e-05           0    0.005599
       5.608    0.005689  -1.371e-05           0    0.005703
       5.618    0.005795  -1.376e-05           0    0.005809
       5.628    0.005903  -1.381e-05           0    0.005917
       5.638    0.006013  -1.386e-05           0    0.006027
       5.648    0.006125  -1.391e-05           0    0.006139
       5.658    0.006239  -1.396e-05           0    0.006253
       5.668    0.006355  -1.401e-05           0    0.006369
       5.678    0.006474  -1.406e-05           0    0.006488
       5.688    0.006594  -1.411e-05           0    0.006608
       5.698    0.006717  -1.416e-05           0    0.006731
       5.708    0.006842  -1.421e-05           0    0.006856
       5.718    0.006969  -1.426e-05           0    0.006984
       5.728    0.007099  -1.431e-05           0    0.007114
       5.738    0.007231  -1.436e-05           0    0.007246
       5.748    0.007366  -1.441e-05           0    0.007381
       5.758    0.007503  -1.446e-05           0    0.007518
       5.768    0.007643  -1.451e-05           0    0.007657
       5.778    0.007785  -1.456e-05           0      0.0078
       5.788     0.00793  -1.461e-05           0    0.007945
       5.798    0.008078  -1.466e-05           0    0.008093
       5.808    0.008228  -1.472e-05           0    0.008243
       5.818    0.008382  -1.477e-05           0    0.008396
       5.828    0.008538  -1.482e-05           0    0.008552
       5.838    0.008697  -1.487e-05           0    0.008711
       5.848    0.008858  -1.492e-05           0    0.008873
       5.858    0.009023  -1.497e-05           0    0.009038
       5.868    0.009191  -1.502e-05           0    0.009206
       5.878    0.009362  -1.507e-05           0    0.009377
       5.888    0.009537  -1.512e-05           0    0.009552
       5.898    0.009714  -1.517e-05           0    0.009729
       5.908    0.009895  -1.522e-05           0     0.00991
       5.918     0.01008  -1.527e-05           0     0.01009
       5.928     0.01027  -1.532e-05           0     0.01028
       5.938     0.01046  -1.537e-05           0     0.01047
       5.948     0.01065  -1.542e-05           0     0.01067
       5.958     0.01085  -1.547e-05           0     0.01087
       5.968     0.01105  -1.552e-05           0     0.01107
       5.978     0.01126  -1.557e-05           0     0.01127
       5.988     0.01147  -1.562e-05           0     0.01148
       5.998     0.01168  -1.567e-05           0      0.0117
       6.008      0.0119  -1.572e-05           0     0.01191
       6.018     0.01212  -1.577e-05           0     0.01214
       6.028     0.01235  -1.583e-05           0     0.01236
       6.038     0.01258  -1.588e-05           0     0.01259
       6.048     0.01281  -1.593e-05           0     0.01283
       6.058     0.01305  -1.598e-05           0     0.01306
       6.068     0.01329  -1.603e-05           0     0.01331
       6.078     0.01354  -1.608e-05           0     0.01355
