#      _xxWS        ftot       firac        fagn        fsfr
#
     -0.8276     0.03046    0.007913   7.406e-14     0.02254
     -0.8176     0.02613    0.008275   7.406e-14     0.01785
     -0.8076     0.02198    0.008817   7.406e-14     0.01317
     -0.7976     0.01789    0.009414   7.406e-14    0.008479
     -0.7876     0.01391     0.01012   7.406e-14    0.003792
     -0.7776     0.01088     0.01088   7.406e-14  -1.628e-09
     -0.7676      0.0113      0.0113   7.406e-14  -1.658e-09
     -0.7576     0.01173     0.01173   7.406e-14  -1.689e-09
     -0.7476     0.01166     0.01166   7.406e-14   -1.72e-09
     -0.7376      0.0118      0.0118   7.406e-14  -1.752e-09
     -0.7276     0.01183     0.01183   7.406e-14  -1.785e-09
     -0.7176      0.0119      0.0119   7.406e-14  -1.818e-09
     -0.7076     0.01174     0.01174   7.406e-14  -1.852e-09
     -0.6976     0.01201     0.01201   7.406e-14  -1.886e-09
     -0.6876     0.01221     0.01221   7.406e-14  -1.921e-09
     -0.6776     0.01229     0.01229   7.406e-14  -1.957e-09
     -0.6676     0.01233     0.01233   7.406e-14  -1.993e-09
     -0.6576     0.01225     0.01225   7.406e-14   -2.03e-09
     -0.6476      0.0121      0.0121   7.406e-14  -2.068e-09
     -0.6376     0.01195     0.01195   7.406e-14  -2.106e-09
     -0.6276     0.01183     0.01183   7.406e-14  -2.146e-09
     -0.6176     0.01182     0.01182   7.406e-14  -2.185e-09
     -0.6076     0.01171     0.01171   7.406e-14  -2.226e-09
     -0.5976     0.01166     0.01166   7.406e-14  -2.267e-09
     -0.5876     0.01173     0.01173   7.406e-14   -2.31e-09
     -0.5776     0.01195     0.01195   7.406e-14  -2.353e-09
     -0.5676     0.01197     0.01197   7.406e-14  -2.396e-09
     -0.5576     0.01202     0.01202   7.406e-14  -2.441e-09
     -0.5476       0.012       0.012   7.406e-14  -2.486e-09
     -0.5376     0.01195     0.01195   7.406e-14  -2.532e-09
     -0.5276     0.01184     0.01184   7.406e-14   -2.58e-09
     -0.5176     0.01175     0.01175   7.406e-14  -2.627e-09
     -0.5076     0.01167     0.01167   7.406e-14  -2.676e-09
     -0.4976     0.01158     0.01158   7.406e-14  -2.726e-09
     -0.4876     0.01151     0.01151   7.406e-14  -2.777e-09
     -0.4776     0.01145     0.01145   7.406e-14  -2.828e-09
     -0.4676     0.01138     0.01138   7.406e-14  -2.881e-09
     -0.4576     0.01126     0.01126   7.406e-14  -2.935e-09
     -0.4476     0.01116     0.01116   7.406e-14  -2.989e-09
     -0.4376     0.01109     0.01109   7.406e-14  -3.045e-09
     -0.4276     0.01101     0.01101   7.406e-14  -3.101e-09
     -0.4176     0.01094     0.01094   7.406e-14  -3.159e-09
     -0.4076     0.01089     0.01089   7.406e-14  -3.218e-09
     -0.3976     0.01091     0.01091   7.406e-14  -3.277e-09
     -0.3876     0.01091     0.01091   7.406e-14  -3.338e-09
     -0.3776      0.0109      0.0109   7.406e-14    -3.4e-09
     -0.3676     0.01093     0.01093   7.406e-14  -3.464e-09
     -0.3576     0.01092     0.01092   7.406e-14  -3.528e-09
     -0.3476     0.01092     0.01092   7.406e-14  -3.594e-09
     -0.3376     0.01091     0.01091   7.406e-14  -3.661e-09
     -0.3276     0.01095     0.01095   7.406e-14  -3.729e-09
     -0.3176     0.01132     0.01132   7.406e-14  -3.798e-09
     -0.3076      0.0115      0.0115   7.406e-14  -3.868e-09
     -0.2976     0.01182     0.01182   7.406e-14   -3.94e-09
     -0.2876     0.01242     0.01242   7.406e-14  -4.014e-09
     -0.2776     0.01308     0.01308   7.406e-14  -4.088e-09
     -0.2676     0.01371     0.01371   7.406e-14  -4.164e-09
     -0.2576     0.01429     0.01429   7.406e-14  -4.242e-09
     -0.2476     0.01497     0.01497   7.406e-14  -4.321e-09
     -0.2376     0.01573     0.01573   7.406e-14  -4.401e-09
     -0.2276     0.01646     0.01646   7.406e-14  -4.483e-09
     -0.2176     0.01719     0.01719   7.406e-14  -4.566e-09
     -0.2076     0.01791     0.01791   7.406e-14  -4.651e-09
     -0.1976     0.01852     0.01852   7.406e-14  -4.737e-09
     -0.1876     0.01879     0.01879   7.406e-14  -4.825e-09
     -0.1776      0.0193      0.0193   7.406e-14  -4.915e-09
     -0.1676     0.01967     0.01967   7.406e-14  -5.007e-09
     -0.1576     0.01973     0.01973   7.406e-14    -5.1e-09
     -0.1476     0.01977     0.01977   7.406e-14  -5.194e-09
     -0.1376     0.01985     0.01985   7.406e-14  -5.291e-09
     -0.1276     0.01994     0.01994   7.406e-14  -5.389e-09
     -0.1176     0.01999     0.01999   7.406e-14   -5.49e-09
     -0.1076     0.01994     0.01994   7.406e-14  -5.592e-09
    -0.09758     0.01993     0.01993   7.406e-14  -5.696e-09
    -0.08758     0.01995     0.01995   7.406e-14  -5.802e-09
    -0.07758     0.02001     0.02001   7.406e-14  -5.909e-09
    -0.06758     0.02014     0.02014   7.406e-14  -6.019e-09
    -0.05758     0.02027     0.02027   7.406e-14  -6.131e-09
    -0.04758     0.02034     0.02034   7.406e-14  -6.245e-09
    -0.03758      0.0204      0.0204   7.406e-14  -6.361e-09
    -0.02758     0.02053     0.02053   7.406e-14  -6.479e-09
    -0.01758     0.02068     0.02068   7.406e-14    -6.6e-09
   -0.007585     0.02078     0.02078   7.406e-14  -6.723e-09
    0.002415      0.0209      0.0209   7.406e-14  -6.848e-09
     0.01242     0.02101     0.02101   7.406e-14  -6.975e-09
     0.02242     0.02115     0.02115   7.406e-14  -7.105e-09
     0.03242     0.02123     0.02123   7.406e-14  -7.237e-09
     0.04242     0.02147     0.02147   7.406e-14  -7.371e-09
     0.05242     0.02171     0.02171   7.406e-14  -7.508e-09
     0.06242     0.02198     0.02198   7.406e-14  -7.648e-09
     0.07242     0.02222     0.02222   7.406e-14   -7.79e-09
     0.08242     0.02235     0.02235   7.406e-14  -7.935e-09
     0.09242     0.02263     0.02263   7.406e-14  -8.082e-09
      0.1024     0.02291     0.02291   7.406e-14  -8.233e-09
      0.1124     0.02312     0.02312   7.406e-14  -8.386e-09
      0.1224     0.02336     0.02336   7.406e-14  -8.542e-09
      0.1324     0.02363     0.02363   7.406e-14    -8.7e-09
      0.1424     0.02375     0.02375   7.406e-14  -8.862e-09
      0.1524     0.02396     0.02396   7.406e-14   3.676e-06
      0.1624      0.0242     0.02419   7.406e-14   9.742e-06
      0.1724     0.02425     0.02424   7.406e-14   1.534e-05
      0.1824      0.0243     0.02428   7.406e-14   2.077e-05
      0.1924     0.02431     0.02429   7.406e-14   2.639e-05
      0.2024     0.02434     0.02431   7.406e-14   3.219e-05
      0.2124     0.02449     0.02445   7.406e-14   3.735e-05
      0.2224     0.02452     0.02448   7.406e-14    4.13e-05
      0.2324     0.02456     0.02452   7.406e-14   4.406e-05
      0.2424     0.02463     0.02458   7.406e-14   4.551e-05
      0.2524     0.02457     0.02453   7.406e-14   4.481e-05
      0.2624     0.02457     0.02452   7.406e-14   4.478e-05
      0.2724     0.02467     0.02463   7.406e-14   4.595e-05
      0.2824     0.02473     0.02469   7.406e-14   4.759e-05
      0.2924     0.02489     0.02484   7.406e-14   4.935e-05
      0.3024     0.02499     0.02494   7.406e-14   5.099e-05
      0.3124     0.02511     0.02506   7.406e-14   5.222e-05
      0.3224     0.02527     0.02522   7.406e-14   5.268e-05
      0.3324     0.02552     0.02547   7.406e-14   5.241e-05
      0.3424     0.02572     0.02567   7.406e-14   5.221e-05
      0.3524     0.02587     0.02582   7.406e-14   5.262e-05
      0.3624     0.02585     0.02579   7.406e-14   5.354e-05
      0.3724     0.02579     0.02573   7.406e-14   5.465e-05
      0.3824      0.0259     0.02584   7.406e-14   5.585e-05
      0.3924     0.02579     0.02573   7.406e-14    5.75e-05
      0.4024     0.02571     0.02565   7.406e-14   5.971e-05
      0.4124      0.0255     0.02544   7.406e-14   6.236e-05
      0.4224     0.02522     0.02516   7.406e-14   6.536e-05
      0.4324     0.02492     0.02485   7.406e-14   6.863e-05
      0.4424     0.02448      0.0244   7.406e-14   7.214e-05
      0.4524     0.02398     0.02391   7.406e-14    7.59e-05
      0.4624     0.02323     0.02315   7.406e-14   7.989e-05
      0.4724     0.02255     0.02247   7.406e-14   8.415e-05
      0.4824     0.02187     0.02178   7.406e-14   8.871e-05
      0.4924     0.02106     0.02097   7.406e-14   9.369e-05
      0.5024     0.02015     0.02005   7.406e-14   9.923e-05
      0.5124     0.01926     0.01915   7.406e-14   0.0001053
      0.5224     0.01861      0.0185   7.406e-14   0.0001116
      0.5324     0.01791     0.01779   7.406e-14   0.0001178
      0.5424     0.01736     0.01724   7.406e-14   0.0001242
      0.5524     0.01679     0.01666   7.406e-14   0.0001309
      0.5624      0.0163     0.01607   9.212e-05   0.0001382
      0.5724     0.01569     0.01545   9.306e-05   0.0001464
      0.5824     0.01504     0.01479   9.423e-05   0.0001561
      0.5924     0.01454     0.01428   9.572e-05   0.0001693
      0.6024       0.014     0.01371   9.762e-05    0.000193
      0.6124     0.01352     0.01315   9.999e-05   0.0002662
      0.6224     0.01395     0.01283   0.0001029    0.001013
      0.6324     0.01386     0.01267   0.0001065    0.001081
      0.6424     0.01368     0.01246   0.0001109    0.001105
      0.6524     0.01336     0.01212    0.000116    0.001121
      0.6624     0.01303     0.01177   0.0001221    0.001135
      0.6724     0.01256     0.01129   0.0001291    0.001147
      0.6824     0.01207     0.01077   0.0001372    0.001158
      0.6924     0.01164     0.01032   0.0001465    0.001169
      0.7024     0.01133    0.009996    0.000157     0.00118
      0.7124     0.01109    0.009732   0.0001689    0.001191
      0.7224     0.01087    0.009491   0.0001821    0.001198
      0.7324     0.01068    0.009285   0.0001968    0.001197
      0.7424     0.01036    0.009003   0.0002131    0.001147
      0.7524    0.009355    0.008698   0.0002311   0.0004261
      0.7624    0.008958    0.008322   0.0002508   0.0003852
      0.7724    0.008571    0.007906   0.0002723   0.0003919
      0.7824     0.00825    0.007545   0.0002955   0.0004099
      0.7924    0.007956      0.0072   0.0003204   0.0004355
      0.8024     0.00772    0.006903   0.0003469   0.0004701
      0.8124     0.00754    0.006642   0.0003749   0.0005229
      0.8224    0.007429    0.006395    0.000404   0.0006301
      0.8324    0.007295    0.006142   0.0004341   0.0007183
      0.8424    0.007158    0.005883   0.0004648   0.0008107
      0.8524    0.007091    0.005619   0.0004958   0.0009761
      0.8624    0.007052    0.005331   0.0005267    0.001194
      0.8724    0.007086    0.005132   0.0005571    0.001398
      0.8824    0.007311    0.004952   0.0005863    0.001772
      0.8924    0.008527    0.004808   0.0006151    0.003104
      0.9024    0.009451    0.004658   0.0006441    0.004149
      0.9124     0.00981    0.004505   0.0006737    0.004631
      0.9224     0.01017    0.004354    0.000703    0.005108
      0.9324     0.01056    0.004212   0.0007329    0.005618
      0.9424     0.01095     0.00407   0.0007626    0.006119
      0.9524     0.01141    0.003929   0.0007928    0.006688
      0.9624     0.01218    0.003795    0.000823    0.007559
      0.9724     0.01352    0.003656   0.0008529    0.009009
      0.9824      0.0159    0.003518   0.0008817      0.0115
      0.9924     0.01828    0.003387   0.0009092     0.01398
       1.002     0.02018    0.003252   0.0009353     0.01599
       1.012     0.02103    0.003124   0.0009588     0.01695
       1.022     0.02069    0.002996   0.0009779     0.01671
       1.032     0.02085    0.002881   0.0009926     0.01698
       1.042     0.02147    0.002773    0.001003     0.01769
       1.052     0.02157    0.002677    0.001008     0.01789
       1.062     0.02148     0.00258    0.001008     0.01789
       1.072     0.02133    0.002493    0.001005     0.01783
       1.082     0.02104     0.00241    0.001002     0.01763
       1.092     0.02048    0.002328    0.001002     0.01715
       1.102     0.01936    0.002249    0.001006      0.0161
       1.112     0.01715     0.00217    0.001016     0.01396
       1.122     0.01497    0.002088    0.001035     0.01185
       1.132      0.0134    0.002005    0.001063     0.01034
       1.142     0.01308    0.001923      0.0011     0.01006
       1.152     0.01544    0.001841     0.00115     0.01245
       1.162     0.01623    0.001759    0.001211     0.01326
       1.172     0.01648    0.001675    0.001282     0.01353
       1.182     0.01753    0.001588    0.001367     0.01457
       1.192     0.01862    0.001503    0.001464     0.01565
       1.202      0.0204    0.001416    0.001571     0.01741
       1.212     0.02157     0.00133    0.001687     0.01855
       1.222     0.02242    0.001244     0.00181     0.01936
       1.232     0.02338     0.00116    0.001938     0.02028
       1.242     0.02408    0.001082    0.002071     0.02093
       1.252     0.02476     0.00101    0.002207     0.02154
       1.262     0.02522   0.0009431    0.002341     0.02194
       1.272     0.02535   0.0008813    0.002478     0.02199
       1.282     0.02309   0.0008243    0.002614     0.01965
       1.292     0.02226   0.0007719    0.002746     0.01874
       1.302     0.02221   0.0007238    0.002878     0.01861
       1.312     0.02208   0.0006797    0.003006      0.0184
       1.322     0.02241   0.0006395    0.003134     0.01864
       1.332     0.02224   0.0006029     0.00326     0.01838
       1.342      0.0228   0.0005696    0.003382     0.01885
       1.352     0.02347   0.0005394      0.0035     0.01943
       1.362     0.02394   0.0005121    0.003614     0.01982
       1.372     0.02469   0.0004873    0.003726     0.02048
       1.382      0.0255   0.0004649     0.00384      0.0212
       1.392     0.02639   0.0004445    0.003956     0.02199
       1.402     0.02732    0.000426    0.004072     0.02282
       1.412     0.02826   0.0004091     0.00419     0.02366
       1.422     0.02919   0.0003936    0.004313     0.02448
       1.432     0.03007   0.0003792    0.004436     0.02526
       1.442     0.03086   0.0003658     0.00456     0.02594
       1.452     0.03141   0.0003532    0.004685     0.02637
       1.462     0.03193   0.0003413    0.004811     0.02678
       1.472     0.03248   0.0003298    0.004935     0.02722
       1.482     0.03337   0.0003187     0.00506     0.02799
       1.492     0.03449    0.000308    0.005184       0.029
       1.502     0.03574   0.0002975    0.005305     0.03014
       1.512      0.0371   0.0002871    0.005418     0.03139
       1.522     0.03868    0.000277    0.005527     0.03288
       1.532     0.04047   0.0002669    0.005633     0.03457
       1.542     0.04247    0.000257    0.005733     0.03648
       1.552     0.04472   0.0002472    0.005829     0.03865
       1.562     0.04724   0.0002376    0.005923     0.04108
       1.572     0.05004   0.0002281    0.006013      0.0438
       1.582     0.05316   0.0002188    0.006102     0.04684
       1.592     0.05661   0.0002097    0.006191     0.05021
       1.602     0.06041   0.0002008    0.006281     0.05393
       1.612     0.06455    0.000192    0.006371     0.05799
       1.622     0.06906   0.0001835    0.006463     0.06241
       1.632     0.07391   0.0001752    0.006559     0.06717
       1.642     0.07911   0.0001671    0.006659     0.07228
       1.652     0.08464   0.0001592    0.006763     0.07772
       1.662      0.0905   0.0001515    0.006868     0.08348
       1.672     0.09667   0.0001441    0.006979     0.08954
       1.682      0.1031    0.000137    0.007092      0.0959
       1.692      0.1099   0.0001301    0.007207      0.1025
       1.702      0.1169   0.0001234     0.00732      0.1095
       1.712      0.1242   0.0001171    0.007432      0.1167
       1.722      0.1318    0.000111    0.007543      0.1241
       1.732      0.1397   0.0001052    0.007648      0.1319
       1.742      0.1478   9.968e-05    0.007752        0.14
       1.752      0.1563   9.445e-05    0.007847      0.1484
       1.762      0.1652   8.952e-05    0.007931      0.1572
       1.772      0.1744   8.487e-05     0.00801      0.1663
       1.782      0.1841   8.049e-05    0.008074      0.1759
       1.792      0.1942   7.639e-05    0.008131       0.186
       1.802      0.2048   7.255e-05    0.008177      0.1965
       1.812      0.2159   6.897e-05    0.008208      0.2076
       1.822      0.2275   6.563e-05    0.008225      0.2192
       1.832      0.2396   6.251e-05    0.008233      0.2314
       1.842      0.2524    5.96e-05    0.008228      0.2441
       1.852      0.2656   5.689e-05    0.008209      0.2574
       1.862      0.2794   5.435e-05    0.008181      0.2712
       1.872      0.2938   5.197e-05    0.008135      0.2856
       1.882      0.3086   4.974e-05     0.00808      0.3004
       1.892      0.3239   4.763e-05    0.008012      0.3158
       1.902      0.3396   4.564e-05    0.007931      0.3316
       1.912      0.3556   4.374e-05    0.007842      0.3478
       1.922       0.372   4.193e-05    0.007741      0.3643
       1.932      0.3887    4.02e-05    0.007629       0.381
       1.942      0.4055   3.853e-05    0.007508       0.398
       1.952      0.4224   3.692e-05     0.00738       0.415
       1.962      0.4394   3.537e-05    0.007242      0.4321
       1.972      0.4562   3.386e-05    0.007097      0.4491
       1.982       0.473    3.24e-05    0.006944       0.466
       1.992      0.4895   3.098e-05    0.006783      0.4826
       2.002      0.5056   2.961e-05    0.006618       0.499
       2.012      0.5213   2.828e-05    0.006448      0.5149
       2.022      0.5365     2.7e-05    0.006277      0.5302
       2.032      0.5511   2.576e-05      0.0061       0.545
       2.042      0.5651   2.458e-05    0.005921      0.5591
       2.052      0.5782   2.344e-05    0.005739      0.5725
       2.062      0.5906   2.236e-05    0.005556       0.585
       2.072       0.602   2.132e-05    0.005372      0.5966
       2.082      0.6125   2.034e-05    0.005188      0.6073
       2.092       0.622    1.94e-05    0.005005       0.617
       2.102      0.6304   1.851e-05    0.004823      0.6256
       2.112      0.6377   1.767e-05    0.004644      0.6331
       2.122      0.6439   1.686e-05    0.004466      0.6394
       2.132       0.649    1.61e-05    0.004289      0.6447
       2.142      0.6529   1.537e-05    0.004115      0.6488
       2.152      0.6557   1.468e-05    0.003946      0.6518
       2.162      0.6575   1.402e-05    0.003779      0.6537
       2.172      0.6582   1.339e-05    0.003616      0.6546
       2.182      0.6579   1.279e-05    0.003456      0.6545
       2.192      0.6568   1.221e-05    0.003302      0.6535
       2.202      0.6548   1.166e-05    0.003151      0.6517
       2.212      0.6522   1.114e-05    0.003003      0.6492
       2.222       0.649   1.063e-05    0.002861      0.6461
       2.232      0.6452   1.015e-05    0.002724      0.6425
       2.242      0.6407   9.692e-06     0.00259      0.6381
       2.252      0.6352   9.252e-06    0.002461      0.6328
       2.262      0.6284   8.833e-06    0.002337      0.6261
       2.272      0.6203   8.433e-06    0.002219      0.6181
       2.282      0.6108   8.052e-06    0.002103      0.6087
       2.292      0.6001   7.687e-06    0.001993      0.5981
       2.302      0.5881   7.339e-06    0.001885      0.5863
       2.312      0.5752   7.006e-06    0.001784      0.5734
       2.322      0.5612   6.685e-06    0.001686      0.5595
       2.332      0.5462   6.376e-06    0.001592      0.5446
       2.342      0.5302   6.076e-06    0.001504      0.5287
       2.352      0.5133   5.785e-06    0.001419      0.5119
       2.362      0.4955     5.5e-06    0.001338      0.4942
       2.372      0.4771   5.221e-06     0.00126      0.4759
       2.382      0.4586   4.946e-06    0.001187      0.4574
       2.392      0.4402   4.674e-06    0.001118      0.4391
       2.402      0.4223   4.403e-06    0.001052      0.4213
       2.412      0.4049   4.134e-06   0.0009889      0.4039
       2.422      0.3878   3.865e-06   0.0009297      0.3869
       2.432      0.3712   3.596e-06   0.0008739      0.3704
       2.442      0.3551   3.327e-06    0.000821      0.3542
       2.452      0.3393   3.058e-06     0.00077      0.3385
       2.462      0.3239   2.789e-06   0.0007223      0.3231
       2.472      0.3089    2.52e-06   0.0006765      0.3082
       2.482      0.2943   2.251e-06   0.0006335      0.2937
       2.492      0.2801   1.982e-06   0.0005926      0.2795
       2.502      0.2663   1.713e-06   0.0005542      0.2657
       2.512      0.2528   1.444e-06   0.0005176      0.2523
       2.522      0.2398   1.175e-06   0.0004835      0.2393
       2.532      0.2271   9.065e-07   0.0004514      0.2266
       2.542      0.2148   6.375e-07   0.0004214      0.2144
       2.552      0.2029   3.686e-07    0.000393      0.2025
       2.562      0.1915   9.966e-08   0.0003668      0.1911
       2.572      0.1804  -1.693e-07   0.0003423      0.1801
       2.582      0.1699  -4.382e-07   0.0003196      0.1695
       2.592      0.1597  -7.071e-07   0.0002984      0.1594
       2.602        0.15  -9.761e-07   0.0002784      0.1497
       2.612      0.1407  -1.245e-06   0.0002598      0.1404
       2.622      0.1318  -1.514e-06   0.0002426      0.1316
       2.632      0.1234  -1.783e-06   0.0002262      0.1232
       2.642      0.1155  -2.052e-06    0.000211      0.1152
       2.652       0.108  -2.321e-06    0.000197      0.1078
       2.662       0.101   -2.59e-06   0.0001837      0.1008
       2.672     0.09434  -2.859e-06   0.0001716     0.09417
       2.682     0.08813  -3.128e-06   0.0001601     0.08797
       2.692     0.08229  -3.396e-06   0.0001495     0.08214
       2.702      0.0768  -3.665e-06   0.0001395     0.07666
       2.712     0.07165  -3.934e-06   0.0001302     0.07152
       2.722     0.06683  -4.203e-06   0.0001215     0.06671
       2.732     0.06231  -4.472e-06   0.0001134      0.0622
       2.742     0.05808  -4.741e-06   0.0001058     0.05798
       2.752     0.05413   -5.01e-06   9.874e-05     0.05403
       2.762     0.05043  -5.279e-06   9.215e-05     0.05034
       2.772     0.04697  -5.548e-06   8.604e-05     0.04689
       2.782     0.04373  -5.817e-06   8.027e-05     0.04366
       2.792     0.04071  -6.086e-06   7.492e-05     0.04064
       2.802     0.03789  -6.355e-06   6.989e-05     0.03783
       2.812     0.03526  -6.624e-06   6.526e-05      0.0352
       2.822     0.03281  -6.893e-06   6.091e-05     0.03276
       2.832     0.03052  -7.161e-06   5.682e-05     0.03047
       2.842     0.02839   -7.43e-06   5.306e-05     0.02834
       2.852      0.0264  -7.699e-06   4.951e-05     0.02636
       2.862     0.02455  -7.968e-06    4.62e-05     0.02451
       2.872     0.02283  -8.237e-06    4.31e-05     0.02279
       2.882     0.02122  -8.506e-06   4.022e-05     0.02119
       2.892     0.01973  -8.775e-06   3.755e-05      0.0197
       2.902     0.01834  -9.044e-06   3.503e-05     0.01831
       2.912     0.01704  -9.313e-06   3.271e-05     0.01702
       2.922     0.01584  -9.582e-06   3.052e-05     0.01582
       2.932     0.01472  -9.851e-06   2.848e-05      0.0147
       2.942     0.01368  -1.012e-05   2.658e-05     0.01366
       2.952     0.01271  -1.039e-05    2.48e-05     0.01269
       2.962     0.01181  -1.066e-05   2.314e-05      0.0118
       2.972     0.01097  -1.093e-05   2.159e-05     0.01096
       2.982     0.01019   -1.12e-05   2.016e-05     0.01018
       2.992    0.009471  -1.146e-05   1.882e-05    0.009464
       3.002    0.008799  -1.173e-05   1.756e-05    0.008793
       3.012    0.008174    -1.2e-05   1.639e-05     0.00817
       3.022    0.007594  -1.227e-05   1.529e-05    0.007591
       3.032    0.007054  -1.254e-05   1.427e-05    0.007052
       3.042    0.006552  -1.281e-05   1.332e-05    0.006551
       3.052    0.006086  -1.308e-05   1.243e-05    0.006086
       3.062    0.005651  -1.335e-05    1.16e-05    0.005653
       3.072    0.005248  -1.362e-05   1.083e-05    0.005251
       3.082    0.004873  -1.388e-05    1.01e-05    0.004877
       3.092    0.004524  -1.415e-05   9.428e-06    0.004529
       3.102      0.0042  -1.442e-05   8.793e-06    0.004206
       3.112    0.003899  -1.469e-05   8.203e-06    0.003905
       3.122    0.003618  -1.496e-05   7.658e-06    0.003626
       3.132    0.003358  -1.523e-05    7.15e-06    0.003366
       3.142    0.003116   -1.55e-05   6.671e-06    0.003125
       3.152    0.002891  -1.577e-05    6.22e-06      0.0029
       3.162    0.002676  -1.604e-05   7.406e-14    0.002692
       3.172    0.002483  -1.631e-05   7.406e-14    0.002499
       3.182    0.002303  -1.657e-05   7.406e-14     0.00232
       3.192    0.002137  -1.684e-05   7.406e-14    0.002154
       3.202    0.001982  -1.711e-05   7.406e-14    0.001999
       3.212    0.001839  -1.738e-05   7.406e-14    0.001856
       3.222    0.001706  -1.765e-05   7.406e-14    0.001724
       3.232    0.001583  -1.792e-05   7.406e-14    0.001601
       3.242    0.001469  -1.819e-05   7.406e-14    0.001487
       3.252    0.001363  -1.846e-05   7.406e-14    0.001381
       3.262    0.001265  -1.873e-05   7.406e-14    0.001284
       3.272    0.001174  -1.899e-05   7.406e-14    0.001193
       3.282     0.00109  -1.926e-05   7.406e-14     0.00111
       3.292    0.001013  -1.953e-05   7.406e-14    0.001032
       3.302   0.0009407   -1.98e-05   7.406e-14   0.0009605
       3.312    0.000874  -2.007e-05   7.406e-14    0.000894
       3.322   0.0008121  -2.034e-05   7.406e-14   0.0008325
       3.332    0.000755  -2.061e-05   7.406e-14   0.0007756
       3.342   0.0007022  -2.088e-05   7.406e-14    0.000723
       3.352   0.0006533  -2.115e-05   7.406e-14   0.0006744
       3.362   0.0006081  -2.141e-05   7.406e-14   0.0006295
       3.372   0.0005663  -2.168e-05   7.406e-14    0.000588
       3.382   0.0005277  -2.195e-05   7.406e-14   0.0005496
       3.392    0.000492  -2.222e-05   7.406e-14   0.0005142
       3.402    0.000459  -2.249e-05   7.406e-14   0.0004815
       3.412   0.0004284  -2.276e-05   7.406e-14   0.0004512
       3.422   0.0004002  -2.303e-05   7.406e-14   0.0004233
       3.432   0.0003742   -2.33e-05   7.406e-14   0.0003975
       3.442   0.0003502  -2.357e-05   7.406e-14   0.0003738
       3.452    0.000328  -2.384e-05   7.406e-14   0.0003518
       3.462   0.0003076   -2.41e-05   7.406e-14   0.0003317
       3.472   0.0002887  -2.437e-05   7.406e-14   0.0003131
       3.482   0.0002714  -2.464e-05   7.406e-14    0.000296
       3.492   0.0002553  -2.491e-05   7.406e-14   0.0002802
       3.502   0.0002406  -2.518e-05   7.406e-14   0.0002657
       3.512    0.000227  -2.545e-05   7.406e-14   0.0002525
       3.522   0.0002145  -2.572e-05   7.406e-14   0.0002403
       3.532   0.0002031  -2.599e-05   7.406e-14   0.0002291
       3.542   0.0001926  -2.626e-05   7.406e-14   0.0002188
       3.552   0.0001829  -2.652e-05   7.406e-14   0.0002094
       3.562   0.0001741  -2.679e-05   7.406e-14   0.0002009
       3.572    0.000166  -2.706e-05   7.406e-14    0.000193
       3.582   0.0001586  -2.733e-05   7.406e-14   0.0001859
       3.592   0.0001519   -2.76e-05   7.406e-14   0.0001795
       3.602   0.0001457  -2.787e-05   7.406e-14   0.0001736
       3.612   0.0001401  -2.814e-05   7.406e-14   0.0001683
       3.622   0.0001351  -2.841e-05   7.406e-14   0.0001635
       3.632   0.0001305  -2.868e-05   7.406e-14   0.0001592
       3.642   0.0001263  -2.894e-05   7.406e-14   0.0001553
       3.652   0.0001226  -2.921e-05   7.406e-14   0.0001518
       3.662   0.0001193  -2.948e-05   7.406e-14   0.0001488
       3.672   0.0001164  -2.975e-05   7.406e-14   0.0001461
       3.682   0.0001138  -3.002e-05   7.406e-14   0.0001438
       3.692   0.0001115  -3.029e-05   7.406e-14   0.0001417
       3.702   0.0001095  -3.056e-05   7.406e-14     0.00014
       3.712   0.0001077  -3.083e-05   7.406e-14   0.0001386
       3.722   0.0001063   -3.11e-05   7.406e-14   0.0001374
       3.732   0.0001051  -3.137e-05   7.406e-14   0.0001364
       3.742   0.0001041  -3.163e-05   7.406e-14   0.0001357
       3.752   0.0001033   -3.19e-05   7.406e-14   0.0001352
       3.762   0.0001028  -3.217e-05   7.406e-14   0.0001349
       3.772   0.0001024  -3.244e-05   7.406e-14   0.0001348
       3.782   0.0001022  -3.271e-05   7.406e-14   0.0001349
       3.792   0.0001022  -3.298e-05   7.406e-14   0.0001352
       3.802   0.0001023  -3.325e-05   7.406e-14   0.0001356
       3.812   0.0001026  -3.352e-05   7.406e-14   0.0001361
       3.822   0.0001031  -3.379e-05   7.406e-14   0.0001369
       3.832   0.0001037  -3.405e-05   7.406e-14   0.0001377
       3.842   0.0001044  -3.432e-05   7.406e-14   0.0001387
       3.852   0.0001052  -3.459e-05   7.406e-14   0.0001398
       3.862   0.0001062  -3.486e-05   7.406e-14   0.0001411
       3.872   0.0001073  -3.513e-05   7.406e-14   0.0001424
       3.882   0.0001085   -3.54e-05   7.406e-14   0.0001439
       3.892   0.0001098  -3.567e-05   7.406e-14   0.0001455
       3.902   0.0001112  -3.594e-05   7.406e-14   0.0001472
       3.912   0.0001127  -3.621e-05   7.406e-14   0.0001489
       3.922   0.0001143  -3.647e-05   7.406e-14   0.0001508
       3.932   0.0001161  -3.674e-05   7.406e-14   0.0001528
       3.942   0.0001179  -3.701e-05   7.406e-14   0.0001549
       3.952   0.0001197  -3.728e-05   7.406e-14    0.000157
       3.962   0.0001217  -3.755e-05   7.406e-14   0.0001593
       3.972   0.0001238  -3.782e-05   7.406e-14   0.0001616
       3.982   0.0001259  -3.809e-05   7.406e-14    0.000164
       3.992   0.0001282  -3.836e-05   7.406e-14   0.0001665
       4.002   0.0001305  -3.863e-05   7.406e-14   0.0001691
       4.012   0.0001329   -3.89e-05   7.406e-14   0.0001718
       4.022   0.0001354  -3.916e-05   7.406e-14   0.0001746
       4.032    0.000138  -3.943e-05   7.406e-14   0.0001774
       4.042   0.0001406   -3.97e-05   7.406e-14   0.0001803
       4.052   0.0001433  -3.997e-05   7.406e-14   0.0001833
       4.062   0.0001461  -4.024e-05   7.406e-14   0.0001864
       4.072    0.000149  -4.051e-05   7.406e-14   0.0001895
       4.082    0.000152  -4.078e-05   7.406e-14   0.0001928
       4.092    0.000155  -4.105e-05   7.406e-14   0.0001961
       4.102   0.0001582  -4.132e-05   7.406e-14   0.0001995
       4.112   0.0001614  -4.158e-05   7.406e-14   0.0002029
       4.122   0.0001646  -4.185e-05   7.406e-14   0.0002065
       4.132    0.000168  -4.212e-05   7.406e-14   0.0002101
       4.142   0.0001714  -4.239e-05   7.406e-14   0.0002138
       4.152    0.000175  -4.266e-05   7.406e-14   0.0002176
       4.162   0.0001786  -4.293e-05   7.406e-14   0.0002215
       4.172   0.0001823   -4.32e-05   7.406e-14   0.0002255
       4.182    0.000186  -4.347e-05   7.406e-14   0.0002295
       4.192   0.0001899  -4.374e-05   7.406e-14   0.0002336
       4.202   0.0001938    -4.4e-05   7.406e-14   0.0002378
       4.212   0.0001979  -4.427e-05   7.406e-14   0.0002421
       4.222    0.000202  -4.454e-05   7.406e-14   0.0002465
       4.232   0.0002062  -4.481e-05   7.406e-14    0.000251
       4.242   0.0002105  -4.508e-05   7.406e-14   0.0002556
       4.252   0.0002149  -4.535e-05   7.406e-14   0.0002602
       4.262   0.0002194  -4.562e-05   7.406e-14    0.000265
       4.272   0.0002239  -4.589e-05   7.406e-14   0.0002698
       4.282   0.0002286  -4.616e-05   7.406e-14   0.0002748
       4.292   0.0002334  -4.643e-05   7.406e-14   0.0002798
       4.302   0.0002383  -4.669e-05   7.406e-14   0.0002849
       4.312   0.0002432  -4.696e-05   7.406e-14   0.0002902
       4.322   0.0002483  -4.723e-05   7.406e-14   0.0002955
       4.332   0.0002535   -4.75e-05   7.406e-14    0.000301
       4.342   0.0002587  -4.777e-05   7.406e-14   0.0003065
       4.352   0.0002641  -4.804e-05   7.406e-14   0.0003122
       4.362   0.0002696  -4.831e-05   7.406e-14   0.0003179
       4.372   0.0002752  -4.858e-05   7.406e-14   0.0003238
       4.382   0.0002809  -4.885e-05   7.406e-14   0.0003298
       4.392   0.0002867  -4.911e-05   7.406e-14   0.0003359
       4.402   0.0002927  -4.938e-05   7.406e-14   0.0003421
       4.412   0.0002987  -4.965e-05   7.406e-14   0.0003484
       4.422   0.0003049  -4.992e-05   7.406e-14   0.0003548
       4.432   0.0003112  -5.019e-05   7.406e-14   0.0003614
       4.442   0.0003176  -5.046e-05   7.406e-14   0.0003681
       4.452   0.0003242  -5.073e-05   7.406e-14   0.0003749
       4.462   0.0003309    -5.1e-05   7.406e-14   0.0003819
       4.472   0.0003377  -5.127e-05   7.406e-14    0.000389
       4.482   0.0003446  -5.153e-05   7.406e-14   0.0003962
       4.492   0.0003517   -5.18e-05   7.406e-14   0.0004035
       4.502   0.0003589  -5.207e-05   7.406e-14    0.000411
       4.512   0.0003663  -5.234e-05   7.406e-14   0.0004186
       4.522   0.0003738  -5.261e-05   7.406e-14   0.0004264
       4.532   0.0003814  -5.288e-05   7.406e-14   0.0004343
       4.542   0.0003892  -5.315e-05   7.406e-14   0.0004424
       4.552   0.0003972  -5.342e-05   7.406e-14   0.0004506
       4.562   0.0004053  -5.369e-05   7.406e-14   0.0004589
       4.572   0.0004135  -5.396e-05   7.406e-14   0.0004675
       4.582   0.0004219  -5.422e-05   7.406e-14   0.0004761
       4.592   0.0004305  -5.449e-05   7.406e-14    0.000485
       4.602   0.0004392  -5.476e-05   7.406e-14    0.000494
       4.612   0.0004481  -5.503e-05   7.406e-14   0.0005032
       4.622   0.0004572   -5.53e-05   7.406e-14   0.0005125
       4.632   0.0004665  -5.557e-05   7.406e-14    0.000522
       4.642   0.0004759  -5.584e-05   7.406e-14   0.0005317
       4.652   0.0004855  -5.611e-05   7.406e-14   0.0005416
       4.662   0.0004953  -5.638e-05   7.406e-14   0.0005517
       4.672   0.0005053  -5.664e-05   7.406e-14   0.0005619
       4.682   0.0005155  -5.691e-05   7.406e-14   0.0005724
       4.692   0.0005258  -5.718e-05   7.406e-14    0.000583
       4.702   0.0005364  -5.745e-05   7.406e-14   0.0005938
       4.712   0.0005472  -5.772e-05   7.406e-14   0.0006049
       4.722   0.0005581  -5.799e-05   7.406e-14   0.0006161
       4.732   0.0005693  -5.826e-05   7.406e-14   0.0006276
       4.742   0.0005807  -5.853e-05   7.406e-14   0.0006392
       4.752   0.0005923   -5.88e-05   7.406e-14   0.0006511
       4.762   0.0006041  -5.907e-05   7.406e-14   0.0006632
       4.772   0.0006162  -5.933e-05   7.406e-14   0.0006755
       4.782   0.0006285   -5.96e-05   7.406e-14   0.0006881
       4.792    0.000641  -5.987e-05   7.406e-14   0.0007009
       4.802   0.0006538  -6.014e-05   7.406e-14   0.0007139
       4.812   0.0006668  -6.041e-05   7.406e-14   0.0007272
       4.822     0.00068  -6.068e-05   7.406e-14   0.0007407
       4.832   0.0006935  -6.095e-05   7.406e-14   0.0007545
       4.842   0.0007073  -6.122e-05   7.406e-14   0.0007685
       4.852   0.0007213  -6.149e-05   7.406e-14   0.0007828
       4.862   0.0007356  -6.175e-05   7.406e-14   0.0007973
       4.872   0.0007501  -6.202e-05   7.406e-14   0.0008122
       4.882    0.000765  -6.229e-05   7.406e-14   0.0008273
       4.892   0.0007801  -6.256e-05   7.406e-14   0.0008426
       4.902   0.0007955  -6.283e-05   7.406e-14   0.0008583
       4.912   0.0008112   -6.31e-05   7.406e-14   0.0008743
       4.922   0.0008271  -6.337e-05   7.406e-14   0.0008905
       4.932   0.0008434  -6.364e-05   7.406e-14   0.0009071
       4.942     0.00086  -6.391e-05   7.406e-14   0.0009239
       4.952   0.0008769  -6.417e-05   7.406e-14   0.0009411
       4.962   0.0008942  -6.444e-05   7.406e-14   0.0009586
       4.972   0.0009117  -6.471e-05   7.406e-14   0.0009764
       4.982   0.0009296  -6.498e-05   7.406e-14   0.0009946
       4.992   0.0009478  -6.525e-05   7.406e-14    0.001013
       5.002   0.0009664  -6.552e-05   7.406e-14    0.001032
       5.012   0.0009853  -6.579e-05   7.406e-14    0.001051
       5.022    0.001005  -6.606e-05   7.406e-14    0.001071
       5.032    0.001024  -6.633e-05   7.406e-14    0.001091
       5.042    0.001044   -6.66e-05   7.406e-14    0.001111
       5.052    0.001065  -6.686e-05   7.406e-14    0.001131
       5.062    0.001085  -6.713e-05   7.406e-14    0.001152
       5.072    0.001107   -6.74e-05   7.406e-14    0.001174
       5.082    0.001128  -6.767e-05   7.406e-14    0.001196
       5.092     0.00115  -6.794e-05   7.406e-14    0.001218
       5.102    0.001172  -6.821e-05   7.406e-14    0.001241
       5.112    0.001195  -6.848e-05   7.406e-14    0.001264
       5.122    0.001218  -6.875e-05   7.406e-14    0.001287
       5.132    0.001242  -6.902e-05   7.406e-14    0.001311
       5.142    0.001266  -6.928e-05   7.406e-14    0.001335
       5.152    0.001291  -6.955e-05   7.406e-14     0.00136
       5.162    0.001316  -6.982e-05   7.406e-14    0.001386
       5.172    0.001341  -7.009e-05   7.406e-14    0.001411
       5.182    0.001367  -7.036e-05   7.406e-14    0.001438
       5.192    0.001394  -7.063e-05   7.406e-14    0.001464
       5.202    0.001421   -7.09e-05   7.406e-14    0.001492
       5.212    0.001448  -7.117e-05   7.406e-14    0.001519
       5.222    0.001476  -7.144e-05   7.406e-14    0.001548
       5.232    0.001505   -7.17e-05   7.406e-14    0.001576
       5.242    0.001534  -7.197e-05   7.406e-14    0.001606
       5.252    0.001563  -7.224e-05   7.406e-14    0.001635
       5.262    0.001593  -7.251e-05   7.406e-14    0.001666
       5.272    0.001624  -7.278e-05   7.406e-14    0.001697
       5.282    0.001655  -7.305e-05   7.406e-14    0.001728
       5.292    0.001687  -7.332e-05   7.406e-14     0.00176
       5.302     0.00172  -7.359e-05   7.406e-14    0.001793
       5.312    0.001753  -7.386e-05   7.406e-14    0.001827
       5.322    0.001786  -7.413e-05   7.406e-14    0.001861
       5.332    0.001821  -7.439e-05   7.406e-14    0.001895
       5.342    0.001856  -7.466e-05   7.406e-14     0.00193
       5.352    0.001891  -7.493e-05   7.406e-14    0.001966
       5.362    0.001928   -7.52e-05   7.406e-14    0.002003
       5.372    0.001965  -7.547e-05   7.406e-14     0.00204
       5.382    0.002002  -7.574e-05   7.406e-14    0.002078
       5.392    0.002041  -7.601e-05   7.406e-14    0.002117
       5.402     0.00208  -7.628e-05   7.406e-14    0.002156
       5.412    0.002119  -7.655e-05   7.406e-14    0.002196
       5.422     0.00216  -7.681e-05   7.406e-14    0.002237
       5.432    0.002201  -7.708e-05   7.406e-14    0.002278
       5.442    0.002243  -7.735e-05   7.406e-14    0.002321
       5.452    0.002286  -7.762e-05   7.406e-14    0.002364
       5.462     0.00233  -7.789e-05   7.406e-14    0.002408
       5.472    0.002374  -7.816e-05   7.406e-14    0.002453
       5.482     0.00242  -7.843e-05   7.406e-14    0.002498
       5.492    0.002466   -7.87e-05   7.406e-14    0.002545
       5.502    0.002513  -7.897e-05   7.406e-14    0.002592
       5.512    0.002561  -7.923e-05   7.406e-14     0.00264
       5.522     0.00261   -7.95e-05   7.406e-14    0.002689
       5.532    0.002659  -7.977e-05   7.406e-14    0.002739
       5.542     0.00271  -8.004e-05   7.406e-14     0.00279
       5.552    0.002762  -8.031e-05   7.406e-14    0.002842
       5.562    0.002814  -8.058e-05   7.406e-14    0.002895
       5.572    0.002868  -8.085e-05   7.406e-14    0.002949
       5.582    0.002922  -8.112e-05   7.406e-14    0.003004
       5.592    0.002978  -8.139e-05   7.406e-14    0.003059
       5.602    0.003035  -8.166e-05   7.406e-14    0.003116
       5.612    0.003092  -8.192e-05   7.406e-14    0.003174
       5.622    0.003151  -8.219e-05   7.406e-14    0.003233
       5.632    0.003211  -8.246e-05   7.406e-14    0.003293
       5.642    0.003272  -8.273e-05   7.406e-14    0.003355
       5.652    0.003334    -8.3e-05   7.406e-14    0.003417
       5.662    0.003397  -8.327e-05   7.406e-14     0.00348
       5.672    0.003462  -8.354e-05   7.406e-14    0.003545
       5.682    0.003527  -8.381e-05   7.406e-14    0.003611
       5.692    0.003594  -8.408e-05   7.406e-14    0.003678
       5.702    0.003662  -8.434e-05   7.406e-14    0.003747
       5.712    0.003732  -8.461e-05   7.406e-14    0.003816
       5.722    0.003802  -8.488e-05   7.406e-14    0.003887
       5.732    0.003874  -8.515e-05   7.406e-14    0.003959
       5.742    0.003948  -8.542e-05   7.406e-14    0.004033
       5.752    0.004022  -8.569e-05   7.406e-14    0.004108
