#      _xxWS        ftot       firac        fagn        fsfr
#
     -0.6855      0.7727   2.275e-05   4.271e-12      0.7727
     -0.6755      0.6123   2.809e-05   4.271e-12      0.6122
     -0.6655      0.4519    3.52e-05   4.271e-12      0.4519
     -0.6555      0.2915   4.404e-05   4.271e-12      0.2915
     -0.6455      0.1312   5.525e-05   4.271e-12      0.1312
     -0.6355   6.924e-05   6.912e-05   4.271e-12   1.202e-07
     -0.6255   8.337e-05   8.325e-05   4.271e-12   1.225e-07
     -0.6155   9.999e-05   9.986e-05   4.271e-12   1.248e-07
     -0.6055   0.0001145   0.0001143   4.271e-12   1.271e-07
     -0.5955    0.000133   0.0001329   4.271e-12   1.294e-07
     -0.5855   0.0001525   0.0001523   4.271e-12   1.318e-07
     -0.5755    0.000175   0.0001748   4.271e-12   1.343e-07
     -0.5655   0.0001965   0.0001963   4.271e-12   1.368e-07
     -0.5555   0.0002279   0.0002277   4.271e-12   1.393e-07
     -0.5455   0.0002619   0.0002617   4.271e-12   1.419e-07
     -0.5355   0.0002974   0.0002972   4.271e-12   1.446e-07
     -0.5255   0.0003354   0.0003353   4.271e-12   1.472e-07
     -0.5155   0.0003738   0.0003737   4.271e-12     1.5e-07
     -0.5055   0.0004131   0.0004129   4.271e-12   1.528e-07
     -0.4955   0.0004552   0.0004551   4.271e-12   1.556e-07
     -0.4855   0.0005014   0.0005013   4.271e-12   1.585e-07
     -0.4755   0.0005565   0.0005563   4.271e-12   1.615e-07
     -0.4655   0.0006106   0.0006104   4.271e-12   1.645e-07
     -0.4555   0.0006722    0.000672   4.271e-12   1.675e-07
     -0.4455   0.0007457   0.0007455   4.271e-12   1.706e-07
     -0.4355   0.0008355   0.0008353   4.271e-12   1.738e-07
     -0.4255   0.0009186   0.0009184   4.271e-12    1.77e-07
     -0.4155    0.001011     0.00101   4.271e-12   1.803e-07
     -0.4055    0.001103    0.001103   4.271e-12   1.837e-07
     -0.3955    0.001198    0.001198   4.271e-12   1.871e-07
     -0.3855    0.001293    0.001293   4.271e-12   1.906e-07
     -0.3755    0.001394    0.001393   4.271e-12   1.941e-07
     -0.3655    0.001501    0.001501   4.271e-12   1.977e-07
     -0.3555    0.001613    0.001613   4.271e-12   2.014e-07
     -0.3455    0.001732    0.001732   4.271e-12   2.051e-07
     -0.3355     0.00186     0.00186   4.271e-12    2.09e-07
     -0.3255    0.001992    0.001991   4.271e-12   2.128e-07
     -0.3155    0.002117    0.002117   4.271e-12   2.168e-07
     -0.3055    0.002254    0.002253   4.271e-12   2.208e-07
     -0.2955      0.0024      0.0024   4.271e-12   2.249e-07
     -0.2855    0.002549    0.002549   4.271e-12   2.291e-07
     -0.2755    0.002705    0.002705   4.271e-12   2.334e-07
     -0.2655    0.002873    0.002873   4.271e-12   2.377e-07
     -0.2555    0.003065    0.003065   4.271e-12   2.421e-07
     -0.2455    0.003259    0.003259   4.271e-12   2.466e-07
     -0.2355     0.00346     0.00346   4.271e-12   2.512e-07
     -0.2255    0.003679    0.003679   4.271e-12   2.559e-07
     -0.2155    0.003893    0.003893   4.271e-12   2.606e-07
     -0.2055    0.004118    0.004118   4.271e-12   2.655e-07
     -0.1955    0.004345    0.004345   4.271e-12   2.704e-07
     -0.1855    0.004603    0.004602   4.271e-12   2.755e-07
     -0.1755    0.005016    0.005016   4.271e-12   2.806e-07
     -0.1655    0.005363    0.005363   4.271e-12   2.858e-07
     -0.1555    0.005795    0.005795   4.271e-12   2.911e-07
     -0.1455    0.006398    0.006398   4.271e-12   2.965e-07
     -0.1355    0.007064    0.007064   4.271e-12    3.02e-07
     -0.1255    0.007759    0.007759   4.271e-12   3.076e-07
     -0.1155    0.008471     0.00847   4.271e-12   3.134e-07
     -0.1055    0.009277    0.009277   4.271e-12   3.192e-07
    -0.09551     0.01018     0.01018   4.271e-12   3.251e-07
    -0.08551     0.01112     0.01112   4.271e-12   3.312e-07
    -0.07551      0.0121      0.0121   4.271e-12   3.373e-07
    -0.06551     0.01314     0.01314   4.271e-12   3.436e-07
    -0.05551     0.01414     0.01414   4.271e-12     3.5e-07
    -0.04551     0.01491     0.01491   4.271e-12   3.565e-07
    -0.03551     0.01591     0.01591   4.271e-12   3.631e-07
    -0.02551     0.01683     0.01683   4.271e-12   3.699e-07
    -0.01551     0.01751     0.01751   4.271e-12   3.767e-07
   -0.005509     0.01817     0.01817   4.271e-12   3.838e-07
    0.004491     0.01889     0.01889   4.271e-12   3.909e-07
     0.01449     0.01963     0.01963   4.271e-12   3.982e-07
     0.02449     0.02035     0.02035   4.271e-12   4.056e-07
     0.03449     0.02096     0.02096   4.271e-12   4.131e-07
     0.04449     0.02162     0.02162   4.271e-12   4.208e-07
     0.05449     0.02232     0.02232   4.271e-12   4.286e-07
     0.06449     0.02307     0.02307   4.271e-12   4.366e-07
     0.07449     0.02392     0.02392   4.271e-12   4.447e-07
     0.08449     0.02478     0.02478   4.271e-12   4.529e-07
     0.09449     0.02557     0.02557   4.271e-12   4.614e-07
      0.1045     0.02637     0.02637   4.271e-12   4.699e-07
      0.1145     0.02725     0.02725   4.271e-12   4.787e-07
      0.1245     0.02819     0.02819   4.271e-12   4.876e-07
      0.1345     0.02907     0.02907   4.271e-12   4.966e-07
      0.1445     0.02998     0.02998   4.271e-12   5.059e-07
      0.1545     0.03088     0.03088   4.271e-12   5.153e-07
      0.1645     0.03185     0.03185   4.271e-12   5.249e-07
      0.1745     0.03272     0.03272   4.271e-12   5.346e-07
      0.1845     0.03386     0.03386   4.271e-12   5.446e-07
      0.1945     0.03501     0.03501   4.271e-12   5.547e-07
      0.2045     0.03624     0.03624   4.271e-12    5.65e-07
      0.2145     0.03741     0.03741   4.271e-12   5.755e-07
      0.2245     0.03843     0.03843   4.271e-12   5.862e-07
      0.2345     0.03972     0.03972   4.271e-12   5.971e-07
      0.2445     0.04101     0.04101   4.271e-12   6.082e-07
      0.2545      0.0422      0.0422   4.271e-12   6.195e-07
      0.2645     0.04347     0.04346   4.271e-12    6.31e-07
      0.2745     0.04481      0.0448   4.271e-12   6.428e-07
      0.2845     0.04586     0.04586   4.271e-12   6.547e-07
      0.2945     0.04721     0.04709   4.271e-12   0.0001223
      0.3045      0.0487     0.04838   4.271e-12   0.0003202
      0.3145      0.0498      0.0493   4.271e-12   0.0005027
      0.3245      0.0509     0.05022   4.271e-12   0.0006799
      0.3345     0.05191     0.05104   4.271e-12   0.0008634
      0.3445     0.05296     0.05191   4.271e-12    0.001053
      0.3545     0.05426     0.05303   4.271e-12    0.001221
      0.3645     0.05524     0.05389   4.271e-12     0.00135
      0.3745     0.05623     0.05479   4.271e-12     0.00144
      0.3845     0.05722     0.05573   4.271e-12    0.001488
      0.3945     0.05787      0.0564   4.271e-12    0.001465
      0.4045     0.05863     0.05717   4.271e-12    0.001464
      0.4145      0.0597     0.05819   4.271e-12    0.001502
      0.4245     0.06066     0.05911   4.271e-12    0.001556
      0.4345     0.06187     0.06025   4.271e-12    0.001613
      0.4445     0.06291     0.06124   4.271e-12    0.001667
      0.4545     0.06402     0.06231   4.271e-12    0.001707
      0.4645     0.06519     0.06347   4.271e-12    0.001722
      0.4745     0.06656     0.06484   4.271e-12    0.001713
      0.4845     0.06783     0.06612   4.271e-12    0.001707
      0.4945     0.06897     0.06725   4.271e-12     0.00172
      0.5045     0.06968     0.06793   4.271e-12     0.00175
      0.5145     0.07029      0.0685   4.271e-12    0.001786
      0.5245     0.07134     0.06952   4.271e-12    0.001826
      0.5345     0.07181     0.06994   4.271e-12    0.001879
      0.5445     0.07235     0.07039   4.271e-12    0.001952
      0.5545     0.07254      0.0705   4.271e-12    0.002038
      0.5645     0.07254      0.0704   4.271e-12    0.002136
      0.5745     0.07244     0.07019   4.271e-12    0.002243
      0.5845     0.07192     0.06956   4.271e-12    0.002358
      0.5945     0.07124     0.06876   4.271e-12    0.002481
      0.6045     0.06978     0.06717   4.271e-12    0.002611
      0.6145     0.06849     0.06574   4.271e-12     0.00275
      0.6245     0.06717     0.06427   4.271e-12    0.002899
      0.6345     0.06542     0.06236   4.271e-12    0.003062
      0.6445     0.06335     0.06011   4.271e-12    0.003243
      0.6545     0.06131     0.05786   4.271e-12    0.003442
      0.6645     0.05997     0.05632   4.271e-12    0.003646
      0.6745     0.05841     0.05456   4.271e-12     0.00385
      0.6845     0.05731     0.05325   4.271e-12    0.004059
      0.6945     0.05611     0.05183   4.271e-12    0.004279
      0.7045     0.06019     0.05036    0.005312    0.004517
      0.7145     0.05888     0.04873    0.005367    0.004783
      0.7245     0.05749     0.04696    0.005434    0.005102
      0.7345     0.05668     0.04562     0.00552    0.005534
      0.7445     0.05603      0.0441    0.005629    0.006305
      0.7545     0.05702     0.04255    0.005766    0.008697
      0.7645      0.0808     0.04178    0.005936     0.03308
      0.7745     0.08297      0.0415    0.006144     0.03532
      0.7845     0.08355     0.04105    0.006393      0.0361
      0.7945     0.08346     0.04014    0.006691     0.03663
      0.8045      0.0833      0.0392     0.00704     0.03706
      0.8145      0.0827      0.0378    0.007446     0.03746
      0.8245     0.08201     0.03626    0.007914     0.03783
      0.8345     0.08156     0.03491    0.008449      0.0382
      0.8445      0.0816     0.03399    0.009055     0.03856
      0.8545     0.08188     0.03326    0.009737     0.03889
      0.8645     0.08222     0.03258      0.0105     0.03914
      0.8745     0.08247     0.03203     0.01135     0.03909
      0.8845     0.08096      0.0312     0.01229     0.03747
      0.8945     0.05752     0.03028     0.01333     0.01392
      0.9045     0.05614      0.0291     0.01446     0.01258
      0.9145     0.05626     0.02776      0.0157      0.0128
      0.9245     0.05703      0.0266     0.01704     0.01339
      0.9345     0.05819     0.02549     0.01848     0.01422
      0.9445     0.05989     0.02453     0.02001     0.01535
      0.9545     0.06239      0.0237     0.02162     0.01708
      0.9645     0.06678      0.0229      0.0233     0.02057
      0.9745     0.07057     0.02208     0.02503     0.02345
      0.9845      0.0745     0.02123     0.02681     0.02647
      0.9945     0.08081     0.02035     0.02859     0.03187
       1.004     0.08874     0.01937     0.03038       0.039
       1.014     0.09647     0.01871     0.03213     0.04564
       1.024      0.1098     0.01811     0.03381     0.05788
       1.034      0.1545     0.01764     0.03547      0.1014
       1.044      0.1898     0.01715     0.03714      0.1355
       1.054      0.2067     0.01664     0.03885      0.1513
       1.064      0.2235     0.01613     0.04054      0.1668
       1.074      0.2414     0.01565     0.04226      0.1835
       1.084       0.259     0.01516     0.04398      0.1998
       1.094      0.2788     0.01468     0.04572      0.2184
       1.104      0.3085     0.01422     0.04746      0.2469
       1.114      0.3571     0.01374     0.04919      0.2942
       1.124      0.4397     0.01325     0.05084      0.3757
       1.134      0.5219     0.01279     0.05243      0.4566
       1.144      0.5886     0.01231     0.05394      0.5223
       1.154      0.6206     0.01185     0.05529      0.5535
       1.164      0.6136      0.0114     0.05639      0.5458
       1.174      0.6226     0.01099     0.05724      0.5544
       1.184      0.6461      0.0106     0.05784      0.5776
       1.194      0.6525     0.01025     0.05815      0.5841
       1.204      0.6521    0.009903     0.05814      0.5841
       1.214      0.6497    0.009589     0.05795      0.5822
       1.224      0.6427     0.00929     0.05777      0.5757
       1.234      0.6267    0.008991     0.05776      0.5599
       1.244      0.5923    0.008705     0.05803      0.5256
       1.254      0.5228    0.008414     0.05861      0.4558
       1.264      0.4544    0.008112     0.05966      0.3866
       1.274      0.4063    0.007805     0.06133      0.3372
       1.284       0.399    0.007498     0.06344       0.328
       1.294      0.4796    0.007193     0.06631      0.4061
       1.304      0.5094    0.006883     0.06981      0.4327
       1.314      0.5217    0.006568     0.07391      0.4412
       1.324      0.5603    0.006234     0.07885      0.4752
       1.334      0.6008    0.005911     0.08445      0.5104
       1.344       0.664    0.005579     0.09058      0.5679
       1.354      0.7073    0.005246     0.09727      0.6048
       1.364      0.7406    0.004914      0.1044      0.6313
       1.374      0.7774     0.00459      0.1118      0.6611
       1.384      0.8059    0.004289      0.1194      0.6821
       1.394      0.8333    0.004008      0.1273       0.702
       1.404      0.8537    0.003748       0.135      0.7149
       1.414      0.8629    0.003507      0.1429      0.7165
       1.424      0.7939    0.003284      0.1508      0.6399
       1.434      0.7715    0.003079      0.1584        0.61
       1.444      0.7745    0.002891       0.166      0.6056
       1.454      0.7745    0.002719      0.1734      0.5985
       1.464      0.7892    0.002561      0.1807      0.6059
       1.474      0.7874    0.002417       0.188       0.597
       1.484      0.8092    0.002286      0.1951      0.6119
       1.494      0.8344    0.002168      0.2018      0.6304
       1.504      0.8533     0.00206      0.2084      0.6428
       1.514      0.8808    0.001962      0.2149      0.6639
       1.524      0.9104    0.001874      0.2215      0.6871
       1.534      0.9424    0.001794      0.2281      0.7124
       1.544      0.9756    0.001721      0.2348      0.7391
       1.554       1.009    0.001654      0.2416      0.7658
       1.564       1.043    0.001593      0.2487      0.7922
       1.574       1.074    0.001536      0.2558      0.8171
       1.584       1.103    0.001483       0.263      0.8386
       1.594       1.124    0.001433      0.2702      0.8523
       1.604       1.144    0.001386      0.2775       0.865
       1.614       1.165    0.001341      0.2846      0.8788
       1.624       1.197    0.001297      0.2918      0.9036
       1.634       1.236    0.001254      0.2989      0.9356
       1.644       1.279    0.001212      0.3059      0.9719
       1.654       1.325    0.001171      0.3125       1.012
       1.664       1.379     0.00113      0.3187       1.059
       1.674       1.438     0.00109      0.3248       1.112
       1.684       1.505     0.00105      0.3306       1.173
       1.694       1.578    0.001011      0.3361       1.241
       1.704        1.66   0.0009725      0.3416       1.317
       1.714        1.75   0.0009344      0.3467       1.402
       1.724       1.849   0.0008969      0.3519       1.496
       1.734       1.957   0.0008601       0.357       1.599
       1.744       2.076    0.000824      0.3622       1.713
       1.754       2.204   0.0007886      0.3674       1.835
       1.764       2.341    0.000754      0.3727       1.967
       1.774       2.488   0.0007202      0.3783       2.109
       1.784       2.643   0.0006873       0.384       2.259
       1.794       2.807   0.0006552        0.39       2.417
       1.804        2.98   0.0006241      0.3961       2.583
       1.814       3.159   0.0005939      0.4025       2.756
       1.824       3.346   0.0005647       0.409       2.937
       1.834        3.54   0.0005365      0.4156       3.124
       1.844       3.741   0.0005094      0.4221       3.318
       1.854       3.948   0.0004834      0.4286       3.519
       1.864       4.163   0.0004585       0.435       3.728
       1.874       4.386   0.0004347      0.4411       3.944
       1.884       4.618   0.0004121      0.4471        4.17
       1.894       4.859   0.0003907      0.4525       4.406
       1.904       5.111   0.0003705      0.4574       4.653
       1.914       5.375   0.0003513      0.4619       4.913
       1.924       5.653   0.0003334      0.4656       5.187
       1.934       5.946   0.0003165      0.4689       5.477
       1.944       6.256   0.0003007      0.4715       5.784
       1.954       6.582    0.000286      0.4733       6.109
       1.964       6.927   0.0002722      0.4743       6.452
       1.974       7.291   0.0002594      0.4748       6.816
       1.984       7.675   0.0002474      0.4745         7.2
       1.994       8.078   0.0002362      0.4734       7.604
       2.004       8.502   0.0002258      0.4718        8.03
       2.014       8.945    0.000216      0.4691       8.476
       2.024       9.408   0.0002068       0.466       8.942
       2.034        9.89   0.0001981      0.4621       9.427
       2.044       10.39   0.0001898      0.4574       9.931
       2.054        10.9    0.000182      0.4522       10.45
       2.064       11.43   0.0001745      0.4464       10.99
       2.074       11.98   0.0001674      0.4399       11.54
       2.084       12.53   0.0001605       0.433        12.1
       2.094        13.1   0.0001538      0.4256       12.67
       2.104       13.67   0.0001474      0.4177       13.25
       2.114       14.24   0.0001411      0.4093       13.83
       2.124       14.82   0.0001351      0.4004       14.42
       2.134        15.4   0.0001292      0.3912          15
       2.144       15.97   0.0001235      0.3816       15.58
       2.154       16.53    0.000118      0.3718       16.16
       2.164       17.08   0.0001127       0.362       16.72
       2.174       17.62   0.0001075      0.3518       17.27
       2.184       18.15   0.0001026      0.3414        17.8
       2.194       18.65    9.79e-05      0.3309       18.32
       2.204       19.13    9.34e-05      0.3204       18.81
       2.214       19.59   8.909e-05      0.3098       19.28
       2.224       20.02   8.499e-05      0.2992       19.72
       2.234       20.43   8.109e-05      0.2886       20.14
       2.244        20.8   7.739e-05      0.2781       20.52
       2.254       21.14   7.387e-05      0.2678       20.87
       2.264       21.44   7.052e-05      0.2576       21.18
       2.274       21.71   6.734e-05      0.2474       21.46
       2.284       21.95   6.431e-05      0.2373       21.71
       2.294       22.14   6.143e-05      0.2276       21.92
       2.304       22.31   5.868e-05      0.2179       22.09
       2.314       22.44   5.606e-05      0.2085       22.23
       2.324       22.53   5.355e-05      0.1993       22.33
       2.334        22.6   5.115e-05      0.1904       22.41
       2.344       22.64   4.885e-05      0.1817       22.45
       2.354       22.65   4.665e-05      0.1732       22.48
       2.364       22.64   4.455e-05       0.165       22.48
       2.374       22.62   4.254e-05      0.1571       22.46
       2.384       22.57   4.061e-05      0.1494       22.42
       2.394       22.48   3.878e-05      0.1419       22.33
       2.404       22.34   3.702e-05      0.1348        22.2
       2.414       22.14   3.535e-05       0.128       22.02
       2.424        21.9   3.376e-05      0.1213       21.78
       2.434       21.61   3.224e-05      0.1149       21.49
       2.444       21.27   3.078e-05      0.1087       21.16
       2.454       20.88   2.939e-05      0.1029       20.78
       2.464       20.45   2.804e-05     0.09721       20.36
       2.474       19.98   2.675e-05     0.09183       19.89
       2.484       19.48   2.549e-05     0.08675       19.39
       2.494       18.93   2.427e-05     0.08182       18.84
       2.504       18.34   2.308e-05     0.07714       18.26
       2.514       17.72   2.191e-05     0.07267       17.65
       2.524       17.09   2.076e-05     0.06848       17.03
       2.534       16.47   1.962e-05     0.06447       16.41
       2.544       15.86   1.849e-05     0.06066        15.8
       2.554       15.25   1.736e-05     0.05703        15.2
       2.564       14.66   1.623e-05     0.05362       14.61
       2.574       14.08    1.51e-05      0.0504       14.03
       2.584       13.51   1.397e-05     0.04735       13.46
       2.594       12.95   1.284e-05      0.0444       12.91
       2.604        12.4   1.172e-05     0.04165       12.36
       2.614       11.87   1.059e-05     0.03901       11.83
       2.624       11.34   9.458e-06     0.03653        11.3
       2.634       10.82   8.329e-06     0.03418       10.79
       2.644       10.32   7.199e-06     0.03196       10.29
       2.654       9.827    6.07e-06     0.02985       9.798
       2.664       9.345    4.94e-06     0.02788       9.317
       2.674       8.875    3.81e-06     0.02603       8.849
       2.684       8.418    2.68e-06      0.0243       8.394
       2.694       7.974   1.549e-06     0.02266       7.951
       2.704       7.543    4.19e-07     0.02115       7.522
       2.714       7.127  -7.117e-07     0.01974       7.107
       2.724       6.726  -1.842e-06     0.01843       6.707
       2.734       6.339  -2.973e-06     0.01721       6.322
       2.744       5.967  -4.105e-06     0.01605       5.951
       2.754        5.61  -5.236e-06     0.01498       5.595
       2.764       5.269  -6.367e-06     0.01399       5.255
       2.774       4.944  -7.499e-06     0.01305       4.931
       2.784       4.636   -8.63e-06     0.01217       4.624
       2.794       4.345  -9.762e-06     0.01136       4.334
       2.804       4.071  -1.089e-05      0.0106        4.06
       2.814       3.812  -1.203e-05    0.009895       3.802
       2.824       3.567  -1.316e-05    0.009236       3.558
       2.834       3.337  -1.429e-05    0.008619       3.329
       2.844       3.121  -1.542e-05    0.008045       3.113
       2.854       2.917  -1.655e-05     0.00751       2.909
       2.864       2.725  -1.769e-05    0.007004       2.718
       2.874       2.545  -1.882e-05    0.006539       2.539
       2.884       2.376  -1.995e-05    0.006102        2.37
       2.894       2.218  -2.108e-05    0.005694       2.212
       2.904        2.07  -2.222e-05    0.005314       2.064
       2.914       1.931  -2.335e-05    0.004962       1.926
       2.924         1.8  -2.448e-05    0.004629       1.796
       2.934       1.679  -2.562e-05    0.004321       1.674
       2.944       1.565  -2.675e-05    0.004031       1.561
       2.954       1.458  -2.788e-05    0.003763       1.454
       2.964       1.358  -2.902e-05    0.003513       1.355
       2.974       1.265  -3.015e-05    0.003277       1.262
       2.984       1.178  -3.128e-05     0.00306       1.175
       2.994       1.097  -3.242e-05    0.002855       1.095
       3.004       1.022  -3.355e-05    0.002664       1.019
       3.014       0.951  -3.468e-05    0.002486      0.9486
       3.024      0.8852  -3.582e-05     0.00232      0.8829
       3.034      0.8238  -3.695e-05    0.002165      0.8216
       3.044      0.7665  -3.808e-05     0.00202      0.7645
       3.054      0.7132  -3.922e-05    0.001886      0.7113
       3.064      0.6635  -4.035e-05     0.00176      0.6618
       3.074      0.6172  -4.148e-05    0.001642      0.6156
       3.084      0.5741  -4.262e-05    0.001533      0.5726
       3.094       0.534  -4.375e-05     0.00143      0.5326
       3.104      0.4966  -4.489e-05    0.001334      0.4953
       3.114      0.4619  -4.602e-05    0.001245      0.4607
       3.124      0.4295  -4.715e-05    0.001162      0.4284
       3.134      0.3995  -4.829e-05    0.001085      0.3984
       3.144      0.3714  -4.942e-05    0.001013      0.3705
       3.154      0.3454  -5.055e-05    0.000945      0.3445
       3.164      0.3211  -5.169e-05   0.0008816      0.3203
       3.174      0.2986  -5.282e-05   0.0008231      0.2978
       3.184      0.2776  -5.396e-05   0.0007682      0.2769
       3.194       0.258  -5.509e-05   0.0007168      0.2574
       3.204      0.2398  -5.623e-05   0.0006689      0.2392
       3.214      0.2229  -5.736e-05   0.0006243      0.2223
       3.224      0.2071  -5.849e-05   0.0005827      0.2066
       3.234      0.1925  -5.963e-05   0.0005437       0.192
       3.244      0.1788  -6.076e-05   0.0005071      0.1784
       3.254      0.1661   -6.19e-05    0.000473      0.1657
       3.264      0.1543  -6.303e-05   0.0004416       0.154
       3.274      0.1433  -6.416e-05   0.0004123       0.143
       3.284      0.1331   -6.53e-05   0.0003847      0.1328
       3.294      0.1236  -6.643e-05   0.0003587      0.1233
       3.304      0.1145  -6.757e-05   4.271e-12      0.1145
       3.314      0.1063   -6.87e-05   4.271e-12      0.1064
       3.324     0.09869  -6.984e-05   4.271e-12     0.09876
       3.334     0.09165  -7.097e-05   4.271e-12     0.09172
       3.344     0.08511   -7.21e-05   4.271e-12     0.08518
       3.354     0.07904  -7.324e-05   4.271e-12     0.07911
       3.364     0.07341  -7.437e-05   4.271e-12     0.07348
       3.374     0.06819  -7.551e-05   4.271e-12     0.06826
       3.384     0.06334  -7.664e-05   4.271e-12     0.06342
       3.394     0.05885  -7.778e-05   4.271e-12     0.05893
       3.404     0.05469  -7.891e-05   4.271e-12     0.05477
       3.414     0.05084  -8.004e-05   4.271e-12     0.05092
       3.424     0.04727  -8.118e-05   4.271e-12     0.04735
       3.434     0.04396  -8.231e-05   4.271e-12     0.04404
       3.444      0.0409  -8.345e-05   4.271e-12     0.04098
       3.454     0.03806  -8.458e-05   4.271e-12     0.03815
       3.464     0.03543  -8.572e-05   4.271e-12     0.03552
       3.474     0.03299  -8.685e-05   4.271e-12     0.03308
       3.484     0.03075  -8.799e-05   4.271e-12     0.03083
       3.494     0.02866  -8.912e-05   4.271e-12     0.02875
       3.504     0.02674  -9.025e-05   4.271e-12     0.02683
       3.514     0.02496  -9.139e-05   4.271e-12     0.02505
       3.524     0.02331  -9.252e-05   4.271e-12      0.0234
       3.534     0.02179  -9.366e-05   4.271e-12     0.02188
       3.544     0.02038  -9.479e-05   4.271e-12     0.02048
       3.554     0.01908  -9.593e-05   4.271e-12     0.01918
       3.564     0.01788  -9.706e-05   4.271e-12     0.01798
       3.574     0.01677   -9.82e-05   4.271e-12     0.01687
       3.584     0.01575  -9.933e-05   4.271e-12     0.01584
       3.594      0.0148  -0.0001005   4.271e-12      0.0149
       3.604     0.01393  -0.0001016   4.271e-12     0.01403
       3.614     0.01312  -0.0001027   4.271e-12     0.01323
       3.624     0.01238  -0.0001039   4.271e-12     0.01249
       3.634      0.0117   -0.000105   4.271e-12     0.01181
       3.644     0.01107  -0.0001061   4.271e-12     0.01118
       3.654     0.01049  -0.0001073   4.271e-12      0.0106
       3.664    0.009963  -0.0001084   4.271e-12     0.01007
       3.674    0.009476  -0.0001095   4.271e-12    0.009585
       3.684    0.009029  -0.0001107   4.271e-12    0.009139
       3.694    0.008618  -0.0001118   4.271e-12     0.00873
       3.704    0.008243  -0.0001129   4.271e-12    0.008356
       3.714    0.007899  -0.0001141   4.271e-12    0.008013
       3.724    0.007585  -0.0001152   4.271e-12    0.007701
       3.734    0.007299  -0.0001163   4.271e-12    0.007416
       3.744    0.007039  -0.0001175   4.271e-12    0.007157
       3.754    0.006803  -0.0001186   4.271e-12    0.006921
       3.764    0.006589  -0.0001197   4.271e-12    0.006708
       3.774    0.006395  -0.0001209   4.271e-12    0.006516
       3.784    0.006221   -0.000122   4.271e-12    0.006343
       3.794    0.006065  -0.0001232   4.271e-12    0.006188
       3.804    0.005925  -0.0001243   4.271e-12    0.006049
       3.814    0.005801  -0.0001254   4.271e-12    0.005927
       3.824    0.005692  -0.0001266   4.271e-12    0.005818
       3.834    0.005596  -0.0001277   4.271e-12    0.005724
       3.844    0.005513  -0.0001288   4.271e-12    0.005641
       3.854    0.005441    -0.00013   4.271e-12    0.005571
       3.864    0.005381  -0.0001311   4.271e-12    0.005512
       3.874    0.005331  -0.0001322   4.271e-12    0.005463
       3.884    0.005291  -0.0001334   4.271e-12    0.005424
       3.894     0.00526  -0.0001345   4.271e-12    0.005395
       3.904    0.005238  -0.0001356   4.271e-12    0.005374
       3.914    0.005224  -0.0001368   4.271e-12    0.005361
       3.924    0.005218  -0.0001379   4.271e-12    0.005356
       3.934    0.005219   -0.000139   4.271e-12    0.005358
       3.944    0.005227  -0.0001402   4.271e-12    0.005367
       3.954    0.005241  -0.0001413   4.271e-12    0.005382
       3.964    0.005261  -0.0001424   4.271e-12    0.005404
       3.974    0.005288  -0.0001436   4.271e-12    0.005431
       3.984    0.005319  -0.0001447   4.271e-12    0.005464
       3.994    0.005357  -0.0001458   4.271e-12    0.005502
       4.004    0.005399   -0.000147   4.271e-12    0.005546
       4.014    0.005446  -0.0001481   4.271e-12    0.005594
       4.024    0.005498  -0.0001492   4.271e-12    0.005647
       4.034    0.005554  -0.0001504   4.271e-12    0.005704
       4.044    0.005615  -0.0001515   4.271e-12    0.005766
       4.054     0.00568  -0.0001526   4.271e-12    0.005832
       4.064    0.005748  -0.0001538   4.271e-12    0.005902
       4.074    0.005821  -0.0001549   4.271e-12    0.005976
       4.084    0.005898   -0.000156   4.271e-12    0.006054
       4.094    0.005978  -0.0001572   4.271e-12    0.006135
       4.104    0.006062  -0.0001583   4.271e-12     0.00622
       4.114    0.006149  -0.0001595   4.271e-12    0.006309
       4.124     0.00624  -0.0001606   4.271e-12    0.006401
       4.134    0.006335  -0.0001617   4.271e-12    0.006497
       4.144    0.006433  -0.0001629   4.271e-12    0.006595
       4.154    0.006534   -0.000164   4.271e-12    0.006698
       4.164    0.006638  -0.0001651   4.271e-12    0.006803
       4.174    0.006745  -0.0001663   4.271e-12    0.006912
       4.184    0.006856  -0.0001674   4.271e-12    0.007024
       4.194     0.00697  -0.0001685   4.271e-12    0.007139
       4.204    0.007087  -0.0001697   4.271e-12    0.007257
       4.214    0.007207  -0.0001708   4.271e-12    0.007378
       4.224    0.007331  -0.0001719   4.271e-12    0.007503
       4.234    0.007457  -0.0001731   4.271e-12     0.00763
       4.244    0.007587  -0.0001742   4.271e-12    0.007761
       4.254     0.00772  -0.0001753   4.271e-12    0.007895
       4.264    0.007856  -0.0001765   4.271e-12    0.008032
       4.274    0.007995  -0.0001776   4.271e-12    0.008173
       4.284    0.008138  -0.0001787   4.271e-12    0.008316
       4.294    0.008283  -0.0001799   4.271e-12    0.008463
       4.304    0.008432   -0.000181   4.271e-12    0.008613
       4.314    0.008584  -0.0001821   4.271e-12    0.008766
       4.324    0.008739  -0.0001833   4.271e-12    0.008923
       4.334    0.008898  -0.0001844   4.271e-12    0.009083
       4.344     0.00906  -0.0001855   4.271e-12    0.009246
       4.354    0.009226  -0.0001867   4.271e-12    0.009412
       4.364    0.009395  -0.0001878   4.271e-12    0.009582
       4.374    0.009567  -0.0001889   4.271e-12    0.009756
       4.384    0.009743  -0.0001901   4.271e-12    0.009933
       4.394    0.009922  -0.0001912   4.271e-12     0.01011
       4.404     0.01011  -0.0001923   4.271e-12      0.0103
       4.414     0.01029  -0.0001935   4.271e-12     0.01049
       4.424     0.01048  -0.0001946   4.271e-12     0.01068
       4.434     0.01068  -0.0001957   4.271e-12     0.01087
       4.444     0.01088  -0.0001969   4.271e-12     0.01107
       4.454     0.01108   -0.000198   4.271e-12     0.01128
       4.464     0.01128  -0.0001991   4.271e-12     0.01148
       4.474     0.01149  -0.0002003   4.271e-12     0.01169
       4.484     0.01171  -0.0002014   4.271e-12     0.01191
       4.494     0.01193  -0.0002025   4.271e-12     0.01213
       4.504     0.01215  -0.0002037   4.271e-12     0.01235
       4.514     0.01237  -0.0002048   4.271e-12     0.01258
       4.524     0.01261   -0.000206   4.271e-12     0.01281
       4.534     0.01284  -0.0002071   4.271e-12     0.01305
       4.544     0.01308  -0.0002082   4.271e-12     0.01329
       4.554     0.01333  -0.0002094   4.271e-12     0.01353
       4.564     0.01357  -0.0002105   4.271e-12     0.01379
       4.574     0.01383  -0.0002116   4.271e-12     0.01404
       4.584     0.01409  -0.0002128   4.271e-12      0.0143
       4.594     0.01435  -0.0002139   4.271e-12     0.01456
       4.604     0.01462   -0.000215   4.271e-12     0.01483
       4.614     0.01489  -0.0002162   4.271e-12     0.01511
       4.624     0.01517  -0.0002173   4.271e-12     0.01539
       4.634     0.01546  -0.0002184   4.271e-12     0.01568
       4.644     0.01575  -0.0002196   4.271e-12     0.01597
       4.654     0.01604  -0.0002207   4.271e-12     0.01626
       4.664     0.01634  -0.0002218   4.271e-12     0.01656
       4.674     0.01665   -0.000223   4.271e-12     0.01687
       4.684     0.01696  -0.0002241   4.271e-12     0.01718
       4.694     0.01728  -0.0002252   4.271e-12      0.0175
       4.704      0.0176  -0.0002264   4.271e-12     0.01783
       4.714     0.01793  -0.0002275   4.271e-12     0.01816
       4.724     0.01827  -0.0002286   4.271e-12      0.0185
       4.734     0.01861  -0.0002298   4.271e-12     0.01884
       4.744     0.01896  -0.0002309   4.271e-12     0.01919
       4.754     0.01931   -0.000232   4.271e-12     0.01955
       4.764     0.01968  -0.0002332   4.271e-12     0.01991
       4.774     0.02004  -0.0002343   4.271e-12     0.02028
       4.784     0.02042  -0.0002354   4.271e-12     0.02066
       4.794      0.0208  -0.0002366   4.271e-12     0.02104
       4.804     0.02119  -0.0002377   4.271e-12     0.02143
       4.814     0.02159  -0.0002388   4.271e-12     0.02183
       4.824     0.02199    -0.00024   4.271e-12     0.02223
       4.834     0.02241  -0.0002411   4.271e-12     0.02265
       4.844     0.02283  -0.0002422   4.271e-12     0.02307
       4.854     0.02325  -0.0002434   4.271e-12      0.0235
       4.864     0.02369  -0.0002445   4.271e-12     0.02393
       4.874     0.02413  -0.0002456   4.271e-12     0.02438
       4.884     0.02458  -0.0002468   4.271e-12     0.02483
       4.894     0.02504  -0.0002479   4.271e-12     0.02529
       4.904     0.02551   -0.000249   4.271e-12     0.02576
       4.914     0.02599  -0.0002502   4.271e-12     0.02624
       4.924     0.02648  -0.0002513   4.271e-12     0.02673
       4.934     0.02697  -0.0002524   4.271e-12     0.02723
       4.944     0.02748  -0.0002536   4.271e-12     0.02773
       4.954     0.02799  -0.0002547   4.271e-12     0.02825
       4.964     0.02852  -0.0002559   4.271e-12     0.02877
       4.974     0.02905   -0.000257   4.271e-12     0.02931
       4.984     0.02959  -0.0002581   4.271e-12     0.02985
       4.994     0.03015  -0.0002593   4.271e-12     0.03041
       5.004     0.03071  -0.0002604   4.271e-12     0.03097
       5.014     0.03129  -0.0002615   4.271e-12     0.03155
       5.024     0.03187  -0.0002627   4.271e-12     0.03213
       5.034     0.03247  -0.0002638   4.271e-12     0.03273
       5.044     0.03308  -0.0002649   4.271e-12     0.03334
       5.054     0.03369  -0.0002661   4.271e-12     0.03396
       5.064     0.03432  -0.0002672   4.271e-12     0.03459
       5.074     0.03497  -0.0002683   4.271e-12     0.03523
       5.084     0.03562  -0.0002695   4.271e-12     0.03589
       5.094     0.03629  -0.0002706   4.271e-12     0.03656
       5.104     0.03696  -0.0002717   4.271e-12     0.03724
       5.114     0.03766  -0.0002729   4.271e-12     0.03793
       5.124     0.03836   -0.000274   4.271e-12     0.03863
       5.134     0.03908  -0.0002751   4.271e-12     0.03935
       5.144     0.03981  -0.0002763   4.271e-12     0.04008
       5.154     0.04055  -0.0002774   4.271e-12     0.04083
       5.164     0.04131  -0.0002785   4.271e-12     0.04159
       5.174     0.04208  -0.0002797   4.271e-12     0.04236
       5.184     0.04287  -0.0002808   4.271e-12     0.04315
       5.194     0.04367  -0.0002819   4.271e-12     0.04395
       5.204     0.04448  -0.0002831   4.271e-12     0.04477
       5.214     0.04532  -0.0002842   4.271e-12      0.0456
       5.224     0.04616  -0.0002853   4.271e-12     0.04645
       5.234     0.04702  -0.0002865   4.271e-12     0.04731
       5.244      0.0479  -0.0002876   4.271e-12     0.04819
       5.254      0.0488  -0.0002887   4.271e-12     0.04909
       5.264     0.04971  -0.0002899   4.271e-12        0.05
       5.274     0.05064   -0.000291   4.271e-12     0.05093
       5.284     0.05158  -0.0002921   4.271e-12     0.05188
       5.294     0.05255  -0.0002933   4.271e-12     0.05284
       5.304     0.05353  -0.0002944   4.271e-12     0.05382
       5.314     0.05453  -0.0002955   4.271e-12     0.05482
       5.324     0.05555  -0.0002967   4.271e-12     0.05584
       5.334     0.05658  -0.0002978   4.271e-12     0.05688
       5.344     0.05764  -0.0002989   4.271e-12     0.05794
       5.354     0.05871  -0.0003001   4.271e-12     0.05901
       5.364     0.05981  -0.0003012   4.271e-12     0.06011
       5.374     0.06093  -0.0003023   4.271e-12     0.06123
       5.384     0.06206  -0.0003035   4.271e-12     0.06237
       5.394     0.06322  -0.0003046   4.271e-12     0.06353
       5.404      0.0644  -0.0003057   4.271e-12     0.06471
       5.414      0.0656  -0.0003069   4.271e-12     0.06591
       5.424     0.06683   -0.000308   4.271e-12     0.06714
       5.434     0.06808  -0.0003092   4.271e-12     0.06838
       5.444     0.06935  -0.0003103   4.271e-12     0.06966
       5.454     0.07064  -0.0003114   4.271e-12     0.07095
       5.464     0.07196  -0.0003126   4.271e-12     0.07227
       5.474      0.0733  -0.0003137   4.271e-12     0.07361
       5.484     0.07467  -0.0003148   4.271e-12     0.07498
       5.494     0.07606   -0.000316   4.271e-12     0.07638
       5.504     0.07748  -0.0003171   4.271e-12      0.0778
       5.514     0.07892  -0.0003182   4.271e-12     0.07924
       5.524      0.0804  -0.0003194   4.271e-12     0.08072
       5.534      0.0819  -0.0003205   4.271e-12     0.08222
       5.544     0.08342  -0.0003216   4.271e-12     0.08375
       5.554     0.08498  -0.0003228   4.271e-12      0.0853
       5.564     0.08656  -0.0003239   4.271e-12     0.08689
       5.574     0.08818   -0.000325   4.271e-12      0.0885
       5.584     0.08982  -0.0003262   4.271e-12     0.09015
       5.594      0.0915  -0.0003273   4.271e-12     0.09182
       5.604      0.0932  -0.0003284   4.271e-12     0.09353
       5.614     0.09494  -0.0003296   4.271e-12     0.09527
       5.624     0.09671  -0.0003307   4.271e-12     0.09704
       5.634     0.09851  -0.0003318   4.271e-12     0.09885
       5.644      0.1004   -0.000333   4.271e-12      0.1007
       5.654      0.1022  -0.0003341   4.271e-12      0.1026
       5.664      0.1041  -0.0003352   4.271e-12      0.1045
       5.674      0.1061  -0.0003364   4.271e-12      0.1064
       5.684       0.108  -0.0003375   4.271e-12      0.1084
       5.694      0.1101  -0.0003386   4.271e-12      0.1104
       5.704      0.1121  -0.0003398   4.271e-12      0.1125
       5.714      0.1142  -0.0003409   4.271e-12      0.1145
       5.724      0.1163   -0.000342   4.271e-12      0.1167
       5.734      0.1185  -0.0003432   4.271e-12      0.1188
       5.744      0.1207  -0.0003443   4.271e-12       0.121
       5.754       0.123  -0.0003454   4.271e-12      0.1233
       5.764      0.1252  -0.0003466   4.271e-12      0.1256
       5.774      0.1276  -0.0003477   4.271e-12      0.1279
       5.784        0.13  -0.0003488   4.271e-12      0.1303
       5.794      0.1324    -0.00035   4.271e-12      0.1327
       5.804      0.1348  -0.0003511   4.271e-12      0.1352
       5.814      0.1374  -0.0003522   4.271e-12      0.1377
       5.824      0.1399  -0.0003534   4.271e-12      0.1403
       5.834      0.1425  -0.0003545   4.271e-12      0.1429
       5.844      0.1452  -0.0003556   4.271e-12      0.1455
       5.854      0.1479  -0.0003568   4.271e-12      0.1482
       5.864      0.1506  -0.0003579   4.271e-12       0.151
       5.874      0.1534   -0.000359   4.271e-12      0.1538
       5.884      0.1563  -0.0003602   4.271e-12      0.1567
       5.894      0.1592  -0.0003613   4.271e-12      0.1596
