#      lgwW_       lgfF_      logerr         wW_         fF_        dfF_
#
       1.204      -1.738      -1.738          16    0.003648    0.007324
           2      0.1567      0.1567         100      0.6259      0.4043
       2.204      0.3381      0.3381         160      0.6488      0.7647
       2.398        10.3        10.3         250         -99       1e+10
       2.544        10.3        10.3         350         -99       1e+10
       2.699        10.3        10.3         500         -99       1e+10
       2.929        10.3        10.3         850         -99       1e+10
       3.064        10.3        10.3        1160         -99       1e+10
       5.301      -1.541      -1.541       2e+05   0.0009351     0.01391
