#      lgwW_       lgfF_      logerr         wW_         fF_        dfF_
#
       1.204       7.301       7.301          16         -99       1e+07
       2.204      0.9292      0.9292         160         1.8       3.348
       2.398        10.3        10.3         250         -99       1e+10
       2.544        10.3        10.3         350         -99       1e+10
       2.699        10.3        10.3         500         -99       1e+10
       2.929        10.3        10.3         850         -99       1e+10
       3.064        10.3        10.3        1160         -99       1e+10
       5.301      -2.046      -2.046       2e+05    0.002764    0.003115
