#      lgwW_       lgfF_      logerr         wW_         fF_        dfF_
#
       1.204       -1.57       -1.57          16   1.903e-10     0.01346
        1.38      -1.517      -1.517          24     0.01392    0.008246
           2     -0.1821     -0.1821         100   1.792e-05      0.3287
       2.204      0.3265      0.3265         160   1.745e-05        1.06
       2.398        10.3        10.3         250         -99       1e+10
       2.544        10.3        10.3         350         -99       1e+10
       2.699        10.3        10.3         500         -99       1e+10
       2.929        10.3        10.3         850         -99       1e+10
       3.064        10.3        10.3        1160         -99       1e+10
