#      _xxWS        ftot       firac        fagn        fsfr
#
     -0.3283      0.1215    0.000524   6.783e-13       0.121
     -0.3183     0.09722    0.000548   6.783e-13     0.09667
     -0.3083     0.07292   0.0005839   6.783e-13     0.07234
     -0.2983     0.04862   0.0006234   6.783e-13       0.048
     -0.2883     0.02433     0.00067   6.783e-13     0.02366
     -0.2783   0.0007206   0.0007204   6.783e-13   1.389e-07
     -0.2683   0.0007485   0.0007484   6.783e-13   1.415e-07
     -0.2583   0.0007771   0.0007769   6.783e-13   1.441e-07
     -0.2483   0.0007725   0.0007723   6.783e-13   1.468e-07
     -0.2383   0.0007819   0.0007817   6.783e-13   1.495e-07
     -0.2283   0.0007834   0.0007832   6.783e-13   1.523e-07
     -0.2183    0.000788   0.0007879   6.783e-13   1.551e-07
     -0.2083   0.0007779   0.0007778   6.783e-13    1.58e-07
     -0.1983   0.0007957   0.0007955   6.783e-13   1.609e-07
     -0.1883   0.0008086   0.0008084   6.783e-13   1.639e-07
     -0.1783   0.0008143   0.0008141   6.783e-13    1.67e-07
     -0.1683   0.0008167   0.0008166   6.783e-13   1.701e-07
     -0.1583   0.0008115   0.0008114   6.783e-13   1.732e-07
     -0.1483   0.0008016   0.0008014   6.783e-13   1.765e-07
     -0.1383   0.0007917   0.0007915   6.783e-13   1.798e-07
     -0.1283   0.0007834   0.0007832   6.783e-13   1.831e-07
     -0.1183    0.000783   0.0007828   6.783e-13   1.865e-07
     -0.1083   0.0007756   0.0007754   6.783e-13     1.9e-07
    -0.09829   0.0007726   0.0007724   6.783e-13   1.935e-07
    -0.08829   0.0007773   0.0007771   6.783e-13   1.971e-07
    -0.07829   0.0007917   0.0007915   6.783e-13   2.008e-07
    -0.06829   0.0007928   0.0007926   6.783e-13   2.045e-07
    -0.05829   0.0007963   0.0007961   6.783e-13   2.083e-07
    -0.04829    0.000795   0.0007948   6.783e-13   2.122e-07
    -0.03829   0.0007916   0.0007913   6.783e-13   2.161e-07
    -0.02829   0.0007844   0.0007842   6.783e-13   2.201e-07
    -0.01829   0.0007781   0.0007779   6.783e-13   2.242e-07
   -0.008291   0.0007729   0.0007726   6.783e-13   2.284e-07
    0.001709    0.000767   0.0007668   6.783e-13   2.326e-07
     0.01171   0.0007622   0.0007619   6.783e-13    2.37e-07
     0.02171   0.0007586   0.0007584   6.783e-13   2.414e-07
     0.03171   0.0007542   0.0007539   6.783e-13   2.459e-07
     0.04171   0.0007456   0.0007454   6.783e-13   2.504e-07
     0.05171   0.0007395   0.0007392   6.783e-13   2.551e-07
     0.06171   0.0007349   0.0007346   6.783e-13   2.598e-07
     0.07171   0.0007295   0.0007293   6.783e-13   2.647e-07
     0.08171   0.0007247   0.0007244   6.783e-13   2.696e-07
     0.09171   0.0007217   0.0007214   6.783e-13   2.746e-07
      0.1017   0.0007229   0.0007226   6.783e-13   2.797e-07
      0.1117   0.0007225   0.0007223   6.783e-13   2.849e-07
      0.1217   0.0007224   0.0007221   6.783e-13   2.902e-07
      0.1317   0.0007241   0.0007238   6.783e-13   2.956e-07
      0.1417   0.0007234   0.0007231   6.783e-13   3.011e-07
      0.1517   0.0007234   0.0007231   6.783e-13   3.067e-07
      0.1617   0.0007225   0.0007222   6.783e-13   3.124e-07
      0.1717   0.0007252   0.0007249   6.783e-13   3.182e-07
      0.1817     0.00075   0.0007497   6.783e-13   3.241e-07
      0.1917   0.0007617   0.0007614   6.783e-13   3.301e-07
      0.2017   0.0007829   0.0007825   6.783e-13   3.363e-07
      0.2117   0.0008231   0.0008227   6.783e-13   3.425e-07
      0.2217   0.0008663   0.0008659   6.783e-13   3.489e-07
      0.2317    0.000908   0.0009077   6.783e-13   3.554e-07
      0.2417   0.0009469   0.0009466   6.783e-13    3.62e-07
      0.2517   0.0009918   0.0009915   6.783e-13   3.687e-07
      0.2617    0.001042    0.001041   6.783e-13   3.756e-07
      0.2717     0.00109     0.00109   6.783e-13   3.825e-07
      0.2817    0.001139    0.001138   6.783e-13   3.896e-07
      0.2917    0.001186    0.001186   6.783e-13   3.969e-07
      0.3017    0.001227    0.001227   6.783e-13   4.043e-07
      0.3117    0.001245    0.001244   6.783e-13   4.118e-07
      0.3217    0.001278    0.001278   6.783e-13   4.194e-07
      0.3317    0.001303    0.001303   6.783e-13   4.272e-07
      0.3417    0.001307    0.001307   6.783e-13   4.352e-07
      0.3517     0.00131    0.001309   6.783e-13   4.433e-07
      0.3617    0.001315    0.001314   6.783e-13   4.515e-07
      0.3717    0.001321     0.00132   6.783e-13   4.599e-07
      0.3817    0.001325    0.001324   6.783e-13   4.685e-07
      0.3917    0.001321     0.00132   6.783e-13   4.772e-07
      0.4017     0.00132     0.00132   6.783e-13    4.86e-07
      0.4117    0.001322    0.001321   6.783e-13   4.951e-07
      0.4217    0.001325    0.001325   6.783e-13   5.043e-07
      0.4317    0.001334    0.001334   6.783e-13   5.137e-07
      0.4417    0.001343    0.001342   6.783e-13   5.232e-07
      0.4517    0.001347    0.001347   6.783e-13   5.329e-07
      0.4617    0.001352    0.001351   6.783e-13   5.428e-07
      0.4717     0.00136    0.001359   6.783e-13   5.529e-07
      0.4817     0.00137    0.001369   6.783e-13   5.632e-07
      0.4917    0.001377    0.001376   6.783e-13   5.737e-07
      0.5017    0.001385    0.001384   6.783e-13   5.844e-07
      0.5117    0.001392    0.001391   6.783e-13   5.952e-07
      0.5217    0.001401    0.001401   6.783e-13   6.063e-07
      0.5317    0.001406    0.001406   6.783e-13   6.176e-07
      0.5417    0.001422    0.001422   6.783e-13    6.29e-07
      0.5517    0.001438    0.001438   6.783e-13   6.407e-07
      0.5617    0.001456    0.001456   6.783e-13   6.526e-07
      0.5717    0.001472    0.001471   6.783e-13   6.648e-07
      0.5817    0.001481     0.00148   6.783e-13   6.771e-07
      0.5917      0.0015    0.001499   6.783e-13   6.897e-07
      0.6017    0.001518    0.001517   6.783e-13   7.025e-07
      0.6117    0.001532    0.001531   6.783e-13   7.156e-07
      0.6217    0.001548    0.001547   6.783e-13   7.289e-07
      0.6317    0.001566    0.001565   6.783e-13   7.425e-07
      0.6417    0.001574    0.001573   6.783e-13   7.563e-07
      0.6517    0.001592    0.001587   6.783e-13   4.954e-06
      0.6617    0.001612    0.001602   6.783e-13   9.529e-06
      0.6717    0.001619    0.001605   6.783e-13   1.374e-05
      0.6817    0.001626    0.001608   6.783e-13   1.781e-05
      0.6917     0.00163    0.001608   6.783e-13   2.199e-05
      0.7017    0.001636     0.00161   6.783e-13   2.626e-05
      0.7117    0.001649    0.001619   6.783e-13   3.003e-05
      0.7217    0.001654    0.001621   6.783e-13    3.29e-05
      0.7317    0.001659    0.001624   6.783e-13    3.49e-05
      0.7417    0.001664    0.001628   6.783e-13   3.593e-05
      0.7517     0.00166    0.001624   6.783e-13   3.537e-05
      0.7617    0.001659    0.001624   6.783e-13   3.531e-05
      0.7717    0.001667    0.001631   6.783e-13   3.614e-05
      0.7817    0.001672    0.001635   6.783e-13   3.732e-05
      0.7917    0.001684    0.001645   6.783e-13   3.859e-05
      0.8017    0.001691    0.001651   6.783e-13   3.976e-05
      0.8117      0.0017     0.00166   6.783e-13   4.062e-05
      0.8217    0.001711     0.00167   6.783e-13   4.095e-05
      0.8317    0.001727    0.001686   6.783e-13   4.074e-05
      0.8417    0.001741      0.0017   6.783e-13   4.058e-05
      0.8517    0.001751     0.00171   6.783e-13   4.087e-05
      0.8617     0.00175    0.001708   6.783e-13   4.151e-05
      0.8717    0.001747    0.001704   6.783e-13   4.229e-05
      0.8817    0.001755    0.001712   6.783e-13   4.315e-05
      0.8917    0.001749    0.001704   6.783e-13    4.43e-05
      0.9017    0.001744    0.001698   6.783e-13   4.582e-05
      0.9117    0.001732    0.001685   6.783e-13   4.762e-05
      0.9217    0.001716    0.001666   6.783e-13   4.964e-05
      0.9317    0.001698    0.001646   6.783e-13   5.184e-05
      0.9417     0.00167    0.001616   6.783e-13   5.418e-05
      0.9517     0.00164    0.001583   6.783e-13   5.669e-05
      0.9617    0.001592    0.001533   6.783e-13   5.933e-05
      0.9717     0.00155    0.001488   6.783e-13   6.216e-05
      0.9817    0.001508    0.001443   6.783e-13   6.518e-05
      0.9917    0.001457    0.001388   6.783e-13   6.849e-05
       1.002      0.0014    0.001328   6.783e-13   7.217e-05
       1.012    0.001344    0.001268   6.783e-13   7.623e-05
       1.022    0.001306    0.001225   6.783e-13   8.041e-05
       1.032    0.001263    0.001178   6.783e-13   8.463e-05
       1.042     0.00123    0.001141   6.783e-13     8.9e-05
       1.052    0.001197    0.001103   6.783e-13   9.367e-05
       1.062    0.002007    0.001064   0.0008438    9.88e-05
       1.072     0.00198    0.001023   0.0008524   0.0001046
       1.082    0.001954   0.0009793   0.0008632   0.0001117
       1.092    0.001943   0.0009454   0.0008768   0.0001213
       1.102     0.00194    0.000908   0.0008941   0.0001382
       1.112    0.001975   0.0008709   0.0009159   0.0001886
       1.122    0.002484     0.00085   0.0009429   0.0006912
       1.132    0.002554   0.0008392   0.0009758   0.0007392
       1.142    0.002599   0.0008254    0.001015   0.0007577
       1.152    0.002637   0.0008026    0.001063   0.0007718
       1.162    0.002682   0.0007794    0.001118   0.0007848
       1.172    0.002728   0.0007476    0.001183    0.000798
       1.182    0.002782   0.0007135    0.001257   0.0008119
       1.192    0.002852   0.0006834    0.001342   0.0008269
       1.202    0.002943    0.000662    0.001438   0.0008432
       1.212    0.003052   0.0006445    0.001547   0.0008607
       1.222    0.003175   0.0006285    0.001668   0.0008786
       1.232     0.00331   0.0006149    0.001803   0.0008926
       1.242    0.003425   0.0005962    0.001952    0.000877
       1.252    0.003107    0.000576    0.002117   0.0004139
       1.262    0.003259   0.0005511    0.002297   0.0004105
       1.272     0.00346   0.0005236    0.002494   0.0004428
       1.282    0.003693   0.0004997    0.002707   0.0004869
       1.292    0.003953   0.0004768    0.002935    0.000541
       1.302    0.004242   0.0004571    0.003178   0.0006065
       1.312    0.004565   0.0004399    0.003434    0.000691
       1.322    0.004947   0.0004235    0.003701   0.0008229
       1.332     0.00533   0.0004068    0.003976   0.0009472
       1.342     0.00573   0.0003896    0.004258    0.001082
       1.352    0.006198   0.0003721    0.004542    0.001284
       1.362    0.006716    0.000353    0.004825    0.001539
       1.372    0.007234   0.0003398    0.005103    0.001792
       1.382    0.007901    0.000328    0.005371    0.002202
       1.392    0.009416   0.0003184    0.005634    0.003463
       1.402     0.01071   0.0003085    0.005899    0.004502
       1.412     0.01153   0.0002983    0.006171     0.00506
       1.422     0.01236   0.0002883     0.00644    0.005633
       1.432     0.01325   0.0002789    0.006713    0.006261
       1.442     0.01416   0.0002695    0.006985    0.006906
       1.452     0.01518   0.0002602    0.007261    0.007658
       1.462     0.01654   0.0002513    0.007539     0.00875
       1.472     0.01856   0.0002421    0.007812     0.01051
       1.482     0.02183    0.000233    0.008076     0.01352
       1.492     0.02518   0.0002243    0.008328     0.01663
       1.502     0.02805   0.0002154    0.008567     0.01927
       1.512     0.02975   0.0002069    0.008783     0.02076
       1.522     0.03032   0.0001984    0.008957     0.02116
       1.532     0.03137   0.0001908    0.009092     0.02209
       1.542     0.03279   0.0001836    0.009186     0.02342
       1.552     0.03355   0.0001773    0.009236     0.02413
       1.562     0.03404   0.0001708    0.009234     0.02464
       1.572     0.03446   0.0001651    0.009205     0.02509
       1.582     0.03476   0.0001596    0.009176     0.02542
       1.592     0.03479   0.0001541    0.009174     0.02546
       1.602     0.03424    0.000149    0.009216     0.02488
       1.612     0.03252   0.0001437     0.00931     0.02307
       1.622     0.03084   0.0001383    0.009476     0.02123
       1.632     0.02992   0.0001328    0.009741     0.02005
       1.642     0.03058   0.0001273     0.01008     0.02037
       1.652     0.03498   0.0001219     0.01053     0.02432
       1.662     0.03751   0.0001165     0.01109     0.02631
       1.672     0.03932   0.0001109     0.01174     0.02747
       1.682     0.04235   0.0001051     0.01252     0.02972
       1.692     0.04558   9.953e-05     0.01341     0.03207
       1.702     0.05008   9.379e-05     0.01439      0.0356
       1.712     0.05372   8.806e-05     0.01545     0.03818
       1.722     0.05697   8.236e-05     0.01658     0.04031
       1.732     0.06055   7.682e-05     0.01775     0.04272
       1.742     0.06377   7.167e-05     0.01897     0.04473
       1.752      0.0671   6.689e-05     0.02021     0.04682
       1.762     0.07018   6.246e-05     0.02145     0.04868
       1.772     0.07295   5.836e-05      0.0227     0.05019
       1.782     0.07262   5.459e-05     0.02394     0.04862
       1.792      0.0743   5.112e-05     0.02516     0.04909
       1.802      0.0774   4.793e-05     0.02636     0.05099
       1.812     0.08072   4.501e-05     0.02754     0.05314
       1.822     0.08534   4.235e-05      0.0287      0.0566
       1.832     0.08951   3.993e-05     0.02986     0.05961
       1.842     0.09516   3.772e-05     0.03098     0.06414
       1.852      0.1008   3.572e-05     0.03206     0.06874
       1.862      0.1062   3.391e-05     0.03311     0.07304
       1.872      0.1122   3.227e-05     0.03413     0.07805
       1.882      0.1187   3.078e-05     0.03517     0.08346
       1.892      0.1254   2.944e-05     0.03624      0.0891
       1.902      0.1323   2.821e-05      0.0373     0.09499
       1.912      0.1395   2.709e-05     0.03838      0.1011
       1.922      0.1468   2.607e-05     0.03951      0.1073
       1.932      0.1542   2.511e-05     0.04063      0.1136
       1.942      0.1616   2.423e-05     0.04177      0.1198
       1.952      0.1684   2.339e-05     0.04291      0.1255
       1.962      0.1754    2.26e-05     0.04407      0.1313
       1.972      0.1826   2.184e-05      0.0452      0.1374
       1.982      0.1914   2.111e-05     0.04635       0.145
       1.992      0.2013    2.04e-05     0.04748      0.1538
       2.002      0.2122    1.97e-05     0.04859      0.1636
       2.012      0.2241   1.902e-05     0.04963      0.1744
       2.022      0.2376   1.834e-05     0.05062      0.1869
       2.032      0.2529   1.767e-05     0.05159      0.2012
       2.042      0.2701   1.702e-05     0.05251      0.2176
       2.052      0.2898   1.637e-05     0.05339      0.2364
       2.062      0.3121   1.573e-05     0.05425      0.2578
       2.072      0.3375   1.511e-05     0.05507      0.2824
       2.082      0.3663   1.449e-05     0.05589      0.3104
       2.092       0.399   1.389e-05     0.05671      0.3423
       2.102      0.4358    1.33e-05     0.05753      0.3782
       2.112      0.4769   1.272e-05     0.05836      0.4185
       2.122      0.5225   1.215e-05      0.0592      0.4632
       2.132      0.5725    1.16e-05     0.06008      0.5124
       2.142      0.6271   1.106e-05       0.061      0.5661
       2.152      0.6858   1.054e-05     0.06195      0.6238
       2.162      0.7485   1.004e-05     0.06291      0.6856
       2.172      0.8149   9.545e-06     0.06392       0.751
       2.182      0.8846   9.071e-06     0.06496      0.8196
       2.192      0.9571   8.614e-06     0.06601       0.891
       2.202       1.032   8.174e-06     0.06705      0.9649
       2.212       1.109   7.753e-06     0.06808       1.041
       2.222       1.187    7.35e-06     0.06909       1.118
       2.232       1.266   6.966e-06     0.07005       1.196
       2.242       1.346   6.601e-06     0.07101       1.275
       2.252       1.427   6.255e-06     0.07187       1.355
       2.262       1.508   5.928e-06     0.07265       1.435
       2.272       1.589    5.62e-06     0.07337       1.516
       2.282       1.671    5.33e-06     0.07396       1.597
       2.292       1.753   5.059e-06     0.07448       1.679
       2.302       1.836   4.805e-06      0.0749       1.761
       2.312       1.918   4.567e-06     0.07518       1.843
       2.322       2.002   4.346e-06     0.07534       1.926
       2.332       2.085    4.14e-06     0.07541        2.01
       2.342       2.169   3.947e-06     0.07536       2.094
       2.352       2.253   3.767e-06      0.0752       2.178
       2.362       2.337   3.599e-06     0.07494       2.262
       2.372       2.421   3.442e-06     0.07452       2.347
       2.382       2.505   3.294e-06     0.07401       2.431
       2.392       2.587   3.154e-06     0.07339       2.514
       2.402       2.669   3.022e-06     0.07264       2.596
       2.412       2.749   2.897e-06     0.07183       2.677
       2.422       2.828   2.777e-06     0.07091       2.757
       2.432       2.904   2.662e-06     0.06988       2.834
       2.442       2.977   2.551e-06     0.06877       2.908
       2.452       3.047   2.445e-06      0.0676        2.98
       2.462       3.114   2.342e-06     0.06634       3.048
       2.472       3.177   2.242e-06       0.065       3.112
       2.482       3.236   2.146e-06      0.0636       3.172
       2.492        3.29   2.052e-06     0.06213       3.228
       2.502       3.339   1.961e-06     0.06061       3.278
       2.512       3.382   1.873e-06     0.05906       3.323
       2.522        3.42   1.788e-06     0.05749       3.363
       2.532       3.452   1.706e-06     0.05587       3.397
       2.542       3.479   1.628e-06     0.05423       3.424
       2.552       3.499   1.553e-06     0.05256       3.446
       2.562       3.513   1.481e-06     0.05089       3.462
       2.572        3.52   1.412e-06     0.04921       3.471
       2.582       3.522   1.347e-06     0.04752       3.474
       2.592       3.517   1.285e-06     0.04585       3.471
       2.602       3.506   1.226e-06     0.04418       3.462
       2.612        3.49    1.17e-06     0.04254       3.447
       2.622       3.467   1.117e-06     0.04091       3.426
       2.632       3.439   1.066e-06     0.03929         3.4
       2.642       3.406   1.018e-06      0.0377       3.368
       2.652       3.368   9.722e-07     0.03615       3.332
       2.662       3.325   9.285e-07     0.03461       3.291
       2.672       3.279   8.868e-07     0.03312       3.246
       2.682       3.229    8.47e-07     0.03166       3.197
       2.692       3.176   8.089e-07     0.03024       3.145
       2.702        3.12   7.725e-07     0.02886       3.091
       2.712       3.062   7.376e-07     0.02751       3.035
       2.722       3.003   7.042e-07     0.02621       2.977
       2.732       2.944   6.723e-07     0.02495       2.919
       2.742       2.882   6.418e-07     0.02372       2.859
       2.752       2.819   6.127e-07     0.02254       2.796
       2.762       2.752   5.849e-07     0.02141        2.73
       2.772       2.681   5.585e-07     0.02032       2.661
       2.782       2.607   5.332e-07     0.01926       2.588
       2.792       2.531   5.091e-07     0.01825       2.512
       2.802       2.452    4.86e-07     0.01727       2.435
       2.812       2.371    4.64e-07     0.01634       2.354
       2.822       2.288   4.427e-07     0.01544       2.272
       2.832       2.203   4.222e-07     0.01459       2.188
       2.842       2.117   4.024e-07     0.01378       2.103
       2.852       2.029   3.831e-07       0.013       2.016
       2.862        1.94   3.642e-07     0.01225       1.927
       2.872        1.85   3.458e-07     0.01154       1.839
       2.882       1.762   3.275e-07     0.01088       1.751
       2.892       1.676   3.095e-07     0.01024       1.666
       2.902       1.594   2.916e-07    0.009635       1.584
       2.912       1.515   2.738e-07    0.009058       1.506
       2.922       1.438   2.559e-07    0.008516        1.43
       2.932       1.365   2.381e-07    0.008005       1.357
       2.942       1.295   2.203e-07    0.007521       1.288
       2.952       1.227   2.025e-07    0.007053        1.22
       2.962       1.162   1.847e-07    0.006616       1.156
       2.972         1.1   1.669e-07    0.006197       1.094
       2.982        1.04   1.491e-07    0.005803       1.034
       2.992      0.9825   1.313e-07    0.005428      0.9771
       3.002      0.9272   1.135e-07    0.005076      0.9222
       3.012      0.8743   9.565e-08    0.004741      0.8695
       3.022      0.8234   7.784e-08    0.004429      0.8189
       3.032      0.7746   6.003e-08    0.004135      0.7705
       3.042       0.728   4.222e-08     0.00386      0.7242
       3.052      0.6835   2.441e-08      0.0036      0.6799
       3.062       0.641     6.6e-09     0.00336      0.6377
       3.072      0.6006  -1.121e-08    0.003136      0.5974
       3.082      0.5621  -2.902e-08    0.002927      0.5592
       3.092      0.5255  -4.683e-08    0.002733      0.5228
       3.102      0.4909  -6.464e-08     0.00255      0.4883
       3.112       0.458  -8.245e-08     0.00238      0.4556
       3.122       0.427  -1.003e-07    0.002222      0.4247
       3.132      0.3977  -1.181e-07    0.002072      0.3957
       3.142      0.3703  -1.359e-07    0.001933      0.3684
       3.152      0.3448  -1.537e-07    0.001805       0.343
       3.162      0.3208  -1.715e-07    0.001683      0.3192
       3.172      0.2985  -1.893e-07    0.001572      0.2969
       3.182      0.2776  -2.071e-07    0.001467      0.2762
       3.192      0.2581  -2.249e-07    0.001369      0.2568
       3.202      0.2399  -2.427e-07    0.001278      0.2387
       3.212       0.223  -2.605e-07    0.001193      0.2218
       3.222      0.2072  -2.784e-07    0.001112       0.206
       3.232      0.1924  -2.962e-07    0.001039      0.1914
       3.242      0.1787   -3.14e-07   0.0009692      0.1778
       3.252       0.166  -3.318e-07   0.0009045      0.1651
       3.262      0.1541  -3.496e-07    0.000844      0.1532
       3.272       0.143  -3.674e-07   0.0007881      0.1423
       3.282      0.1328  -3.852e-07   0.0007353       0.132
       3.292      0.1232   -4.03e-07   0.0006863      0.1225
       3.302      0.1143  -4.208e-07   0.0006402      0.1137
       3.312      0.1061  -4.386e-07   0.0005977      0.1055
       3.322     0.09841  -4.564e-07   0.0005579     0.09785
       3.332      0.0913  -4.743e-07   0.0005205     0.09078
       3.342     0.08469  -4.921e-07    0.000486     0.08421
       3.352     0.07856  -5.099e-07   0.0004535      0.0781
       3.362     0.07287  -5.277e-07   0.0004232     0.07245
       3.372     0.06759  -5.455e-07   0.0003948     0.06719
       3.382     0.06269  -5.633e-07   0.0003684     0.06232
       3.392     0.05815  -5.811e-07   0.0003439      0.0578
       3.402     0.05393  -5.989e-07   0.0003209     0.05361
       3.412     0.05002  -6.167e-07   0.0002996     0.04972
       3.422      0.0464  -6.345e-07   0.0002795     0.04612
       3.432     0.04304  -6.524e-07   0.0002609     0.04278
       3.442     0.03992  -6.702e-07   0.0002434     0.03968
       3.452     0.03703   -6.88e-07   0.0002272     0.03681
       3.462     0.03436  -7.058e-07   0.0002119     0.03415
       3.472     0.03188  -7.236e-07   0.0001978     0.03168
       3.482     0.02958  -7.414e-07   0.0001846      0.0294
       3.492     0.02745  -7.592e-07   0.0001724     0.02728
       3.502     0.02548   -7.77e-07   0.0001609     0.02532
       3.512     0.02365  -7.948e-07   0.0001501      0.0235
       3.522     0.02196  -8.126e-07     0.00014     0.02182
       3.532     0.02038  -8.304e-07   0.0001307     0.02025
       3.542     0.01893  -8.483e-07    0.000122     0.01881
       3.552     0.01758  -8.661e-07   0.0001139     0.01746
       3.562     0.01632  -8.839e-07   0.0001062     0.01622
       3.572     0.01516  -9.017e-07   9.916e-05     0.01506
       3.582     0.01408  -9.195e-07   9.254e-05     0.01399
       3.592     0.01309  -9.373e-07   8.636e-05       0.013
       3.602     0.01216  -9.551e-07   8.054e-05     0.01208
       3.612      0.0113  -9.729e-07   7.514e-05     0.01123
       3.622     0.01051  -9.907e-07   7.015e-05     0.01044
       3.632    0.009768  -1.009e-06   6.549e-05    0.009704
       3.642    0.009084  -1.026e-06   6.111e-05    0.009024
       3.652    0.008451  -1.044e-06   5.697e-05    0.008395
       3.662    0.007812  -1.062e-06   6.783e-13    0.007813
       3.672    0.007272   -1.08e-06   6.783e-13    0.007274
       3.682    0.006774  -1.098e-06   6.783e-13    0.006775
       3.692    0.006313  -1.115e-06   6.783e-13    0.006314
       3.702    0.005886  -1.133e-06   6.783e-13    0.005887
       3.712    0.005492  -1.151e-06   6.783e-13    0.005493
       3.722    0.005128  -1.169e-06   6.783e-13    0.005129
       3.732    0.004792  -1.187e-06   6.783e-13    0.004793
       3.742    0.004481  -1.204e-06   6.783e-13    0.004482
       3.752    0.004195  -1.222e-06   6.783e-13    0.004196
       3.762     0.00393   -1.24e-06   6.783e-13    0.003931
       3.772    0.003687  -1.258e-06   6.783e-13    0.003688
       3.782    0.003462  -1.276e-06   6.783e-13    0.003463
       3.792    0.003255  -1.293e-06   6.783e-13    0.003257
       3.802    0.003065  -1.311e-06   6.783e-13    0.003066
       3.812     0.00289  -1.329e-06   6.783e-13    0.002891
       3.822    0.002728  -1.347e-06   6.783e-13    0.002729
       3.832     0.00258  -1.365e-06   6.783e-13    0.002581
       3.842    0.002444  -1.383e-06   6.783e-13    0.002445
       3.852    0.002319    -1.4e-06   6.783e-13     0.00232
       3.862    0.002204  -1.418e-06   6.783e-13    0.002205
       3.872    0.002099  -1.436e-06   6.783e-13    0.002101
       3.882    0.002003  -1.454e-06   6.783e-13    0.002005
       3.892    0.001916  -1.472e-06   6.783e-13    0.001917
       3.902    0.001836  -1.489e-06   6.783e-13    0.001837
       3.912    0.001763  -1.507e-06   6.783e-13    0.001764
       3.922    0.001696  -1.525e-06   6.783e-13    0.001698
       3.932    0.001636  -1.543e-06   6.783e-13    0.001638
       3.942    0.001582  -1.561e-06   6.783e-13    0.001584
       3.952    0.001533  -1.578e-06   6.783e-13    0.001534
       3.962    0.001489  -1.596e-06   6.783e-13     0.00149
       3.972    0.001449  -1.614e-06   6.783e-13    0.001451
       3.982    0.001414  -1.632e-06   6.783e-13    0.001415
       3.992    0.001382   -1.65e-06   6.783e-13    0.001384
       4.002    0.001355  -1.667e-06   6.783e-13    0.001356
       4.012     0.00133  -1.685e-06   6.783e-13    0.001332
       4.022    0.001309  -1.703e-06   6.783e-13    0.001311
       4.032    0.001291  -1.721e-06   6.783e-13    0.001293
       4.042    0.001276  -1.739e-06   6.783e-13    0.001278
       4.052    0.001263  -1.757e-06   6.783e-13    0.001265
       4.062    0.001253  -1.774e-06   6.783e-13    0.001255
       4.072    0.001245  -1.792e-06   6.783e-13    0.001247
       4.082    0.001239   -1.81e-06   6.783e-13    0.001241
       4.092    0.001236  -1.828e-06   6.783e-13    0.001238
       4.102    0.001234  -1.846e-06   6.783e-13    0.001236
       4.112    0.001234  -1.863e-06   6.783e-13    0.001236
       4.122    0.001235  -1.881e-06   6.783e-13    0.001237
       4.132    0.001238  -1.899e-06   6.783e-13     0.00124
       4.142    0.001243  -1.917e-06   6.783e-13    0.001245
       4.152    0.001249  -1.935e-06   6.783e-13    0.001251
       4.162    0.001257  -1.952e-06   6.783e-13    0.001259
       4.172    0.001265   -1.97e-06   6.783e-13    0.001267
       4.182    0.001275  -1.988e-06   6.783e-13    0.001277
       4.192    0.001286  -2.006e-06   6.783e-13    0.001288
       4.202    0.001299  -2.024e-06   6.783e-13    0.001301
       4.212    0.001312  -2.041e-06   6.783e-13    0.001314
       4.222    0.001326  -2.059e-06   6.783e-13    0.001328
       4.232    0.001341  -2.077e-06   6.783e-13    0.001343
       4.242    0.001358  -2.095e-06   6.783e-13     0.00136
       4.252    0.001375  -2.113e-06   6.783e-13    0.001377
       4.262    0.001393  -2.131e-06   6.783e-13    0.001395
       4.272    0.001412  -2.148e-06   6.783e-13    0.001414
       4.282    0.001432  -2.166e-06   6.783e-13    0.001434
       4.292    0.001452  -2.184e-06   6.783e-13    0.001454
       4.302    0.001474  -2.202e-06   6.783e-13    0.001476
       4.312    0.001496   -2.22e-06   6.783e-13    0.001498
       4.322    0.001519  -2.237e-06   6.783e-13    0.001521
       4.332    0.001542  -2.255e-06   6.783e-13    0.001545
       4.342    0.001567  -2.273e-06   6.783e-13    0.001569
       4.352    0.001592  -2.291e-06   6.783e-13    0.001594
       4.362    0.001618  -2.309e-06   6.783e-13     0.00162
       4.372    0.001645  -2.326e-06   6.783e-13    0.001647
       4.382    0.001672  -2.344e-06   6.783e-13    0.001675
       4.392    0.001701  -2.362e-06   6.783e-13    0.001703
       4.402    0.001729   -2.38e-06   6.783e-13    0.001732
       4.412    0.001759  -2.398e-06   6.783e-13    0.001761
       4.422    0.001789  -2.415e-06   6.783e-13    0.001792
       4.432    0.001821  -2.433e-06   6.783e-13    0.001823
       4.442    0.001852  -2.451e-06   6.783e-13    0.001855
       4.452    0.001885  -2.469e-06   6.783e-13    0.001887
       4.462    0.001918  -2.487e-06   6.783e-13    0.001921
       4.472    0.001952  -2.505e-06   6.783e-13    0.001955
       4.482    0.001987  -2.522e-06   6.783e-13     0.00199
       4.492    0.002023   -2.54e-06   6.783e-13    0.002025
       4.502    0.002059  -2.558e-06   6.783e-13    0.002061
       4.512    0.002096  -2.576e-06   6.783e-13    0.002098
       4.522    0.002134  -2.594e-06   6.783e-13    0.002136
       4.532    0.002172  -2.611e-06   6.783e-13    0.002175
       4.542    0.002212  -2.629e-06   6.783e-13    0.002214
       4.552    0.002252  -2.647e-06   6.783e-13    0.002255
       4.562    0.002293  -2.665e-06   6.783e-13    0.002296
       4.572    0.002335  -2.683e-06   6.783e-13    0.002337
       4.582    0.002377    -2.7e-06   6.783e-13     0.00238
       4.592    0.002421  -2.718e-06   6.783e-13    0.002424
       4.602    0.002465  -2.736e-06   6.783e-13    0.002468
       4.612    0.002511  -2.754e-06   6.783e-13    0.002513
       4.622    0.002557  -2.772e-06   6.783e-13    0.002559
       4.632    0.002604  -2.789e-06   6.783e-13    0.002606
       4.642    0.002652  -2.807e-06   6.783e-13    0.002654
       4.652      0.0027  -2.825e-06   6.783e-13    0.002703
       4.662     0.00275  -2.843e-06   6.783e-13    0.002753
       4.672    0.002801  -2.861e-06   6.783e-13    0.002804
       4.682    0.002853  -2.879e-06   6.783e-13    0.002856
       4.692    0.002905  -2.896e-06   6.783e-13    0.002908
       4.702    0.002959  -2.914e-06   6.783e-13    0.002962
       4.712    0.003014  -2.932e-06   6.783e-13    0.003017
       4.722     0.00307   -2.95e-06   6.783e-13    0.003073
       4.732    0.003126  -2.968e-06   6.783e-13    0.003129
       4.742    0.003184  -2.985e-06   6.783e-13    0.003187
       4.752    0.003243  -3.003e-06   6.783e-13    0.003246
       4.762    0.003303  -3.021e-06   6.783e-13    0.003306
       4.772    0.003365  -3.039e-06   6.783e-13    0.003368
       4.782    0.003427  -3.057e-06   6.783e-13     0.00343
       4.792    0.003491  -3.074e-06   6.783e-13    0.003494
       4.802    0.003555  -3.092e-06   6.783e-13    0.003558
       4.812    0.003621   -3.11e-06   6.783e-13    0.003624
       4.822    0.003689  -3.128e-06   6.783e-13    0.003692
       4.832    0.003757  -3.146e-06   6.783e-13     0.00376
       4.842    0.003827  -3.164e-06   6.783e-13     0.00383
       4.852    0.003898  -3.181e-06   6.783e-13    0.003901
       4.862     0.00397  -3.199e-06   6.783e-13    0.003973
       4.872    0.004044  -3.217e-06   6.783e-13    0.004047
       4.882    0.004119  -3.235e-06   6.783e-13    0.004122
       4.892    0.004196  -3.253e-06   6.783e-13    0.004199
       4.902    0.004274   -3.27e-06   6.783e-13    0.004277
       4.912    0.004353  -3.288e-06   6.783e-13    0.004356
       4.922    0.004434  -3.306e-06   6.783e-13    0.004437
       4.932    0.004516  -3.324e-06   6.783e-13     0.00452
       4.942      0.0046  -3.342e-06   6.783e-13    0.004604
       4.952    0.004686  -3.359e-06   6.783e-13    0.004689
       4.962    0.004773  -3.377e-06   6.783e-13    0.004776
       4.972    0.004862  -3.395e-06   6.783e-13    0.004865
       4.982    0.004952  -3.413e-06   6.783e-13    0.004955
       4.992    0.005044  -3.431e-06   6.783e-13    0.005047
       5.002    0.005138  -3.448e-06   6.783e-13    0.005141
       5.012    0.005233  -3.466e-06   6.783e-13    0.005237
       5.022    0.005331  -3.484e-06   6.783e-13    0.005334
       5.032     0.00543  -3.502e-06   6.783e-13    0.005433
       5.042    0.005531   -3.52e-06   6.783e-13    0.005534
       5.052    0.005633  -3.538e-06   6.783e-13    0.005637
       5.062    0.005738  -3.555e-06   6.783e-13    0.005742
       5.072    0.005845  -3.573e-06   6.783e-13    0.005849
       5.082    0.005954  -3.591e-06   6.783e-13    0.005957
       5.092    0.006064  -3.609e-06   6.783e-13    0.006068
       5.102    0.006177  -3.627e-06   6.783e-13    0.006181
       5.112    0.006292  -3.644e-06   6.783e-13    0.006296
       5.122    0.006409  -3.662e-06   6.783e-13    0.006413
       5.132    0.006528   -3.68e-06   6.783e-13    0.006532
       5.142     0.00665  -3.698e-06   6.783e-13    0.006653
       5.152    0.006773  -3.716e-06   6.783e-13    0.006777
       5.162    0.006899  -3.733e-06   6.783e-13    0.006903
       5.172    0.007027  -3.751e-06   6.783e-13    0.007031
       5.182    0.007158  -3.769e-06   6.783e-13    0.007162
       5.192    0.007291  -3.787e-06   6.783e-13    0.007295
       5.202    0.007427  -3.805e-06   6.783e-13    0.007431
       5.212    0.007565  -3.822e-06   6.783e-13    0.007569
       5.222    0.007706   -3.84e-06   6.783e-13     0.00771
       5.232    0.007849  -3.858e-06   6.783e-13    0.007853
       5.242    0.007995  -3.876e-06   6.783e-13    0.007999
       5.252    0.008144  -3.894e-06   6.783e-13    0.008148
       5.262    0.008295  -3.912e-06   6.783e-13    0.008299
       5.272    0.008449  -3.929e-06   6.783e-13    0.008453
       5.282    0.008607  -3.947e-06   6.783e-13     0.00861
       5.292    0.008767  -3.965e-06   6.783e-13    0.008771
       5.302     0.00893  -3.983e-06   6.783e-13    0.008934
       5.312    0.009096  -4.001e-06   6.783e-13      0.0091
       5.322    0.009265  -4.018e-06   6.783e-13    0.009269
       5.332    0.009437  -4.036e-06   6.783e-13    0.009441
       5.342    0.009613  -4.054e-06   6.783e-13    0.009617
       5.352    0.009791  -4.072e-06   6.783e-13    0.009795
       5.362    0.009973   -4.09e-06   6.783e-13    0.009978
       5.372     0.01016  -4.107e-06   6.783e-13     0.01016
       5.382     0.01035  -4.125e-06   6.783e-13     0.01035
       5.392     0.01054  -4.143e-06   6.783e-13     0.01054
       5.402     0.01074  -4.161e-06   6.783e-13     0.01074
       5.412     0.01094  -4.179e-06   6.783e-13     0.01094
       5.422     0.01114  -4.196e-06   6.783e-13     0.01114
       5.432     0.01135  -4.214e-06   6.783e-13     0.01135
       5.442     0.01156  -4.232e-06   6.783e-13     0.01156
       5.452     0.01177   -4.25e-06   6.783e-13     0.01178
       5.462     0.01199  -4.268e-06   6.783e-13       0.012
       5.472     0.01221  -4.286e-06   6.783e-13     0.01222
       5.482     0.01244  -4.303e-06   6.783e-13     0.01245
       5.492     0.01267  -4.321e-06   6.783e-13     0.01268
       5.502     0.01291  -4.339e-06   6.783e-13     0.01291
       5.512     0.01315  -4.357e-06   6.783e-13     0.01315
       5.522     0.01339  -4.375e-06   6.783e-13      0.0134
       5.532     0.01364  -4.392e-06   6.783e-13     0.01365
       5.542      0.0139   -4.41e-06   6.783e-13      0.0139
       5.552     0.01415  -4.428e-06   6.783e-13     0.01416
       5.562     0.01442  -4.446e-06   6.783e-13     0.01442
       5.572     0.01469  -4.464e-06   6.783e-13     0.01469
       5.582     0.01496  -4.481e-06   6.783e-13     0.01496
       5.592     0.01524  -4.499e-06   6.783e-13     0.01524
       5.602     0.01552  -4.517e-06   6.783e-13     0.01552
       5.612     0.01581  -4.535e-06   6.783e-13     0.01581
       5.622      0.0161  -4.553e-06   6.783e-13     0.01611
       5.632      0.0164   -4.57e-06   6.783e-13     0.01641
       5.642     0.01671  -4.588e-06   6.783e-13     0.01671
       5.652     0.01702  -4.606e-06   6.783e-13     0.01702
       5.662     0.01733  -4.624e-06   6.783e-13     0.01734
       5.672     0.01766  -4.642e-06   6.783e-13     0.01766
       5.682     0.01799   -4.66e-06   6.783e-13     0.01799
       5.692     0.01832  -4.677e-06   6.783e-13     0.01832
       5.702     0.01866  -4.695e-06   6.783e-13     0.01866
       5.712     0.01901  -4.713e-06   6.783e-13     0.01901
       5.722     0.01936  -4.731e-06   6.783e-13     0.01937
       5.732     0.01972  -4.749e-06   6.783e-13     0.01973
       5.742     0.02009  -4.766e-06   6.783e-13     0.02009
       5.752     0.02046  -4.784e-06   6.783e-13     0.02047
       5.762     0.02084  -4.802e-06   6.783e-13     0.02085
       5.772     0.02123   -4.82e-06   6.783e-13     0.02123
       5.782     0.02162  -4.838e-06   6.783e-13     0.02163
       5.792     0.02203  -4.855e-06   6.783e-13     0.02203
       5.802     0.02244  -4.873e-06   6.783e-13     0.02244
       5.812     0.02285  -4.891e-06   6.783e-13     0.02286
       5.822     0.02328  -4.909e-06   6.783e-13     0.02328
       5.832     0.02371  -4.927e-06   6.783e-13     0.02371
       5.842     0.02415  -4.944e-06   6.783e-13     0.02416
       5.852      0.0246  -4.962e-06   6.783e-13      0.0246
       5.862     0.02506   -4.98e-06   6.783e-13     0.02506
       5.872     0.02552  -4.998e-06   6.783e-13     0.02553
       5.882       0.026  -5.016e-06   6.783e-13       0.026
       5.892     0.02648  -5.034e-06   6.783e-13     0.02649
       5.902     0.02697  -5.051e-06   6.783e-13     0.02698
       5.912     0.02748  -5.069e-06   6.783e-13     0.02748
       5.922     0.02799  -5.087e-06   6.783e-13     0.02799
       5.932     0.02851  -5.105e-06   6.783e-13     0.02851
       5.942     0.02904  -5.123e-06   6.783e-13     0.02904
       5.952     0.02958   -5.14e-06   6.783e-13     0.02958
       5.962     0.03013  -5.158e-06   6.783e-13     0.03013
       5.972     0.03069  -5.176e-06   6.783e-13     0.03069
       5.982     0.03126  -5.194e-06   6.783e-13     0.03126
       5.992     0.03184  -5.212e-06   6.783e-13     0.03184
       6.002     0.03243  -5.229e-06   6.783e-13     0.03244
       6.012     0.03303  -5.247e-06   6.783e-13     0.03304
       6.022     0.03365  -5.265e-06   6.783e-13     0.03365
       6.032     0.03427  -5.283e-06   6.783e-13     0.03428
       6.042     0.03491  -5.301e-06   6.783e-13     0.03492
       6.052     0.03556  -5.318e-06   6.783e-13     0.03557
       6.062     0.03622  -5.336e-06   6.783e-13     0.03623
       6.072     0.03689  -5.354e-06   6.783e-13      0.0369
       6.082     0.03758  -5.372e-06   6.783e-13     0.03759
       6.092     0.03828   -5.39e-06   6.783e-13     0.03828
       6.102     0.03899  -5.408e-06   6.783e-13       0.039
       6.112     0.03972  -5.425e-06   6.783e-13     0.03972
       6.122     0.04045  -5.443e-06   6.783e-13     0.04046
       6.132     0.04121  -5.461e-06   6.783e-13     0.04121
       6.142     0.04197  -5.479e-06   6.783e-13     0.04198
       6.152     0.04275  -5.497e-06   6.783e-13     0.04276
       6.162     0.04355  -5.514e-06   6.783e-13     0.04355
       6.172     0.04436  -5.532e-06   6.783e-13     0.04436
       6.182     0.04518   -5.55e-06   6.783e-13     0.04519
       6.192     0.04602  -5.568e-06   6.783e-13     0.04603
       6.202     0.04688  -5.586e-06   6.783e-13     0.04688
       6.212     0.04775  -5.603e-06   6.783e-13     0.04776
       6.222     0.04864  -5.621e-06   6.783e-13     0.04864
       6.232     0.04954  -5.639e-06   6.783e-13     0.04955
       6.242     0.05046  -5.657e-06   6.783e-13     0.05047
       6.252      0.0514  -5.675e-06   6.783e-13     0.05141
