#      _xxWS        ftot       firac        fagn        fsfr
#
     -0.6515      0.0566   1.152e-06   4.438e-14      0.0566
     -0.6415     0.04485   1.503e-06   4.438e-14     0.04485
     -0.6315      0.0331   1.989e-06   4.438e-14      0.0331
     -0.6215     0.02136   2.623e-06   4.438e-14     0.02135
     -0.6115    0.009612   3.465e-06   4.438e-14    0.009608
     -0.6015   4.572e-06    4.56e-06   4.438e-14   1.213e-08
     -0.5915   5.781e-06   5.769e-06   4.438e-14   1.236e-08
     -0.5815   7.274e-06   7.262e-06   4.438e-14   1.259e-08
     -0.5715   8.727e-06   8.715e-06   4.438e-14   1.282e-08
     -0.5615   1.062e-05    1.06e-05   4.438e-14   1.306e-08
     -0.5515   1.273e-05   1.272e-05   4.438e-14    1.33e-08
     -0.5415   1.526e-05   1.525e-05   4.438e-14   1.355e-08
     -0.5315   1.789e-05   1.788e-05   4.438e-14    1.38e-08
     -0.5215   2.164e-05   2.163e-05   4.438e-14   1.406e-08
     -0.5115   2.591e-05   2.589e-05   4.438e-14   1.432e-08
     -0.5015   3.062e-05   3.061e-05   4.438e-14   1.459e-08
     -0.4915   3.592e-05   3.591e-05   4.438e-14   1.486e-08
     -0.4815    4.16e-05   4.158e-05   4.438e-14   1.513e-08
     -0.4715   4.771e-05    4.77e-05   4.438e-14   1.541e-08
     -0.4615   5.454e-05   5.452e-05   4.438e-14    1.57e-08
     -0.4515   6.226e-05   6.224e-05   4.438e-14   1.599e-08
     -0.4415   7.155e-05   7.153e-05   4.438e-14   1.629e-08
     -0.4315   8.123e-05   8.121e-05   4.438e-14   1.659e-08
     -0.4215   9.246e-05   9.244e-05   4.438e-14    1.69e-08
     -0.4115    0.000106   0.0001059   4.438e-14   1.722e-08
     -0.4015   0.0001226   0.0001225   4.438e-14   1.754e-08
     -0.3915    0.000139    0.000139   4.438e-14   1.786e-08
     -0.3815   0.0001577   0.0001576   4.438e-14   1.819e-08
     -0.3715   0.0001773   0.0001772   4.438e-14   1.853e-08
     -0.3615   0.0001982   0.0001982   4.438e-14   1.888e-08
     -0.3515     0.00022     0.00022   4.438e-14   1.923e-08
     -0.3415   0.0002439   0.0002438   4.438e-14   1.959e-08
     -0.3315   0.0002699   0.0002699   4.438e-14   1.995e-08
     -0.3215   0.0002978   0.0002978   4.438e-14   2.032e-08
     -0.3115   0.0003282   0.0003282   4.438e-14    2.07e-08
     -0.3015   0.0003614   0.0003614   4.438e-14   2.108e-08
     -0.2915   0.0003967   0.0003966   4.438e-14   2.147e-08
     -0.2815   0.0004319   0.0004319   4.438e-14   2.187e-08
     -0.2715   0.0004708   0.0004707   4.438e-14   2.228e-08
     -0.2615    0.000513    0.000513   4.438e-14   2.269e-08
     -0.2515   0.0005573   0.0005573   4.438e-14   2.312e-08
     -0.2415   0.0006046   0.0006046   4.438e-14   2.355e-08
     -0.2315   0.0006562   0.0006562   4.438e-14   2.398e-08
     -0.2215    0.000715   0.0007149   4.438e-14   2.443e-08
     -0.2115   0.0007759   0.0007759   4.438e-14   2.488e-08
     -0.2015   0.0008406   0.0008406   4.438e-14   2.535e-08
     -0.1915   0.0009114   0.0009113   4.438e-14   2.582e-08
     -0.1815   0.0009832   0.0009832   4.438e-14    2.63e-08
     -0.1715     0.00106     0.00106   4.438e-14   2.679e-08
     -0.1615    0.001139    0.001139   4.438e-14   2.729e-08
     -0.1515    0.001228    0.001228   4.438e-14   2.779e-08
     -0.1415    0.001362    0.001362   4.438e-14   2.831e-08
     -0.1315    0.001481    0.001481   4.438e-14   2.884e-08
     -0.1215    0.001627    0.001627   4.438e-14   2.937e-08
     -0.1115    0.001826    0.001826   4.438e-14   2.992e-08
     -0.1015    0.002049    0.002049   4.438e-14   3.047e-08
     -0.0915    0.002286    0.002286   4.438e-14   3.104e-08
     -0.0815    0.002534    0.002534   4.438e-14   3.162e-08
     -0.0715    0.002817    0.002817   4.438e-14   3.221e-08
     -0.0615    0.003136    0.003136   4.438e-14    3.28e-08
     -0.0515    0.003474    0.003474   4.438e-14   3.341e-08
     -0.0415    0.003835    0.003835   4.438e-14   3.404e-08
     -0.0315    0.004219    0.004219   4.438e-14   3.467e-08
     -0.0215    0.004603    0.004603   4.438e-14   3.531e-08
     -0.0115    0.004917    0.004917   4.438e-14   3.597e-08
   -0.001504    0.005312    0.005312   4.438e-14   3.664e-08
    0.008496     0.00569     0.00569   4.438e-14   3.732e-08
      0.0185    0.005992    0.005992   4.438e-14   3.801e-08
      0.0285    0.006293    0.006293   4.438e-14   3.872e-08
      0.0385    0.006616    0.006616   4.438e-14   3.944e-08
      0.0485    0.006954    0.006954   4.438e-14   4.017e-08
      0.0585    0.007289    0.007289   4.438e-14   4.092e-08
      0.0685    0.007589    0.007589   4.438e-14   4.168e-08
      0.0785    0.007913    0.007913   4.438e-14   4.245e-08
      0.0885    0.008253    0.008253   4.438e-14   4.324e-08
      0.0985    0.008617    0.008617   4.438e-14   4.405e-08
      0.1085    0.009022    0.009022   4.438e-14   4.487e-08
      0.1185    0.009436    0.009436   4.438e-14    4.57e-08
      0.1285     0.00983     0.00983   4.438e-14   4.655e-08
      0.1385     0.01023     0.01023   4.438e-14   4.742e-08
      0.1485     0.01067     0.01067   4.438e-14    4.83e-08
      0.1585     0.01113     0.01113   4.438e-14    4.92e-08
      0.1685     0.01158     0.01158   4.438e-14   5.011e-08
      0.1785     0.01204     0.01204   4.438e-14   5.104e-08
      0.1885      0.0125      0.0125   4.438e-14   5.199e-08
      0.1985       0.013       0.013   4.438e-14   5.296e-08
      0.2085     0.01346     0.01346   4.438e-14   5.394e-08
      0.2185     0.01404     0.01404   4.438e-14   5.495e-08
      0.2285     0.01462     0.01462   4.438e-14   5.597e-08
      0.2385     0.01524     0.01524   4.438e-14   5.701e-08
      0.2485     0.01585     0.01585   4.438e-14   5.807e-08
      0.2585      0.0164      0.0164   4.438e-14   5.915e-08
      0.2685     0.01706     0.01706   4.438e-14   6.025e-08
      0.2785     0.01774     0.01774   4.438e-14   6.137e-08
      0.2885     0.01837     0.01837   4.438e-14   6.251e-08
      0.2985     0.01904     0.01904   4.438e-14   6.367e-08
      0.3085     0.01975     0.01975   4.438e-14   6.485e-08
      0.3185     0.02034     0.02034   4.438e-14   6.606e-08
      0.3285     0.02102     0.02101   4.438e-14   8.976e-06
      0.3385     0.02173     0.02171   4.438e-14   2.347e-05
      0.3485     0.02228     0.02225   4.438e-14   3.684e-05
      0.3585     0.02283     0.02278   4.438e-14   4.983e-05
      0.3685     0.02335     0.02329   4.438e-14   6.327e-05
      0.3785     0.02388      0.0238   4.438e-14   7.715e-05
      0.3885     0.02454     0.02445   4.438e-14   8.949e-05
      0.3985     0.02507     0.02497   4.438e-14   9.893e-05
      0.4085     0.02561     0.02551   4.438e-14   0.0001055
      0.4185     0.02618     0.02607   4.438e-14    0.000109
      0.4285     0.02662     0.02651   4.438e-14   0.0001073
      0.4385      0.0271       0.027   4.438e-14   0.0001073
      0.4485     0.02772      0.0276   4.438e-14   0.0001101
      0.4585     0.02828     0.02816   4.438e-14    0.000114
      0.4685     0.02895     0.02883   4.438e-14   0.0001182
      0.4785     0.02955     0.02943   4.438e-14   0.0001221
      0.4885     0.03019     0.03006   4.438e-14   0.0001251
      0.4985     0.03087     0.03075   4.438e-14   0.0001262
      0.5085     0.03166     0.03154   4.438e-14   0.0001255
      0.5185      0.0324     0.03228   4.438e-14    0.000125
      0.5285     0.03308     0.03295   4.438e-14    0.000126
      0.5385     0.03353     0.03341   4.438e-14   0.0001282
      0.5485     0.03394     0.03381   4.438e-14   0.0001309
      0.5585     0.03457     0.03443   4.438e-14   0.0001338
      0.5685     0.03489     0.03476   4.438e-14   0.0001377
      0.5785     0.03525      0.0351   4.438e-14    0.000143
      0.5885     0.03542     0.03527   4.438e-14   0.0001494
      0.5985     0.03549     0.03533   4.438e-14   0.0001565
      0.6085      0.0355     0.03534   4.438e-14   0.0001643
      0.6185      0.0353     0.03513   4.438e-14   0.0001728
      0.6285     0.03501     0.03482   4.438e-14   0.0001817
      0.6385     0.03431     0.03412   4.438e-14   0.0001913
      0.6485     0.03369     0.03348   4.438e-14   0.0002015
      0.6585     0.03304     0.03283   4.438e-14   0.0002124
      0.6685     0.03217     0.03194   4.438e-14   0.0002243
      0.6785     0.03111     0.03087   4.438e-14   0.0002376
      0.6885     0.03004     0.02979   4.438e-14   0.0002522
      0.6985     0.02934     0.02907   4.438e-14   0.0002671
      0.7085     0.02852     0.02823   4.438e-14   0.0002821
      0.7185     0.02792     0.02762   4.438e-14   0.0002974
      0.7285     0.02726     0.02695   4.438e-14   0.0003135
      0.7385     0.02663     0.02624   5.531e-05   0.0003309
      0.7485     0.02586     0.02545   5.589e-05   0.0003504
      0.7585     0.02501     0.02458   5.661e-05   0.0003738
      0.7685      0.0244     0.02393   5.752e-05   0.0004054
      0.7785      0.0237     0.02318   5.867e-05   0.0004619
      0.7885     0.02311     0.02242   6.011e-05   0.0006372
      0.7985     0.02454     0.02205   6.189e-05    0.002424
      0.8085      0.0246     0.02195   6.406e-05    0.002588
      0.8185     0.02446     0.02175   6.667e-05    0.002645
      0.8285     0.02406     0.02131   6.977e-05    0.002683
      0.8385     0.02364     0.02085   7.341e-05    0.002715
      0.8485     0.02296     0.02014   7.764e-05    0.002744
      0.8585     0.02221     0.01935    8.25e-05    0.002772
      0.8685     0.02155     0.01867   8.806e-05    0.002798
      0.8785     0.02112      0.0182   9.436e-05    0.002825
      0.8885     0.02079     0.01784   0.0001014    0.002849
      0.8985     0.02048     0.01751   0.0001094    0.002867
      0.9085     0.02022     0.01724   0.0001182    0.002864
      0.9185     0.01969     0.01681   0.0001279    0.002745
      0.9285      0.0175     0.01634   0.0001387    0.001019
      0.9385      0.0168     0.01573   0.0001505   0.0009217
      0.9485     0.01613     0.01503   0.0001633   0.0009377
      0.9585     0.01558     0.01442   0.0001772   0.0009806
      0.9685     0.01507     0.01383   0.0001921    0.001042
      0.9785     0.01467     0.01333   0.0002079    0.001125
      0.9885     0.01437      0.0129   0.0002246    0.001251
      0.9985     0.01423     0.01248   0.0002421    0.001507
       1.008     0.01402     0.01205   0.0002601    0.001718
       1.018     0.01381     0.01159   0.0002784    0.001939
       1.028     0.01376     0.01113    0.000297    0.002335
       1.038     0.01378     0.01061   0.0003155    0.002857
       1.048     0.01393     0.01025   0.0003337    0.003344
       1.058     0.01453     0.00994   0.0003512     0.00424
       1.068     0.01749    0.009693   0.0003684    0.007426
       1.078     0.01974     0.00943   0.0003852    0.009926
       1.088     0.02064    0.009158   0.0004016     0.01108
       1.098     0.02153    0.008886   0.0004175     0.01222
       1.108      0.0225     0.00863   0.0004329     0.01344
       1.118     0.02346    0.008372   0.0004481     0.01464
       1.128     0.02458    0.008112   0.0004632       0.016
       1.138     0.02643    0.007864    0.000478     0.01808
       1.148     0.02965    0.007604   0.0004928     0.02155
       1.158     0.03537    0.007342   0.0005077     0.02752
       1.168     0.04107    0.007093   0.0005231     0.03345
       1.178     0.04563    0.006833   0.0005387     0.03826
       1.188     0.04769    0.006585   0.0005551     0.04055
       1.198     0.04689    0.006337   0.0005718     0.03998
       1.208     0.04731    0.006112   0.0005894     0.04061
       1.218     0.04882      0.0059   0.0006076     0.04232
       1.228     0.04913    0.005713   0.0006269     0.04279
       1.238     0.04896    0.005522   0.0006473     0.04279
       1.248     0.04867    0.005351   0.0006692     0.04265
       1.258     0.04805    0.005188    0.000693     0.04217
       1.268     0.04676    0.005024   0.0007195     0.04102
       1.278     0.04412    0.004868   0.0007482      0.0385
       1.288     0.03888    0.004708   0.0007797     0.03339
       1.298     0.03368    0.004542   0.0008135     0.02832
       1.308     0.02993    0.004373   0.0008499      0.0247
       1.318     0.02912    0.004203   0.0008865     0.02403
       1.328     0.03471    0.004035   0.0009244     0.02975
       1.338     0.03652    0.003863   0.0009621      0.0317
       1.348     0.03701    0.003688   0.0009998     0.03232
       1.358     0.03935    0.003502    0.001038     0.03481
       1.368     0.04179    0.003323    0.001075     0.03739
       1.378     0.04585    0.003138    0.001113      0.0416
       1.388     0.04841    0.002952    0.001151      0.0443
       1.398      0.0502    0.002767    0.001189     0.04625
       1.408     0.05224    0.002586    0.001228     0.04843
       1.418     0.05366    0.002417    0.001268     0.04997
       1.428     0.05499     0.00226     0.00131     0.05142
       1.438     0.05584    0.002114    0.001354     0.05237
       1.448     0.05587    0.001979    0.001403     0.05249
       1.458     0.05018    0.001854    0.001456     0.04687
       1.468     0.04794    0.001739    0.001512     0.04469
       1.478     0.04757    0.001634    0.001574     0.04437
       1.488     0.04702    0.001537     0.00164     0.04384
       1.498     0.04755    0.001448    0.001711     0.04439
       1.508     0.04689    0.001368    0.001786     0.04373
       1.518     0.04798    0.001294    0.001864     0.04482
       1.528     0.04935    0.001227    0.001943     0.04618
       1.538     0.05028    0.001167    0.002022     0.04709
       1.548     0.05185    0.001112    0.002101     0.04864
       1.558     0.05357    0.001062    0.002178     0.05033
       1.568     0.05546    0.001017    0.002253     0.05219
       1.578     0.05744   0.0009761    0.002324     0.05414
       1.588     0.05943   0.0009386    0.002389      0.0561
       1.598     0.06139   0.0009041    0.002451     0.05803
       1.608     0.06323   0.0008722    0.002506     0.05985
       1.618     0.06483   0.0008424    0.002554     0.06144
       1.628     0.06585   0.0008143    0.002596     0.06244
       1.638     0.06679   0.0007876    0.002631     0.06337
       1.648      0.0678   0.0007621    0.002658     0.06438
       1.658     0.06961   0.0007373     0.00268     0.06619
       1.668     0.07195   0.0007132    0.002697     0.06854
       1.678      0.0746   0.0006896     0.00271      0.0712
       1.688     0.07749   0.0006663    0.002717     0.07411
       1.698     0.08093   0.0006433    0.002722     0.07756
       1.708     0.08483   0.0006206    0.002724     0.08149
       1.718     0.08925   0.0005981    0.002726     0.08593
       1.728     0.09422   0.0005759    0.002726     0.09092
       1.738     0.09978    0.000554    0.002727      0.0965
       1.748       0.106   0.0005324    0.002728      0.1027
       1.758      0.1128   0.0005112     0.00273      0.1096
       1.768      0.1204   0.0004903    0.002732      0.1172
       1.778      0.1287   0.0004698    0.002734      0.1255
       1.788      0.1376   0.0004498    0.002737      0.1344
       1.798      0.1473   0.0004301     0.00274      0.1441
       1.808      0.1576   0.0004109    0.002743      0.1545
       1.818      0.1686   0.0003922    0.002744      0.1655
       1.828      0.1802    0.000374    0.002745       0.177
       1.838      0.1923   0.0003563    0.002743      0.1892
       1.848       0.205   0.0003391     0.00274      0.2019
       1.858      0.2182   0.0003225    0.002734      0.2151
       1.868      0.2319   0.0003064    0.002725      0.2289
       1.878      0.2461    0.000291    0.002712      0.2431
       1.888      0.2608   0.0002762    0.002697      0.2578
       1.898       0.276    0.000262    0.002678      0.2731
       1.908      0.2919   0.0002485    0.002656       0.289
       1.918      0.3083   0.0002356     0.00263      0.3055
       1.928      0.3256   0.0002234    0.002602      0.3228
       1.938      0.3437   0.0002118     0.00257      0.3409
       1.948      0.3626   0.0002009    0.002535      0.3599
       1.958      0.3827   0.0001907    0.002497        0.38
       1.968      0.4039   0.0001811    0.002458      0.4012
       1.978      0.4263   0.0001721    0.002415      0.4237
       1.988        0.45   0.0001636    0.002371      0.4475
       1.998      0.4752   0.0001558    0.002325      0.4727
       2.008      0.5017   0.0001485    0.002277      0.4993
       2.018      0.5298   0.0001416    0.002227      0.5274
       2.028      0.5594   0.0001352    0.002176      0.5571
       2.038      0.5905   0.0001293    0.002124      0.5882
       2.048      0.6231   0.0001237    0.002071      0.6209
       2.058      0.6572   0.0001184    0.002018       0.655
       2.068      0.6927   0.0001134    0.001964      0.6906
       2.078      0.7295   0.0001087    0.001909      0.7275
       2.088      0.7676   0.0001043    0.001854      0.7657
       2.098      0.8068   9.998e-05    0.001799      0.8049
       2.108      0.8471   9.588e-05    0.001744      0.8452
       2.118      0.8882   9.194e-05    0.001688      0.8864
       2.128        0.93   8.814e-05    0.001633      0.9283
       2.138      0.9723   8.446e-05    0.001578      0.9707
       2.148       1.015   8.089e-05    0.001524       1.013
       2.158       1.058   7.743e-05     0.00147       1.056
       2.168       1.101   7.407e-05    0.001416       1.099
       2.178       1.143   7.081e-05    0.001363       1.142
       2.188       1.185   6.765e-05    0.001312       1.184
       2.198       1.226    6.46e-05     0.00126       1.225
       2.208       1.266   6.167e-05     0.00121       1.265
       2.218       1.305   5.885e-05    0.001161       1.304
       2.228       1.343   5.615e-05    0.001112       1.342
       2.238       1.379   5.357e-05    0.001065       1.378
       2.248       1.414    5.11e-05    0.001018       1.413
       2.258       1.446   4.876e-05   0.0009734       1.445
       2.268       1.476   4.652e-05   0.0009298       1.475
       2.278       1.504    4.44e-05   0.0008874       1.503
       2.288        1.53   4.238e-05   0.0008464       1.529
       2.298       1.553   4.046e-05   0.0008065       1.552
       2.308       1.573   3.864e-05   0.0007679       1.572
       2.318       1.591   3.691e-05   0.0007303        1.59
       2.328       1.606   3.526e-05   0.0006944       1.605
       2.338       1.619   3.368e-05   0.0006596       1.618
       2.348       1.629   3.217e-05   0.0006263       1.628
       2.358       1.637   3.074e-05   0.0005939       1.636
       2.368       1.642   2.936e-05   0.0005634       1.642
       2.378       1.646   2.804e-05   0.0005338       1.645
       2.388       1.647   2.678e-05   0.0005053       1.647
       2.398       1.647   2.558e-05   0.0004781       1.647
       2.408       1.646   2.442e-05   0.0004521       1.645
       2.418       1.643   2.332e-05   0.0004272       1.642
       2.428       1.637   2.227e-05   0.0004035       1.636
       2.438       1.627   2.126e-05    0.000381       1.626
       2.448       1.613    2.03e-05   0.0003596       1.613
       2.458       1.596   1.939e-05    0.000339       1.595
       2.468       1.575   1.851e-05   0.0003196       1.574
       2.478        1.55   1.768e-05   0.0003008        1.55
       2.488       1.522   1.688e-05   0.0002833       1.522
       2.498       1.491   1.611e-05   0.0002664       1.491
       2.508       1.458   1.536e-05   0.0002504       1.457
       2.518       1.421   1.464e-05   0.0002356        1.42
       2.528       1.381   1.394e-05   0.0002213        1.38
       2.538       1.338   1.326e-05   0.0002077       1.338
       2.548       1.293   1.259e-05   0.0001947       1.293
       2.558       1.247   1.193e-05   0.0001827       1.247
       2.568       1.202   1.127e-05   0.0001714       1.202
       2.578       1.157   1.062e-05   0.0001606       1.157
       2.588       1.113   9.973e-06   0.0001504       1.113
       2.598        1.07   9.325e-06    0.000141        1.07
       2.608       1.028   8.677e-06    0.000132       1.028
       2.618      0.9865   8.029e-06   0.0001237      0.9863
       2.628      0.9456   7.381e-06   0.0001157      0.9455
       2.638      0.9057   6.733e-06   0.0001083      0.9056
       2.648      0.8665   6.084e-06   0.0001012      0.8663
       2.658      0.8281   5.435e-06   9.464e-05       0.828
       2.668      0.7905   4.787e-06   8.843e-05      0.7904
       2.678      0.7538   4.138e-06   8.262e-05      0.7537
       2.688      0.7178   3.488e-06   7.713e-05      0.7177
       2.698      0.6826   2.839e-06     7.2e-05      0.6825
       2.708      0.6483    2.19e-06   6.721e-05      0.6482
       2.718      0.6149    1.54e-06   6.276e-05      0.6149
       2.728      0.5825   8.906e-07   5.854e-05      0.5825
       2.738      0.5511   2.408e-07   5.465e-05       0.551
       2.748      0.5207  -4.091e-07     5.1e-05      0.5207
       2.758      0.4914  -1.059e-06   4.762e-05      0.4914
       2.768      0.4632  -1.709e-06   4.446e-05      0.4631
       2.778       0.436  -2.359e-06   4.147e-05       0.436
       2.788      0.4099   -3.01e-06    3.87e-05      0.4099
       2.798       0.385   -3.66e-06   3.614e-05       0.385
       2.808      0.3613  -4.311e-06    3.37e-05      0.3612
       2.818      0.3388  -4.961e-06   3.146e-05      0.3387
       2.828      0.3175  -5.612e-06   2.936e-05      0.3175
       2.838      0.2974  -6.263e-06   2.739e-05      0.2974
       2.848      0.2785  -6.914e-06   2.557e-05      0.2785
       2.858      0.2607  -7.565e-06   2.386e-05      0.2607
       2.868      0.2439  -8.216e-06   2.226e-05      0.2439
       2.878       0.228  -8.867e-06   2.078e-05       0.228
       2.888      0.2131  -9.518e-06    1.94e-05      0.2131
       2.898      0.1991  -1.017e-05    1.81e-05      0.1991
       2.908       0.186  -1.082e-05    1.69e-05       0.186
       2.918      0.1736  -1.147e-05   1.577e-05      0.1736
       2.928      0.1621  -1.212e-05   1.472e-05      0.1621
       2.938      0.1512  -1.278e-05   1.373e-05      0.1512
       2.948      0.1411  -1.343e-05   1.282e-05      0.1411
       2.958      0.1316  -1.408e-05   1.196e-05      0.1316
       2.968      0.1226  -1.473e-05   1.116e-05      0.1227
       2.978      0.1143  -1.538e-05   1.041e-05      0.1143
       2.988      0.1065  -1.603e-05    9.72e-06      0.1065
       2.998     0.09925  -1.669e-05   9.074e-06     0.09926
       3.008     0.09245  -1.734e-05   8.465e-06     0.09246
       3.018      0.0861  -1.799e-05     7.9e-06     0.08611
       3.028     0.08017  -1.864e-05   7.371e-06     0.08018
       3.038     0.07464  -1.929e-05   6.879e-06     0.07465
       3.048     0.06948  -1.995e-05   6.416e-06     0.06949
       3.058     0.06467   -2.06e-05   5.987e-06     0.06468
       3.068     0.06018  -2.125e-05   5.589e-06     0.06019
       3.078     0.05599   -2.19e-05   5.215e-06     0.05601
       3.088     0.05209  -2.255e-05   4.869e-06     0.05211
       3.098     0.04846  -2.321e-05   4.542e-06     0.04848
       3.108     0.04508  -2.386e-05   4.239e-06      0.0451
       3.118     0.04193  -2.451e-05   3.955e-06     0.04195
       3.128       0.039  -2.516e-05   3.692e-06     0.03902
       3.138     0.03627  -2.582e-05   3.446e-06     0.03629
       3.148     0.03373  -2.647e-05   3.216e-06     0.03375
       3.158     0.03136  -2.712e-05   3.003e-06     0.03139
       3.168     0.02917  -2.777e-05   2.803e-06     0.02919
       3.178     0.02712  -2.842e-05   2.616e-06     0.02714
       3.188     0.02521  -2.908e-05   2.441e-06     0.02524
       3.198     0.02344  -2.973e-05   2.277e-06     0.02347
       3.208     0.02179  -3.038e-05   2.126e-06     0.02182
       3.218     0.02026  -3.103e-05   1.984e-06     0.02028
       3.228     0.01883  -3.169e-05   1.851e-06     0.01886
       3.238      0.0175  -3.234e-05   1.728e-06     0.01753
       3.248     0.01626  -3.299e-05   1.612e-06     0.01629
       3.258     0.01511  -3.364e-05   1.504e-06     0.01514
       3.268     0.01404   -3.43e-05   1.404e-06     0.01407
       3.278     0.01304  -3.495e-05    1.31e-06     0.01307
       3.288     0.01211   -3.56e-05   1.221e-06     0.01215
       3.298     0.01125  -3.626e-05    1.14e-06     0.01128
       3.308     0.01044  -3.691e-05   1.065e-06     0.01048
       3.318    0.009697  -3.756e-05   9.932e-07    0.009733
       3.328    0.009002  -3.821e-05   9.256e-07     0.00904
       3.338    0.008356  -3.887e-05   4.438e-14    0.008395
       3.348    0.007756  -3.952e-05   4.438e-14    0.007796
       3.358    0.007199  -4.017e-05   4.438e-14     0.00724
       3.368    0.006683  -4.082e-05   4.438e-14    0.006724
       3.378    0.006204  -4.148e-05   4.438e-14    0.006245
       3.388    0.005759  -4.213e-05   4.438e-14    0.005801
       3.398    0.005346  -4.278e-05   4.438e-14    0.005388
       3.408    0.004963  -4.343e-05   4.438e-14    0.005006
       3.418    0.004607  -4.409e-05   4.438e-14    0.004651
       3.428    0.004278  -4.474e-05   4.438e-14    0.004323
       3.438    0.003972  -4.539e-05   4.438e-14    0.004018
       3.448     0.00369  -4.605e-05   4.438e-14    0.003736
       3.458    0.003428   -4.67e-05   4.438e-14    0.003474
       3.468    0.003185  -4.735e-05   4.438e-14    0.003232
       3.478     0.00296    -4.8e-05   4.438e-14    0.003008
       3.488    0.002752  -4.866e-05   4.438e-14    0.002801
       3.498    0.002559  -4.931e-05   4.438e-14    0.002608
       3.508     0.00238  -4.996e-05   4.438e-14     0.00243
       3.518    0.002215  -5.062e-05   4.438e-14    0.002265
       3.528    0.002062  -5.127e-05   4.438e-14    0.002113
       3.538     0.00192  -5.192e-05   4.438e-14    0.001972
       3.548    0.001789  -5.257e-05   4.438e-14    0.001842
       3.558    0.001668  -5.323e-05   4.438e-14    0.001722
       3.568    0.001556  -5.388e-05   4.438e-14     0.00161
       3.578    0.001453  -5.453e-05   4.438e-14    0.001508
       3.588    0.001357  -5.518e-05   4.438e-14    0.001412
       3.598    0.001269  -5.584e-05   4.438e-14    0.001324
       3.608    0.001187  -5.649e-05   4.438e-14    0.001243
       3.618    0.001111  -5.714e-05   4.438e-14    0.001169
       3.628    0.001042   -5.78e-05   4.438e-14      0.0011
       3.638   0.0009775  -5.845e-05   4.438e-14    0.001036
       3.648   0.0009181   -5.91e-05   4.438e-14   0.0009772
       3.658   0.0008635  -5.975e-05   4.438e-14   0.0009233
       3.668   0.0008131  -6.041e-05   4.438e-14   0.0008735
       3.678   0.0007666  -6.106e-05   4.438e-14   0.0008277
       3.688   0.0007239  -6.171e-05   4.438e-14   0.0007857
       3.698   0.0006846  -6.237e-05   4.438e-14    0.000747
       3.708   0.0006485  -6.302e-05   4.438e-14   0.0007115
       3.718   0.0006153  -6.367e-05   4.438e-14    0.000679
       3.728   0.0005849  -6.432e-05   4.438e-14   0.0006492
       3.738    0.000557  -6.498e-05   4.438e-14    0.000622
       3.748   0.0005314  -6.563e-05   4.438e-14    0.000597
       3.758   0.0005081  -6.628e-05   4.438e-14   0.0005743
       3.768   0.0004867  -6.693e-05   4.438e-14   0.0005537
       3.778   0.0004673  -6.759e-05   4.438e-14   0.0005349
       3.788   0.0004496  -6.824e-05   4.438e-14   0.0005178
       3.798   0.0004335  -6.889e-05   4.438e-14   0.0005024
       3.808    0.000419  -6.955e-05   4.438e-14   0.0004886
       3.818   0.0004059   -7.02e-05   4.438e-14   0.0004761
       3.828   0.0003941  -7.085e-05   4.438e-14   0.0004649
       3.838   0.0003835   -7.15e-05   4.438e-14    0.000455
       3.848   0.0003741  -7.216e-05   4.438e-14   0.0004462
       3.858   0.0003657  -7.281e-05   4.438e-14   0.0004385
       3.868   0.0003583  -7.346e-05   4.438e-14   0.0004318
       3.878   0.0003519  -7.412e-05   4.438e-14    0.000426
       3.888   0.0003463  -7.477e-05   4.438e-14   0.0004211
       3.898   0.0003416  -7.542e-05   4.438e-14    0.000417
       3.908   0.0003376  -7.607e-05   4.438e-14   0.0004137
       3.918   0.0003344  -7.673e-05   4.438e-14   0.0004111
       3.928   0.0003318  -7.738e-05   4.438e-14   0.0004092
       3.938   0.0003299  -7.803e-05   4.438e-14   0.0004079
       3.948   0.0003285  -7.868e-05   4.438e-14   0.0004072
       3.958   0.0003278  -7.934e-05   4.438e-14   0.0004071
       3.968   0.0003276  -7.999e-05   4.438e-14   0.0004075
       3.978   0.0003278  -8.064e-05   4.438e-14   0.0004085
       3.988   0.0003286   -8.13e-05   4.438e-14   0.0004099
       3.998   0.0003298  -8.195e-05   4.438e-14   0.0004118
       4.008   0.0003315   -8.26e-05   4.438e-14   0.0004141
       4.018   0.0003335  -8.325e-05   4.438e-14   0.0004168
       4.028    0.000336  -8.391e-05   4.438e-14   0.0004199
       4.038   0.0003388  -8.456e-05   4.438e-14   0.0004234
       4.048    0.000342  -8.521e-05   4.438e-14   0.0004272
       4.058   0.0003456  -8.586e-05   4.438e-14   0.0004314
       4.068   0.0003495  -8.652e-05   4.438e-14    0.000436
       4.078   0.0003537  -8.717e-05   4.438e-14   0.0004408
       4.088   0.0003582  -8.782e-05   4.438e-14    0.000446
       4.098    0.000363  -8.847e-05   4.438e-14   0.0004515
       4.108   0.0003681  -8.913e-05   4.438e-14   0.0004573
       4.118   0.0003735  -8.978e-05   4.438e-14   0.0004633
       4.128   0.0003792  -9.043e-05   4.438e-14   0.0004697
       4.138   0.0003852  -9.109e-05   4.438e-14   0.0004763
       4.148   0.0003914  -9.174e-05   4.438e-14   0.0004831
       4.158   0.0003979  -9.239e-05   4.438e-14   0.0004903
       4.168   0.0004046  -9.304e-05   4.438e-14   0.0004977
       4.178   0.0004116   -9.37e-05   4.438e-14   0.0005053
       4.188   0.0004189  -9.435e-05   4.438e-14   0.0005132
       4.198   0.0004264    -9.5e-05   4.438e-14   0.0005214
       4.208   0.0004341  -9.565e-05   4.438e-14   0.0005297
       4.218   0.0004421  -9.631e-05   4.438e-14   0.0005384
       4.228   0.0004503  -9.696e-05   4.438e-14   0.0005472
       4.238   0.0004587  -9.761e-05   4.438e-14   0.0005564
       4.248   0.0004674  -9.826e-05   4.438e-14   0.0005657
       4.258   0.0004764  -9.892e-05   4.438e-14   0.0005753
       4.268   0.0004856  -9.957e-05   4.438e-14   0.0005851
       4.278    0.000495  -0.0001002   4.438e-14   0.0005952
       4.288   0.0005046  -0.0001009   4.438e-14   0.0006055
       4.298   0.0005145  -0.0001015   4.438e-14   0.0006161
       4.308   0.0005247  -0.0001022   4.438e-14   0.0006269
       4.318   0.0005351  -0.0001028   4.438e-14   0.0006379
       4.328   0.0005457  -0.0001035   4.438e-14   0.0006492
       4.338   0.0005566  -0.0001041   4.438e-14   0.0006607
       4.348   0.0005677  -0.0001048   4.438e-14   0.0006725
       4.358   0.0005791  -0.0001054   4.438e-14   0.0006845
       4.368   0.0005907  -0.0001061   4.438e-14   0.0006968
       4.378   0.0006026  -0.0001067   4.438e-14   0.0007093
       4.388   0.0006147  -0.0001074   4.438e-14   0.0007221
       4.398   0.0006272  -0.0001081   4.438e-14   0.0007352
       4.408   0.0006398  -0.0001087   4.438e-14   0.0007485
       4.418   0.0006528  -0.0001094   4.438e-14   0.0007621
       4.428    0.000666    -0.00011   4.438e-14    0.000776
       4.438   0.0006795  -0.0001107   4.438e-14   0.0007901
       4.448   0.0006933  -0.0001113   4.438e-14   0.0008046
       4.458   0.0007073   -0.000112   4.438e-14   0.0008193
       4.468   0.0007217  -0.0001126   4.438e-14   0.0008343
       4.478   0.0007363  -0.0001133   4.438e-14   0.0008496
       4.488   0.0007513  -0.0001139   4.438e-14   0.0008652
       4.498   0.0007665  -0.0001146   4.438e-14   0.0008811
       4.508   0.0007821  -0.0001152   4.438e-14   0.0008973
       4.518   0.0007979  -0.0001159   4.438e-14   0.0009138
       4.528   0.0008141  -0.0001165   4.438e-14   0.0009307
       4.538   0.0008306  -0.0001172   4.438e-14   0.0009478
       4.548   0.0008475  -0.0001178   4.438e-14   0.0009653
       4.558   0.0008646  -0.0001185   4.438e-14   0.0009831
       4.568   0.0008822  -0.0001191   4.438e-14    0.001001
       4.578      0.0009  -0.0001198   4.438e-14     0.00102
       4.588   0.0009182  -0.0001205   4.438e-14    0.001039
       4.598   0.0009368  -0.0001211   4.438e-14    0.001058
       4.608   0.0009557  -0.0001218   4.438e-14    0.001077
       4.618    0.000975  -0.0001224   4.438e-14    0.001097
       4.628   0.0009947  -0.0001231   4.438e-14    0.001118
       4.638    0.001015  -0.0001237   4.438e-14    0.001138
       4.648    0.001035  -0.0001244   4.438e-14     0.00116
       4.658    0.001056   -0.000125   4.438e-14    0.001181
       4.668    0.001077  -0.0001257   4.438e-14    0.001203
       4.678    0.001099  -0.0001263   4.438e-14    0.001225
       4.688    0.001121   -0.000127   4.438e-14    0.001248
       4.698    0.001144  -0.0001276   4.438e-14    0.001271
       4.708    0.001166  -0.0001283   4.438e-14    0.001295
       4.718     0.00119  -0.0001289   4.438e-14    0.001319
       4.728    0.001214  -0.0001296   4.438e-14    0.001343
       4.738    0.001238  -0.0001302   4.438e-14    0.001368
       4.748    0.001263  -0.0001309   4.438e-14    0.001394
       4.758    0.001288  -0.0001315   4.438e-14    0.001419
       4.768    0.001314  -0.0001322   4.438e-14    0.001446
       4.778     0.00134  -0.0001329   4.438e-14    0.001473
       4.788    0.001367  -0.0001335   4.438e-14      0.0015
       4.798    0.001394  -0.0001342   4.438e-14    0.001528
       4.808    0.001421  -0.0001348   4.438e-14    0.001556
       4.818     0.00145  -0.0001355   4.438e-14    0.001585
       4.828    0.001478  -0.0001361   4.438e-14    0.001615
       4.838    0.001508  -0.0001368   4.438e-14    0.001645
       4.848    0.001538  -0.0001374   4.438e-14    0.001675
       4.858    0.001568  -0.0001381   4.438e-14    0.001706
       4.868    0.001599  -0.0001387   4.438e-14    0.001738
       4.878    0.001631  -0.0001394   4.438e-14     0.00177
       4.888    0.001663    -0.00014   4.438e-14    0.001803
       4.898    0.001696  -0.0001407   4.438e-14    0.001837
       4.908     0.00173  -0.0001413   4.438e-14    0.001871
       4.918    0.001764   -0.000142   4.438e-14    0.001906
       4.928    0.001798  -0.0001426   4.438e-14    0.001941
       4.938    0.001834  -0.0001433   4.438e-14    0.001977
       4.948     0.00187  -0.0001439   4.438e-14    0.002014
       4.958    0.001907  -0.0001446   4.438e-14    0.002051
       4.968    0.001944  -0.0001452   4.438e-14    0.002089
       4.978    0.001982  -0.0001459   4.438e-14    0.002128
       4.988    0.002021  -0.0001466   4.438e-14    0.002168
       4.998    0.002061  -0.0001472   4.438e-14    0.002208
       5.008    0.002101  -0.0001479   4.438e-14    0.002249
       5.018    0.002142  -0.0001485   4.438e-14    0.002291
       5.028    0.002184  -0.0001492   4.438e-14    0.002334
       5.038    0.002227  -0.0001498   4.438e-14    0.002377
       5.048    0.002271  -0.0001505   4.438e-14    0.002421
       5.058    0.002315  -0.0001511   4.438e-14    0.002466
       5.068     0.00236  -0.0001518   4.438e-14    0.002512
       5.078    0.002406  -0.0001524   4.438e-14    0.002559
       5.088    0.002453  -0.0001531   4.438e-14    0.002606
       5.098    0.002501  -0.0001537   4.438e-14    0.002655
       5.108     0.00255  -0.0001544   4.438e-14    0.002704
       5.118    0.002599   -0.000155   4.438e-14    0.002754
       5.128     0.00265  -0.0001557   4.438e-14    0.002806
       5.138    0.002701  -0.0001563   4.438e-14    0.002858
       5.148    0.002754   -0.000157   4.438e-14    0.002911
       5.158    0.002807  -0.0001576   4.438e-14    0.002965
       5.168    0.002862  -0.0001583   4.438e-14     0.00302
       5.178    0.002917   -0.000159   4.438e-14    0.003076
       5.188    0.002974  -0.0001596   4.438e-14    0.003133
       5.198    0.003031  -0.0001603   4.438e-14    0.003192
       5.208     0.00309  -0.0001609   4.438e-14    0.003251
       5.218     0.00315  -0.0001616   4.438e-14    0.003311
       5.228    0.003211  -0.0001622   4.438e-14    0.003373
       5.238    0.003273  -0.0001629   4.438e-14    0.003436
       5.248    0.003336  -0.0001635   4.438e-14      0.0035
       5.258      0.0034  -0.0001642   4.438e-14    0.003565
       5.268    0.003466  -0.0001648   4.438e-14    0.003631
       5.278    0.003533  -0.0001655   4.438e-14    0.003698
       5.288    0.003601  -0.0001661   4.438e-14    0.003767
       5.298     0.00367  -0.0001668   4.438e-14    0.003837
       5.308    0.003741  -0.0001674   4.438e-14    0.003908
       5.318    0.003813  -0.0001681   4.438e-14    0.003981
       5.328    0.003886  -0.0001687   4.438e-14    0.004055
       5.338    0.003961  -0.0001694   4.438e-14    0.004131
       5.348    0.004037    -0.00017   4.438e-14    0.004207
       5.358    0.004115  -0.0001707   4.438e-14    0.004286
       5.368    0.004194  -0.0001713   4.438e-14    0.004365
       5.378    0.004274   -0.000172   4.438e-14    0.004446
       5.388    0.004356  -0.0001727   4.438e-14    0.004529
       5.398     0.00444  -0.0001733   4.438e-14    0.004613
       5.408    0.004525   -0.000174   4.438e-14    0.004699
       5.418    0.004612  -0.0001746   4.438e-14    0.004786
       5.428      0.0047  -0.0001753   4.438e-14    0.004875
       5.438     0.00479  -0.0001759   4.438e-14    0.004966
       5.448    0.004882  -0.0001766   4.438e-14    0.005058
       5.458    0.004975  -0.0001772   4.438e-14    0.005152
       5.468     0.00507  -0.0001779   4.438e-14    0.005248
       5.478    0.005167  -0.0001785   4.438e-14    0.005346
       5.488    0.005266  -0.0001792   4.438e-14    0.005445
       5.498    0.005367  -0.0001798   4.438e-14    0.005546
       5.508    0.005469  -0.0001805   4.438e-14    0.005649
       5.518    0.005573  -0.0001811   4.438e-14    0.005755
       5.528     0.00568  -0.0001818   4.438e-14    0.005862
       5.538    0.005788  -0.0001824   4.438e-14     0.00597
       5.548    0.005898  -0.0001831   4.438e-14    0.006081
       5.558    0.006011  -0.0001837   4.438e-14    0.006195
       5.568    0.006125  -0.0001844   4.438e-14     0.00631
       5.578    0.006242  -0.0001851   4.438e-14    0.006427
       5.588    0.006361  -0.0001857   4.438e-14    0.006546
       5.598    0.006482  -0.0001864   4.438e-14    0.006668
       5.608    0.006605   -0.000187   4.438e-14    0.006792
       5.618    0.006731  -0.0001877   4.438e-14    0.006918
       5.628    0.006859  -0.0001883   4.438e-14    0.007047
       5.638    0.006989   -0.000189   4.438e-14    0.007178
       5.648    0.007122  -0.0001896   4.438e-14    0.007312
       5.658    0.007257  -0.0001903   4.438e-14    0.007447
       5.668    0.007395  -0.0001909   4.438e-14    0.007586
       5.678    0.007535  -0.0001916   4.438e-14    0.007727
       5.688    0.007678  -0.0001922   4.438e-14    0.007871
       5.698    0.007824  -0.0001929   4.438e-14    0.008017
       5.708    0.007972  -0.0001935   4.438e-14    0.008166
       5.718    0.008124  -0.0001942   4.438e-14    0.008318
       5.728    0.008278  -0.0001948   4.438e-14    0.008472
       5.738    0.008434  -0.0001955   4.438e-14     0.00863
       5.748    0.008594  -0.0001961   4.438e-14     0.00879
       5.758    0.008757  -0.0001968   4.438e-14    0.008954
       5.768    0.008923  -0.0001974   4.438e-14     0.00912
       5.778    0.009092  -0.0001981   4.438e-14     0.00929
       5.788    0.009264  -0.0001988   4.438e-14    0.009463
       5.798    0.009439  -0.0001994   4.438e-14    0.009638
       5.808    0.009618  -0.0002001   4.438e-14    0.009818
       5.818    0.009799  -0.0002007   4.438e-14        0.01
       5.828    0.009985  -0.0002014   4.438e-14     0.01019
       5.838     0.01017   -0.000202   4.438e-14     0.01038
       5.848     0.01037  -0.0002027   4.438e-14     0.01057
       5.858     0.01056  -0.0002033   4.438e-14     0.01076
       5.868     0.01076   -0.000204   4.438e-14     0.01097
       5.878     0.01096  -0.0002046   4.438e-14     0.01117
       5.888     0.01117  -0.0002053   4.438e-14     0.01138
       5.898     0.01138  -0.0002059   4.438e-14     0.01159
       5.908      0.0116  -0.0002066   4.438e-14      0.0118
       5.918     0.01182  -0.0002072   4.438e-14     0.01202
       5.928     0.01204  -0.0002079   4.438e-14     0.01225
