#      _xxWS        ftot       firac        fagn        fsfr
#
     -0.6339     0.03875   1.558e-09           0     0.03875
     -0.6239     0.03075    2.27e-09           0     0.03075
     -0.6139     0.02275   3.346e-09           0     0.02275
     -0.6039     0.01475   4.904e-09           0     0.01475
     -0.5939    0.006746   7.184e-09           0    0.006746
     -0.5839   2.476e-08   1.046e-08           0   1.431e-08
     -0.5739   2.917e-08    1.46e-08           0   1.457e-08
     -0.5639   3.508e-08   2.024e-08           0   1.484e-08
     -0.5539   4.181e-08   2.669e-08           0   1.512e-08
     -0.5439     5.1e-08    3.56e-08           0    1.54e-08
     -0.5339    6.24e-08   4.671e-08           0   1.569e-08
     -0.5239   7.714e-08   6.116e-08           0   1.598e-08
     -0.5139    9.44e-08   7.813e-08           0   1.628e-08
     -0.5039   1.194e-07   1.028e-07           0   1.658e-08
     -0.4939   1.505e-07   1.336e-07           0   1.689e-08
     -0.4839   1.883e-07   1.711e-07           0    1.72e-08
     -0.4739   2.346e-07   2.171e-07           0   1.752e-08
     -0.4639   2.892e-07   2.714e-07           0   1.785e-08
     -0.4539   3.536e-07   3.355e-07           0   1.818e-08
     -0.4439   4.311e-07   4.125e-07           0   1.852e-08
     -0.4339   5.247e-07   5.058e-07           0   1.886e-08
     -0.4239   6.425e-07   6.233e-07           0   1.921e-08
     -0.4139   7.772e-07   7.576e-07           0   1.957e-08
     -0.4039   9.418e-07   9.218e-07           0   1.993e-08
     -0.3939   1.148e-06   1.128e-06           0    2.03e-08
     -0.3839   1.411e-06    1.39e-06           0   2.068e-08
     -0.3739   1.699e-06   1.678e-06           0   2.106e-08
     -0.3639   2.044e-06   2.022e-06           0   2.146e-08
     -0.3539   2.435e-06   2.413e-06           0   2.185e-08
     -0.3439   2.882e-06    2.86e-06           0   2.226e-08
     -0.3339   3.382e-06    3.36e-06           0   2.267e-08
     -0.3239   3.959e-06   3.936e-06           0    2.31e-08
     -0.3139   4.623e-06   4.599e-06           0   2.353e-08
     -0.3039   5.374e-06    5.35e-06           0   2.396e-08
     -0.2939   6.234e-06   6.209e-06           0   2.441e-08
     -0.2839   7.217e-06   7.193e-06           0   2.486e-08
     -0.2739   8.319e-06   8.293e-06           0   2.532e-08
     -0.2639   9.503e-06   9.478e-06           0    2.58e-08
     -0.2539   1.086e-05   1.083e-05           0   2.628e-08
     -0.2439   1.238e-05   1.236e-05           0   2.676e-08
     -0.2339   1.407e-05   1.404e-05           0   2.726e-08
     -0.2239   1.595e-05   1.592e-05           0   2.777e-08
     -0.2139   1.807e-05   1.804e-05           0   2.828e-08
     -0.2039   2.053e-05    2.05e-05           0   2.881e-08
     -0.1939   2.321e-05   2.318e-05           0   2.935e-08
     -0.1839   2.617e-05   2.614e-05           0   2.989e-08
     -0.1739   2.951e-05   2.948e-05           0   3.045e-08
     -0.1639   3.308e-05   3.305e-05           0   3.101e-08
     -0.1539   3.701e-05   3.698e-05           0   3.159e-08
     -0.1439   4.125e-05   4.122e-05           0   3.218e-08
     -0.1339    4.61e-05   4.607e-05           0   3.278e-08
     -0.1239   5.295e-05   5.291e-05           0   3.338e-08
     -0.1139   5.958e-05   5.955e-05           0   3.401e-08
     -0.1039   6.769e-05   6.765e-05           0   3.464e-08
    -0.09395   7.848e-05   7.845e-05           0   3.528e-08
    -0.08395    9.09e-05   9.086e-05           0   3.594e-08
    -0.07395   0.0001046   0.0001046           0   3.661e-08
    -0.06395   0.0001195   0.0001195           0   3.729e-08
    -0.05395   0.0001369   0.0001369           0   3.798e-08
    -0.04395   0.0001569   0.0001569           0   3.869e-08
    -0.03395   0.0001789   0.0001788           0    3.94e-08
    -0.02395    0.000203   0.0002029           0   4.014e-08
    -0.01395   0.0002294   0.0002294           0   4.088e-08
   -0.003947    0.000257    0.000257           0   4.164e-08
    0.006053   0.0002818   0.0002818           0   4.242e-08
     0.01605   0.0003122   0.0003122           0   4.321e-08
     0.02605   0.0003429   0.0003428           0   4.401e-08
     0.03605   0.0003699   0.0003698           0   4.483e-08
     0.04605   0.0003978   0.0003977           0   4.566e-08
     0.05605    0.000428   0.0004279           0   4.651e-08
     0.06605   0.0004601   0.0004601           0   4.737e-08
     0.07605    0.000493    0.000493           0   4.826e-08
     0.08605   0.0005245   0.0005245           0   4.915e-08
     0.09605   0.0005585   0.0005585           0   5.007e-08
      0.1061   0.0005947   0.0005947           0     5.1e-08
      0.1161   0.0006335   0.0006335           0   5.195e-08
      0.1261   0.0006765   0.0006764           0   5.291e-08
      0.1361   0.0007213   0.0007212           0   5.389e-08
      0.1461   0.0007656   0.0007656           0    5.49e-08
      0.1561   0.0008116   0.0008115           0   5.592e-08
      0.1661   0.0008616   0.0008616           0   5.696e-08
      0.1761   0.0009149   0.0009149           0   5.802e-08
      0.1861   0.0009681    0.000968           0   5.909e-08
      0.1961    0.001024    0.001024           0   6.019e-08
      0.2061    0.001081    0.001081           0   6.131e-08
      0.2161    0.001142    0.001142           0   6.245e-08
      0.2261    0.001201    0.001201           0   6.361e-08
      0.2361    0.001271    0.001271           0    6.48e-08
      0.2461    0.001344    0.001344           0     6.6e-08
      0.2561    0.001422    0.001422           0   6.723e-08
      0.2661      0.0015      0.0015           0   6.848e-08
      0.2761    0.001574    0.001573           0   6.975e-08
      0.2861     0.00166     0.00166           0   7.105e-08
      0.2961    0.001748    0.001748           0   7.237e-08
      0.3061    0.001834    0.001834           0   7.371e-08
      0.3161    0.001926    0.001926           0   7.508e-08
      0.3261    0.002022    0.002022           0   7.648e-08
      0.3361    0.002108    0.002108           0    7.79e-08
      0.3461    0.002208    0.002203           0   4.659e-06
      0.3561    0.002316    0.002303           0   1.314e-05
      0.3661    0.002408    0.002387           0   2.095e-05
      0.3761    0.002501    0.002472           0   2.854e-05
      0.3861     0.00259    0.002554           0   3.639e-05
      0.3961    0.002683    0.002639           0    4.45e-05
      0.4061     0.00279    0.002738           0   5.169e-05
      0.4161    0.002882    0.002825           0   5.717e-05
      0.4261    0.002976    0.002915           0   6.099e-05
      0.4361    0.003071    0.003008           0   6.294e-05
      0.4461    0.003149    0.003088           0   6.187e-05
      0.4561    0.003235    0.003173           0   6.173e-05
      0.4661    0.003337    0.003274           0   6.328e-05
      0.4761    0.003435    0.003369           0   6.549e-05
      0.4861    0.003547    0.003479           0   6.787e-05
      0.4961    0.003651    0.003581           0   7.007e-05
      0.5061     0.00376    0.003689           0   7.169e-05
      0.5161    0.003875    0.003803           0   7.223e-05
      0.5261    0.004003    0.003931           0   7.172e-05
      0.5361    0.004126    0.004055           0   7.131e-05
      0.5461    0.004242     0.00417           0   7.177e-05
      0.5561    0.004332    0.004259           0   7.293e-05
      0.5661    0.004416    0.004341           0   7.436e-05
      0.5761    0.004528    0.004452           0   7.592e-05
      0.5861    0.004603    0.004525           0    7.81e-05
      0.5961    0.004681      0.0046           0   8.107e-05
      0.6061    0.004737    0.004653           0   8.466e-05
      0.6161    0.004779    0.004691           0   8.873e-05
      0.6261    0.004814     0.00472           0   9.318e-05
      0.6361    0.004819    0.004721           0   9.797e-05
      0.6461    0.004811    0.004708           0   0.0001031
      0.6561    0.004748    0.004639           0   0.0001086
      0.6661    0.004694    0.004579           0   0.0001144
      0.6761    0.004636    0.004515           0   0.0001207
      0.6861    0.004544    0.004416           0   0.0001275
      0.6961    0.004426    0.004291           0   0.0001352
      0.7061    0.004306    0.004163           0   0.0001436
      0.7161    0.004235    0.004083           0   0.0001522
      0.7261    0.004145    0.003985           0   0.0001608
      0.7361    0.004087    0.003917           0   0.0001697
      0.7461    0.004018    0.003839           0    0.000179
      0.7561    0.003946    0.003756           0   0.0001891
      0.7661     0.00386    0.003659           0   0.0002004
      0.7761    0.003764     0.00355           0   0.0002141
      0.7861    0.003704    0.003471           0   0.0002326
      0.7961    0.003642    0.003376           0   0.0002658
      0.8061    0.003647    0.003278           0    0.000369
      0.8161     0.00466    0.003239           0    0.001422
      0.8261    0.004754    0.003235           0    0.001518
      0.8361    0.004771    0.003219           0    0.001552
      0.8461     0.00474    0.003165           0    0.001575
      0.8561    0.004702    0.003108           0    0.001594
      0.8661    0.004624    0.003013           0    0.001611
      0.8761    0.004534    0.002906           0    0.001628
      0.8861    0.004456    0.002812           0    0.001644
      0.8961    0.004412    0.002752           0     0.00166
      0.9061     0.00438    0.002705           0    0.001675
      0.9161     0.00435    0.002664           0    0.001687
      0.9261    0.004316     0.00263           0    0.001686
      0.9361    0.004191    0.002574           0    0.001617
      0.9461    0.003111    0.002509           0   0.0006021
      0.9561    0.002968    0.002422           0   0.0005465
      0.9661    0.002879     0.00232           0   0.0005582
      0.9761    0.002819    0.002233           0   0.0005862
      0.9861    0.002774    0.002148           0   0.0006254
      0.9961    0.002754    0.002076           0   0.0006778
       1.006     0.00277    0.002013           0   0.0007565
       1.016    0.002866    0.001953           0   0.0009128
       1.026    0.002932     0.00189           0    0.001043
       1.036    0.003002    0.001823           0    0.001179
       1.046    0.003174    0.001754           0     0.00142
       1.056    0.003412    0.001676           0    0.001737
       1.066    0.003657    0.001624           0    0.002033
       1.076    0.004152    0.001578           0    0.002575
       1.086    0.006023    0.001542           0    0.004481
       1.096    0.007483    0.001503           0     0.00598
       1.106    0.008141    0.001463           0    0.006679
       1.116    0.008793    0.001422           0    0.007371
       1.126    0.009496    0.001384           0    0.008112
       1.136     0.01019    0.001345           0    0.008842
       1.146     0.01098    0.001306           0    0.009671
       1.156      0.0122    0.001268           0     0.01094
       1.166     0.01426    0.001228           0     0.01304
       1.176     0.01783    0.001188           0     0.01664
       1.186     0.02138     0.00115           0     0.02023
       1.196     0.02426     0.00111           0     0.02315
       1.206     0.02562    0.001071           0     0.02455
       1.216     0.02528    0.001032           0     0.02425
       1.226     0.02565   0.0009972           0     0.02466
       1.236     0.02667   0.0009641           0      0.0257
       1.246     0.02694   0.0009349           0       0.026
       1.256     0.02692    0.000905           0     0.02602
       1.266     0.02682   0.0008782           0     0.02594
       1.276     0.02652   0.0008526           0     0.02567
       1.286     0.02581   0.0008269           0     0.02498
       1.296     0.02429   0.0008022           0     0.02349
       1.306     0.02121   0.0007769           0     0.02043
       1.316     0.01815   0.0007504           0      0.0174
       1.326     0.01597   0.0007234           0     0.01524
       1.336     0.01557   0.0006961           0     0.01487
       1.346     0.01906    0.000669           0      0.0184
       1.356     0.02028   0.0006413           0     0.01964
       1.366      0.0207    0.000613           0     0.02008
       1.376     0.02225   0.0005828           0     0.02167
       1.386     0.02388   0.0005535           0     0.02332
       1.396     0.02651   0.0005232           0     0.02599
       1.406     0.02823   0.0004928           0     0.02774
       1.416     0.02948   0.0004623           0     0.02902
       1.426     0.03089   0.0004325           0     0.03046
       1.436     0.03192   0.0004046           0     0.03151
       1.446      0.0329   0.0003787           0     0.03252
       1.456     0.03358   0.0003546           0     0.03322
       1.466     0.03376   0.0003323           0     0.03343
       1.476     0.03047   0.0003116           0     0.03016
       1.486     0.02927   0.0002925           0     0.02898
       1.496     0.02924    0.000275           0     0.02897
       1.506     0.02911   0.0002589           0     0.02886
       1.516      0.0297   0.0002442           0     0.02945
       1.526     0.02957   0.0002307           0     0.02934
       1.536     0.03055   0.0002185           0     0.03033
       1.546     0.03168   0.0002074           0     0.03147
       1.556     0.03254   0.0001973           0     0.03234
       1.566     0.03381   0.0001881           0     0.03362
       1.576      0.0352   0.0001799           0     0.03502
       1.586     0.03671   0.0001723           0     0.03654
       1.596      0.0383   0.0001655           0     0.03813
       1.606     0.03991   0.0001592           0     0.03975
       1.616     0.04152   0.0001535           0     0.04137
       1.626     0.04309   0.0001482           0     0.04294
       1.636     0.04452   0.0001432           0     0.04438
       1.646      0.0456   0.0001385           0     0.04546
       1.656     0.04665    0.000134           0     0.04652
       1.666      0.0478   0.0001298           0     0.04767
       1.676     0.04953   0.0001256           0      0.0494
       1.686     0.05167   0.0001216           0     0.05155
       1.696     0.05411   0.0001176           0     0.05399
       1.706     0.05681   0.0001137           0     0.05669
       1.716        0.06   0.0001098           0     0.05989
       1.726     0.06367    0.000106           0     0.06356
       1.736     0.06788   0.0001022           0     0.06778
       1.746     0.07271   9.847e-05           0     0.07261
       1.756     0.07823   9.477e-05           0     0.07814
       1.766     0.08453   9.112e-05           0     0.08444
       1.776     0.09171   8.752e-05           0     0.09163
       1.786     0.09985   8.398e-05           0     0.09977
       1.796       0.109   8.051e-05           0      0.1089
       1.806      0.1192    7.71e-05           0      0.1192
       1.816      0.1306   7.376e-05           0      0.1305
       1.826      0.1431    7.05e-05           0       0.143
       1.836      0.1566   6.731e-05           0      0.1566
       1.846      0.1713   6.421e-05           0      0.1712
       1.856       0.187   6.119e-05           0      0.1869
       1.866      0.2036   5.826e-05           0      0.2036
       1.876      0.2212   5.543e-05           0      0.2211
       1.886      0.2396   5.269e-05           0      0.2395
       1.896      0.2587   5.005e-05           0      0.2586
       1.906      0.2784   4.752e-05           0      0.2784
       1.916      0.2988   4.509e-05           0      0.2987
       1.926      0.3196   4.277e-05           0      0.3196
       1.936       0.341   4.057e-05           0       0.341
       1.946      0.3628   3.848e-05           0      0.3628
       1.956      0.3851    3.65e-05           0       0.385
       1.966      0.4078   3.463e-05           0      0.4077
       1.976       0.431   3.287e-05           0      0.4309
       1.986      0.4547   3.122e-05           0      0.4546
       1.996      0.4789   2.968e-05           0      0.4788
       2.006      0.5036   2.824e-05           0      0.5036
       2.016      0.5289   2.689e-05           0      0.5289
       2.026      0.5547   2.563e-05           0      0.5547
       2.036      0.5811   2.445e-05           0       0.581
       2.046      0.6079   2.336e-05           0      0.6079
       2.056      0.6352   2.233e-05           0      0.6352
       2.066      0.6629   2.137e-05           0      0.6628
       2.076      0.6908   2.046e-05           0      0.6908
       2.086       0.719   1.961e-05           0       0.719
       2.096      0.7472    1.88e-05           0      0.7472
       2.106      0.7754   1.803e-05           0      0.7754
       2.116      0.8034   1.729e-05           0      0.8034
       2.126      0.8311   1.659e-05           0      0.8311
       2.136      0.8584   1.591e-05           0      0.8584
       2.146      0.8851   1.525e-05           0      0.8851
       2.156       0.911   1.462e-05           0       0.911
       2.166       0.936   1.401e-05           0       0.936
       2.176        0.96   1.341e-05           0        0.96
       2.186      0.9828   1.283e-05           0      0.9827
       2.196       1.004   1.227e-05           0       1.004
       2.206       1.024   1.172e-05           0       1.024
       2.216       1.043    1.12e-05           0       1.043
       2.226       1.059   1.069e-05           0       1.059
       2.236       1.074    1.02e-05           0       1.074
       2.246       1.087   9.735e-06           0       1.087
       2.256       1.098   9.288e-06           0       1.098
       2.266       1.107   8.862e-06           0       1.107
       2.276       1.115   8.456e-06           0       1.115
       2.286        1.12    8.07e-06           0        1.12
       2.296       1.123   7.703e-06           0       1.123
       2.306       1.124   7.354e-06           0       1.124
       2.316       1.123   7.022e-06           0       1.123
       2.326        1.12   6.706e-06           0        1.12
       2.336       1.115   6.406e-06           0       1.115
       2.346       1.108    6.12e-06           0       1.108
       2.356         1.1   5.847e-06           0         1.1
       2.366        1.09   5.587e-06           0        1.09
       2.376       1.078   5.337e-06           0       1.078
       2.386       1.066   5.099e-06           0       1.066
       2.396       1.052   4.871e-06           0       1.052
       2.406       1.038   4.652e-06           0       1.038
       2.416       1.023   4.443e-06           0       1.023
       2.426       1.007   4.243e-06           0       1.007
       2.436      0.9904   4.052e-06           0      0.9904
       2.446      0.9728   3.869e-06           0      0.9728
       2.456      0.9536   3.695e-06           0      0.9536
       2.466      0.9329   3.529e-06           0      0.9329
       2.476      0.9108    3.37e-06           0      0.9108
       2.486      0.8873   3.218e-06           0      0.8873
       2.496      0.8626   3.073e-06           0      0.8626
       2.506      0.8369   2.934e-06           0      0.8369
       2.516      0.8102   2.801e-06           0      0.8102
       2.526      0.7827   2.672e-06           0      0.7826
       2.536      0.7542   2.547e-06           0      0.7542
       2.546       0.725   2.425e-06           0      0.7249
       2.556       0.695   2.306e-06           0       0.695
       2.566      0.6647    2.19e-06           0      0.6647
       2.576      0.6345   2.075e-06           0      0.6345
       2.586      0.6052   1.961e-06           0      0.6052
       2.596      0.5769   1.848e-06           0      0.5769
       2.606      0.5495   1.735e-06           0      0.5495
       2.616      0.5232   1.623e-06           0      0.5232
       2.626      0.4977    1.51e-06           0      0.4977
       2.636      0.4732   1.397e-06           0      0.4732
       2.646      0.4495   1.285e-06           0      0.4495
       2.656      0.4267   1.172e-06           0      0.4266
       2.666      0.4046   1.059e-06           0      0.4046
       2.676      0.3834   9.461e-07           0      0.3834
       2.686      0.3629   8.332e-07           0      0.3629
       2.696      0.3432   7.203e-07           0      0.3432
       2.706      0.3242   6.073e-07           0      0.3242
       2.716      0.3059   4.943e-07           0      0.3059
       2.726      0.2883   3.813e-07           0      0.2883
       2.736      0.2714   2.682e-07           0      0.2714
       2.746      0.2553   1.551e-07           0      0.2553
       2.756      0.2398   4.194e-08           0      0.2398
       2.766       0.225  -7.124e-08           0       0.225
       2.776      0.2109  -1.844e-07           0      0.2109
       2.786      0.1974  -2.977e-07           0      0.1974
       2.796      0.1847  -4.109e-07           0      0.1847
       2.806      0.1725  -5.242e-07           0      0.1725
       2.816       0.161  -6.375e-07           0       0.161
       2.826      0.1501  -7.509e-07           0      0.1501
       2.836        0.14  -8.642e-07           0        0.14
       2.846      0.1304  -9.776e-07           0      0.1304
       2.856      0.1215  -1.091e-06           0      0.1215
       2.866      0.1132  -1.204e-06           0      0.1132
       2.876      0.1054  -1.318e-06           0      0.1054
       2.886     0.09805  -1.431e-06           0     0.09806
       2.896     0.09123  -1.545e-06           0     0.09123
       2.906     0.08486  -1.658e-06           0     0.08486
       2.916     0.07891  -1.772e-06           0     0.07891
       2.926     0.07336  -1.885e-06           0     0.07336
       2.936     0.06819  -1.999e-06           0     0.06819
       2.946     0.06337  -2.113e-06           0     0.06337
       2.956     0.05888  -2.226e-06           0     0.05888
       2.966      0.0547   -2.34e-06           0      0.0547
       2.976     0.05081  -2.453e-06           0     0.05081
       2.986     0.04718  -2.567e-06           0     0.04718
       2.996     0.04381  -2.681e-06           0     0.04381
       3.006     0.04068  -2.794e-06           0     0.04068
       3.016     0.03776  -2.908e-06           0     0.03777
       3.026     0.03506  -3.022e-06           0     0.03506
       3.036     0.03254  -3.135e-06           0     0.03254
       3.046      0.0302  -3.249e-06           0      0.0302
       3.056     0.02803  -3.363e-06           0     0.02803
       3.066     0.02601  -3.477e-06           0     0.02602
       3.076     0.02414   -3.59e-06           0     0.02414
       3.086      0.0224  -3.704e-06           0      0.0224
       3.096     0.02078  -3.818e-06           0     0.02079
       3.106     0.01929  -3.932e-06           0     0.01929
       3.116      0.0179  -4.045e-06           0      0.0179
       3.126     0.01661  -4.159e-06           0     0.01661
       3.136     0.01541  -4.273e-06           0     0.01541
       3.146      0.0143  -4.387e-06           0      0.0143
       3.156     0.01327  -4.501e-06           0     0.01327
       3.166     0.01231  -4.614e-06           0     0.01232
       3.176     0.01143  -4.728e-06           0     0.01143
       3.186      0.0106  -4.842e-06           0     0.01061
       3.196    0.009842  -4.956e-06           0    0.009847
       3.206    0.009134   -5.07e-06           0    0.009139
       3.216    0.008478  -5.184e-06           0    0.008483
       3.226    0.007869  -5.297e-06           0    0.007875
       3.236    0.007305  -5.411e-06           0     0.00731
       3.246    0.006781  -5.525e-06           0    0.006787
       3.256    0.006294  -5.639e-06           0      0.0063
       3.266    0.005843  -5.753e-06           0    0.005849
       3.276    0.005424  -5.867e-06           0     0.00543
       3.286    0.005035  -5.981e-06           0    0.005041
       3.296    0.004674  -6.095e-06           0     0.00468
       3.306     0.00434  -6.208e-06           0    0.004346
       3.316    0.004029  -6.322e-06           0    0.004035
       3.326     0.00374  -6.436e-06           0    0.003747
       3.336    0.003473   -6.55e-06           0    0.003479
       3.346    0.003225  -6.664e-06           0    0.003231
       3.356    0.002995  -6.778e-06           0    0.003001
       3.366    0.002781  -6.892e-06           0    0.002788
       3.376    0.002584  -7.006e-06           0    0.002591
       3.386    0.002401   -7.12e-06           0    0.002408
       3.396    0.002232  -7.234e-06           0    0.002239
       3.406    0.002075  -7.347e-06           0    0.002083
       3.416     0.00193  -7.461e-06           0    0.001938
       3.426    0.001796  -7.575e-06           0    0.001804
       3.436    0.001672  -7.689e-06           0     0.00168
       3.446    0.001558  -7.803e-06           0    0.001565
       3.456    0.001452  -7.917e-06           0    0.001459
       3.466    0.001354  -8.031e-06           0    0.001362
       3.476    0.001263  -8.145e-06           0    0.001271
       3.486     0.00118  -8.259e-06           0    0.001188
       3.496    0.001103  -8.373e-06           0    0.001111
       3.506    0.001031  -8.487e-06           0     0.00104
       3.516   0.0009656  -8.601e-06           0   0.0009742
       3.526   0.0009049  -8.714e-06           0   0.0009136
       3.536    0.000849  -8.828e-06           0   0.0008578
       3.546   0.0007974  -8.942e-06           0   0.0008064
       3.556   0.0007499  -9.056e-06           0    0.000759
       3.566   0.0007063   -9.17e-06           0   0.0007155
       3.576    0.000666  -9.284e-06           0   0.0006753
       3.586   0.0006291  -9.398e-06           0   0.0006385
       3.596   0.0005951  -9.512e-06           0   0.0006046
       3.606   0.0005638  -9.626e-06           0   0.0005734
       3.616   0.0005351   -9.74e-06           0   0.0005449
       3.626   0.0005088  -9.854e-06           0   0.0005187
       3.636   0.0004848  -9.968e-06           0   0.0004948
       3.646   0.0004627  -1.008e-05           0   0.0004728
       3.656   0.0004427   -1.02e-05           0   0.0004528
       3.666   0.0004243  -1.031e-05           0   0.0004346
       3.676   0.0004076  -1.042e-05           0    0.000418
       3.686   0.0003924  -1.054e-05           0   0.0004029
       3.696   0.0003786  -1.065e-05           0   0.0003892
       3.706   0.0003661  -1.077e-05           0   0.0003769
       3.716   0.0003549  -1.088e-05           0   0.0003657
       3.726   0.0003447  -1.099e-05           0   0.0003557
       3.736   0.0003357  -1.111e-05           0   0.0003468
       3.746   0.0003276  -1.122e-05           0   0.0003388
       3.756   0.0003204  -1.133e-05           0   0.0003318
       3.766   0.0003141  -1.145e-05           0   0.0003255
       3.776   0.0003086  -1.156e-05           0   0.0003201
       3.786   0.0003038  -1.168e-05           0   0.0003154
       3.796   0.0002997  -1.179e-05           0   0.0003115
       3.806   0.0002962   -1.19e-05           0   0.0003081
       3.816   0.0002933  -1.202e-05           0   0.0003054
       3.826   0.0002911  -1.213e-05           0   0.0003032
       3.836   0.0002893  -1.225e-05           0   0.0003015
       3.846    0.000288  -1.236e-05           0   0.0003004
       3.856   0.0002872  -1.247e-05           0   0.0002997
       3.866   0.0002869  -1.259e-05           0   0.0002995
       3.876   0.0002869   -1.27e-05           0   0.0002996
       3.886   0.0002874  -1.282e-05           0   0.0003002
       3.896   0.0002882  -1.293e-05           0   0.0003011
       3.906   0.0002893  -1.304e-05           0   0.0003024
       3.916   0.0002908  -1.316e-05           0    0.000304
       3.926   0.0002927  -1.327e-05           0   0.0003059
       3.936   0.0002948  -1.339e-05           0   0.0003082
       3.946   0.0002972   -1.35e-05           0   0.0003107
       3.956   0.0002998  -1.361e-05           0   0.0003135
       3.966   0.0003028  -1.373e-05           0   0.0003165
       3.976    0.000306  -1.384e-05           0   0.0003198
       3.986   0.0003094  -1.395e-05           0   0.0003234
       3.996   0.0003131  -1.407e-05           0   0.0003272
       4.006    0.000317  -1.418e-05           0   0.0003312
       4.016   0.0003211   -1.43e-05           0   0.0003354
       4.026   0.0003254  -1.441e-05           0   0.0003398
       4.036     0.00033  -1.452e-05           0   0.0003445
       4.046   0.0003347  -1.464e-05           0   0.0003493
       4.056   0.0003396  -1.475e-05           0   0.0003544
       4.066   0.0003448  -1.487e-05           0   0.0003596
       4.076   0.0003501  -1.498e-05           0   0.0003651
       4.086   0.0003556  -1.509e-05           0   0.0003707
       4.096   0.0003613  -1.521e-05           0   0.0003765
       4.106   0.0003672  -1.532e-05           0   0.0003825
       4.116   0.0003732  -1.544e-05           0   0.0003887
       4.126   0.0003795  -1.555e-05           0    0.000395
       4.136   0.0003859  -1.566e-05           0   0.0004015
       4.146   0.0003925  -1.578e-05           0   0.0004082
       4.156   0.0003992  -1.589e-05           0   0.0004151
       4.166   0.0004062  -1.601e-05           0   0.0004222
       4.176   0.0004133  -1.612e-05           0   0.0004294
       4.186   0.0004206  -1.623e-05           0   0.0004368
       4.196   0.0004281  -1.635e-05           0   0.0004444
       4.206   0.0004357  -1.646e-05           0   0.0004522
       4.216   0.0004435  -1.657e-05           0   0.0004601
       4.226   0.0004515  -1.669e-05           0   0.0004682
       4.236   0.0004597   -1.68e-05           0   0.0004765
       4.246   0.0004681  -1.692e-05           0    0.000485
       4.256   0.0004767  -1.703e-05           0   0.0004937
       4.266   0.0004854  -1.714e-05           0   0.0005025
       4.276   0.0004943  -1.726e-05           0   0.0005116
       4.286   0.0005034  -1.737e-05           0   0.0005208
       4.296   0.0005127  -1.749e-05           0   0.0005302
       4.306   0.0005222   -1.76e-05           0   0.0005398
       4.316   0.0005319  -1.771e-05           0   0.0005496
       4.326   0.0005418  -1.783e-05           0   0.0005596
       4.336   0.0005519  -1.794e-05           0   0.0005698
       4.346   0.0005622  -1.806e-05           0   0.0005802
       4.356   0.0005727  -1.817e-05           0   0.0005908
       4.366   0.0005834  -1.828e-05           0   0.0006016
       4.376   0.0005943   -1.84e-05           0   0.0006127
       4.386   0.0006054  -1.851e-05           0   0.0006239
       4.396   0.0006167  -1.862e-05           0   0.0006354
       4.406   0.0006283  -1.874e-05           0   0.0006471
       4.416   0.0006401  -1.885e-05           0    0.000659
       4.426   0.0006521  -1.897e-05           0   0.0006711
       4.436   0.0006644  -1.908e-05           0   0.0006835
       4.446   0.0006769  -1.919e-05           0   0.0006961
       4.456   0.0006896  -1.931e-05           0   0.0007089
       4.466   0.0007026  -1.942e-05           0    0.000722
       4.476   0.0007158  -1.954e-05           0   0.0007354
       4.486   0.0007293  -1.965e-05           0    0.000749
       4.496    0.000743  -1.976e-05           0   0.0007628
       4.506    0.000757  -1.988e-05           0   0.0007769
       4.516   0.0007713  -1.999e-05           0   0.0007913
       4.526   0.0007859   -2.01e-05           0    0.000806
       4.536   0.0008007  -2.022e-05           0   0.0008209
       4.546   0.0008158  -2.033e-05           0   0.0008361
       4.556   0.0008312  -2.045e-05           0   0.0008516
       4.566   0.0008468  -2.056e-05           0   0.0008674
       4.576   0.0008628  -2.067e-05           0   0.0008835
       4.586   0.0008791  -2.079e-05           0   0.0008999
       4.596   0.0008957   -2.09e-05           0   0.0009166
       4.606   0.0009125  -2.102e-05           0   0.0009336
       4.616   0.0009298  -2.113e-05           0   0.0009509
       4.626   0.0009473  -2.124e-05           0   0.0009685
       4.636   0.0009652  -2.136e-05           0   0.0009865
       4.646   0.0009834  -2.147e-05           0    0.001005
       4.656    0.001002  -2.159e-05           0    0.001023
       4.666    0.001021   -2.17e-05           0    0.001042
       4.676     0.00104  -2.181e-05           0    0.001062
       4.686     0.00106  -2.193e-05           0    0.001082
       4.696     0.00108  -2.204e-05           0    0.001102
       4.706      0.0011  -2.215e-05           0    0.001122
       4.716    0.001121  -2.227e-05           0    0.001143
       4.726    0.001142  -2.238e-05           0    0.001164
       4.736    0.001163   -2.25e-05           0    0.001186
       4.746    0.001185  -2.261e-05           0    0.001208
       4.756    0.001208  -2.272e-05           0     0.00123
       4.766     0.00123  -2.284e-05           0    0.001253
       4.776    0.001254  -2.295e-05           0    0.001276
       4.786    0.001277  -2.307e-05           0      0.0013
       4.796    0.001301  -2.318e-05           0    0.001324
       4.806    0.001326  -2.329e-05           0    0.001349
       4.816    0.001351  -2.341e-05           0    0.001374
       4.826    0.001376  -2.352e-05           0      0.0014
       4.836    0.001402  -2.363e-05           0    0.001426
       4.846    0.001428  -2.375e-05           0    0.001452
       4.856    0.001455  -2.386e-05           0    0.001479
       4.866    0.001483  -2.398e-05           0    0.001507
       4.876     0.00151  -2.409e-05           0    0.001535
       4.886    0.001539   -2.42e-05           0    0.001563
       4.896    0.001568  -2.432e-05           0    0.001592
       4.906    0.001597  -2.443e-05           0    0.001622
       4.916    0.001627  -2.455e-05           0    0.001652
       4.926    0.001658  -2.466e-05           0    0.001683
       4.936    0.001689  -2.477e-05           0    0.001714
       4.946    0.001721  -2.489e-05           0    0.001746
       4.956    0.001753    -2.5e-05           0    0.001778
       4.966    0.001786  -2.511e-05           0    0.001811
       4.976     0.00182  -2.523e-05           0    0.001845
       4.986    0.001854  -2.534e-05           0    0.001879
       4.996    0.001889  -2.546e-05           0    0.001914
       5.006    0.001924  -2.557e-05           0     0.00195
       5.016     0.00196  -2.568e-05           0    0.001986
       5.026    0.001997   -2.58e-05           0    0.002023
       5.036    0.002035  -2.591e-05           0    0.002061
       5.046    0.002073  -2.603e-05           0    0.002099
       5.056    0.002112  -2.614e-05           0    0.002138
       5.066    0.002151  -2.625e-05           0    0.002178
       5.076    0.002192  -2.637e-05           0    0.002218
       5.086    0.002233  -2.648e-05           0    0.002259
       5.096    0.002275  -2.659e-05           0    0.002301
       5.106    0.002317  -2.671e-05           0    0.002344
       5.116    0.002361  -2.682e-05           0    0.002388
       5.126    0.002405  -2.694e-05           0    0.002432
       5.136     0.00245  -2.705e-05           0    0.002477
       5.146    0.002496  -2.716e-05           0    0.002523
       5.156    0.002543  -2.728e-05           0     0.00257
       5.166    0.002591  -2.739e-05           0    0.002618
       5.176    0.002639  -2.751e-05           0    0.002667
       5.186    0.002689  -2.762e-05           0    0.002716
       5.196    0.002739  -2.773e-05           0    0.002767
       5.206     0.00279  -2.785e-05           0    0.002818
       5.216    0.002843  -2.796e-05           0    0.002871
       5.226    0.002896  -2.808e-05           0    0.002924
       5.236     0.00295  -2.819e-05           0    0.002978
       5.246    0.003005   -2.83e-05           0    0.003034
       5.256    0.003062  -2.842e-05           0     0.00309
       5.266    0.003119  -2.853e-05           0    0.003148
       5.276    0.003177  -2.864e-05           0    0.003206
       5.286    0.003237  -2.876e-05           0    0.003266
       5.296    0.003298  -2.887e-05           0    0.003326
       5.306    0.003359  -2.899e-05           0    0.003388
       5.316    0.003422   -2.91e-05           0    0.003451
       5.326    0.003486  -2.921e-05           0    0.003515
       5.336    0.003551  -2.933e-05           0    0.003581
       5.346    0.003618  -2.944e-05           0    0.003647
       5.356    0.003686  -2.956e-05           0    0.003715
       5.366    0.003755  -2.967e-05           0    0.003784
       5.376    0.003825  -2.978e-05           0    0.003855
       5.386    0.003896   -2.99e-05           0    0.003926
       5.396    0.003969  -3.001e-05           0    0.003999
       5.406    0.004043  -3.012e-05           0    0.004074
       5.416    0.004119  -3.024e-05           0    0.004149
       5.426    0.004196  -3.035e-05           0    0.004226
       5.436    0.004275  -3.047e-05           0    0.004305
       5.446    0.004354  -3.058e-05           0    0.004385
       5.456    0.004436  -3.069e-05           0    0.004467
       5.466    0.004519  -3.081e-05           0     0.00455
       5.476    0.004603  -3.092e-05           0    0.004634
       5.486    0.004689  -3.104e-05           0     0.00472
       5.496    0.004777  -3.115e-05           0    0.004808
       5.506    0.004866  -3.126e-05           0    0.004897
       5.516    0.004957  -3.138e-05           0    0.004989
       5.526     0.00505  -3.149e-05           0    0.005081
       5.536    0.005144   -3.16e-05           0    0.005176
       5.546     0.00524  -3.172e-05           0    0.005272
       5.556    0.005338  -3.183e-05           0     0.00537
       5.566    0.005438  -3.195e-05           0     0.00547
       5.576    0.005539  -3.206e-05           0    0.005571
       5.586    0.005643  -3.217e-05           0    0.005675
       5.596    0.005748  -3.229e-05           0    0.005781
       5.606    0.005856   -3.24e-05           0    0.005888
       5.616    0.005965  -3.251e-05           0    0.005998
       5.626    0.006076  -3.263e-05           0    0.006109
       5.636     0.00619  -3.274e-05           0    0.006223
       5.646    0.006305  -3.286e-05           0    0.006338
       5.656    0.006423  -3.297e-05           0    0.006456
       5.666    0.006543  -3.308e-05           0    0.006576
       5.676    0.006665   -3.32e-05           0    0.006698
       5.686     0.00679  -3.331e-05           0    0.006823
       5.696    0.006916  -3.343e-05           0     0.00695
       5.706    0.007045  -3.354e-05           0    0.007079
       5.716    0.007177  -3.365e-05           0    0.007211
       5.726    0.007311  -3.377e-05           0    0.007345
       5.736    0.007447  -3.388e-05           0    0.007481
       5.746    0.007586  -3.399e-05           0     0.00762
       5.756    0.007728  -3.411e-05           0    0.007762
       5.766    0.007872  -3.422e-05           0    0.007906
       5.776    0.008019  -3.434e-05           0    0.008053
       5.786    0.008169  -3.445e-05           0    0.008203
       5.796    0.008321  -3.456e-05           0    0.008355
       5.806    0.008476  -3.468e-05           0    0.008511
       5.816    0.008634  -3.479e-05           0    0.008669
       5.826    0.008795  -3.491e-05           0     0.00883
       5.836    0.008959  -3.502e-05           0    0.008994
       5.846    0.009126  -3.513e-05           0    0.009162
       5.856    0.009297  -3.525e-05           0    0.009332
       5.866     0.00947  -3.536e-05           0    0.009505
       5.876    0.009647  -3.547e-05           0    0.009682
       5.886    0.009827  -3.559e-05           0    0.009862
       5.896     0.01001   -3.57e-05           0     0.01005
       5.906      0.0102  -3.582e-05           0     0.01023
       5.916     0.01039  -3.593e-05           0     0.01042
       5.926     0.01058  -3.604e-05           0     0.01062
       5.936     0.01078  -3.616e-05           0     0.01081
       5.946     0.01098  -3.627e-05           0     0.01101
