#      _xxWS        ftot       firac        fagn        fsfr
#
     -0.4596     0.01359   1.408e-07           0     0.01359
     -0.4496     0.01072   1.837e-07           0     0.01072
     -0.4396     0.00785    2.43e-07           0     0.00785
     -0.4296    0.004982   3.205e-07           0    0.004981
     -0.4196    0.002114   4.234e-07           0    0.002114
     -0.4096   5.696e-07   5.571e-07           0   1.251e-08
     -0.3996   7.176e-07   7.049e-07           0   1.274e-08
     -0.3896   9.002e-07   8.872e-07           0   1.298e-08
     -0.3796   1.078e-06   1.065e-06           0   1.322e-08
     -0.3696   1.309e-06   1.296e-06           0   1.347e-08
     -0.3596   1.567e-06   1.554e-06           0   1.372e-08
     -0.3496   1.877e-06   1.863e-06           0   1.397e-08
     -0.3396   2.198e-06   2.184e-06           0   1.423e-08
     -0.3296   2.657e-06   2.642e-06           0    1.45e-08
     -0.3196   3.178e-06   3.164e-06           0   1.477e-08
     -0.3096   3.755e-06    3.74e-06           0   1.504e-08
     -0.2996   4.403e-06   4.387e-06           0   1.532e-08
     -0.2896   5.096e-06    5.08e-06           0   1.561e-08
     -0.2796   5.844e-06   5.828e-06           0    1.59e-08
     -0.2696   6.678e-06   6.662e-06           0   1.619e-08
     -0.2596   7.621e-06   7.605e-06           0   1.649e-08
     -0.2496   8.756e-06    8.74e-06           0    1.68e-08
     -0.2396    9.94e-06   9.923e-06           0   1.711e-08
     -0.2296   1.131e-05   1.129e-05           0   1.743e-08
     -0.2196   1.296e-05   1.294e-05           0   1.776e-08
     -0.2096   1.499e-05   1.497e-05           0   1.809e-08
     -0.1996     1.7e-05   1.698e-05           0   1.842e-08
     -0.1896   1.928e-05   1.926e-05           0   1.876e-08
     -0.1796   2.168e-05   2.166e-05           0   1.911e-08
     -0.1696   2.424e-05   2.422e-05           0   1.947e-08
     -0.1596    2.69e-05   2.688e-05           0   1.983e-08
     -0.1496   2.981e-05   2.979e-05           0    2.02e-08
     -0.1396     3.3e-05   3.298e-05           0   2.057e-08
     -0.1296   3.641e-05   3.639e-05           0   2.096e-08
     -0.1196   4.012e-05    4.01e-05           0   2.135e-08
     -0.1096   4.418e-05   4.416e-05           0   2.174e-08
    -0.09955   4.848e-05   4.846e-05           0   2.215e-08
    -0.08955   5.279e-05   5.277e-05           0   2.256e-08
    -0.07955   5.754e-05   5.752e-05           0   2.298e-08
    -0.06955    6.27e-05   6.268e-05           0   2.341e-08
    -0.05955   6.812e-05   6.809e-05           0   2.384e-08
    -0.04955   7.389e-05   7.387e-05           0   2.428e-08
    -0.03955    8.02e-05   8.018e-05           0   2.474e-08
    -0.02955   8.738e-05   8.735e-05           0    2.52e-08
    -0.01955   9.482e-05    9.48e-05           0   2.566e-08
   -0.009552   0.0001027   0.0001027           0   2.614e-08
   0.0004482   0.0001114   0.0001113           0   2.663e-08
     0.01045   0.0001201   0.0001201           0   2.712e-08
     0.02045   0.0001295   0.0001295           0   2.763e-08
     0.03045   0.0001392   0.0001391           0   2.814e-08
     0.04045   0.0001501     0.00015           0   2.866e-08
     0.05045   0.0001664   0.0001664           0    2.92e-08
     0.06045    0.000181    0.000181           0   2.974e-08
     0.07045   0.0001989   0.0001988           0   3.029e-08
     0.08045   0.0002232   0.0002231           0   3.085e-08
     0.09045   0.0002504   0.0002503           0   3.143e-08
      0.1004   0.0002793   0.0002793           0   3.201e-08
      0.1104   0.0003096   0.0003096           0   3.261e-08
      0.1204   0.0003442   0.0003442           0   3.321e-08
      0.1304   0.0003832   0.0003832           0   3.383e-08
      0.1404   0.0004245   0.0004245           0   3.446e-08
      0.1504   0.0004686   0.0004686           0    3.51e-08
      0.1604   0.0005155   0.0005155           0   3.575e-08
      0.1704   0.0005624   0.0005623           0   3.642e-08
      0.1804   0.0006008   0.0006008           0    3.71e-08
      0.1904    0.000649    0.000649           0   3.779e-08
      0.2004   0.0006953   0.0006952           0   3.849e-08
      0.2104   0.0007321   0.0007321           0    3.92e-08
      0.2204   0.0007689   0.0007689           0   3.993e-08
      0.2304   0.0008084   0.0008084           0   4.067e-08
      0.2404   0.0008497   0.0008497           0   4.143e-08
      0.2504   0.0008906   0.0008905           0    4.22e-08
      0.2604   0.0009273   0.0009273           0   4.299e-08
      0.2704   0.0009668   0.0009668           0   4.378e-08
      0.2804    0.001008    0.001008           0    4.46e-08
      0.2904    0.001053    0.001053           0   4.543e-08
      0.3004    0.001102    0.001102           0   4.627e-08
      0.3104    0.001153    0.001153           0   4.713e-08
      0.3204    0.001201    0.001201           0   4.801e-08
      0.3304     0.00125     0.00125           0    4.89e-08
      0.3404    0.001304    0.001303           0   4.981e-08
      0.3504     0.00136     0.00136           0   5.074e-08
      0.3604    0.001415    0.001415           0   5.168e-08
      0.3704    0.001471    0.001471           0   5.264e-08
      0.3804    0.001528    0.001528           0   5.362e-08
      0.3904    0.001588    0.001588           0   5.462e-08
      0.4004    0.001645    0.001645           0   5.563e-08
      0.4104    0.001715    0.001715           0   5.667e-08
      0.4204    0.001787    0.001786           0   5.772e-08
      0.4304    0.001863    0.001863           0   5.879e-08
      0.4404    0.001937    0.001937           0   5.989e-08
      0.4504    0.002004    0.002004           0     6.1e-08
      0.4604    0.002085    0.002085           0   6.213e-08
      0.4704    0.002167    0.002167           0   6.329e-08
      0.4804    0.002244    0.002244           0   6.446e-08
      0.4904    0.002326    0.002326           0   6.566e-08
      0.5004    0.002413    0.002413           0   6.688e-08
      0.5104    0.002485    0.002485           0   6.813e-08
      0.5204     0.00257    0.002567           0    3.21e-06
      0.5304     0.00266    0.002652           0   8.329e-06
      0.5404    0.002731    0.002718           0   1.305e-05
      0.5504    0.002801    0.002784           0   1.764e-05
      0.5604    0.002867    0.002845           0   2.239e-05
      0.5704    0.002936    0.002908           0   2.729e-05
      0.5804    0.003019    0.002987           0   3.166e-05
      0.5904    0.003086    0.003051           0     3.5e-05
      0.6004    0.003154    0.003117           0   3.735e-05
      0.6104    0.003224    0.003186           0   3.859e-05
      0.6204    0.003277    0.003239           0   3.802e-05
      0.6304    0.003337    0.003298           0   3.801e-05
      0.6404    0.003412    0.003373           0   3.903e-05
      0.6504    0.003481    0.003441           0   4.044e-05
      0.6604    0.003565    0.003523           0   4.195e-05
      0.6704    0.003639    0.003596           0   4.337e-05
      0.6804    0.003718    0.003673           0   4.443e-05
      0.6904    0.003802    0.003757           0   4.486e-05
      0.7004    0.003898    0.003853           0   4.467e-05
      0.7104    0.003988    0.003944           0   4.455e-05
      0.7204    0.004071    0.004026           0   4.494e-05
      0.7304    0.004127    0.004082           0   4.577e-05
      0.7404    0.004178    0.004131           0   4.676e-05
      0.7504    0.004255    0.004207           0   4.783e-05
      0.7604    0.004296    0.004247           0   4.929e-05
      0.7704     0.00434    0.004289           0   5.123e-05
      0.7804    0.004363     0.00431           0   5.355e-05
      0.7904    0.004373    0.004317           0   5.616e-05
      0.8004    0.004377    0.004318           0   5.902e-05
      0.8104    0.004354    0.004292           0   6.209e-05
      0.8204     0.00432    0.004255           0   6.538e-05
      0.8304    0.004237    0.004168           0   6.887e-05
      0.8404    0.004164    0.004091           0   7.261e-05
      0.8504    0.004088    0.004011           0   7.661e-05
      0.8604    0.003984    0.003903           0   8.098e-05
      0.8704    0.003857    0.003771           0   8.585e-05
      0.8804    0.003731     0.00364           0    9.12e-05
      0.8904    0.003649    0.003552           0    9.67e-05
      0.9004    0.003552     0.00345           0   0.0001022
      0.9104    0.003483    0.003375           0   0.0001079
      0.9204    0.003406    0.003292           0   0.0001139
      0.9304    0.003327    0.003206           0   0.0001204
      0.9404    0.003237     0.00311           0   0.0001277
      0.9504     0.00314    0.003003           0   0.0001364
      0.9604    0.003072    0.002924           0   0.0001482
      0.9704    0.003001    0.002832           0   0.0001691
      0.9804    0.002972    0.002739           0   0.0002333
      0.9904    0.003579    0.002695           0    0.000884
           1    0.003626    0.002681           0   0.0009444
        1.01    0.003624    0.002658           0   0.0009659
        1.02    0.003585    0.002604           0   0.0009808
        1.03    0.003541    0.002547           0   0.0009935
        1.04    0.003466    0.002461           0    0.001005
        1.05    0.003382    0.002365           0    0.001017
        1.06    0.003309    0.002281           0    0.001029
        1.07    0.003264    0.002224           0     0.00104
        1.08    0.003231     0.00218           0    0.001052
        1.09      0.0032    0.002139           0    0.001061
         1.1    0.003169    0.002106           0    0.001064
        1.11    0.003079    0.002054           0    0.001024
        1.12    0.002398    0.001997           0   0.0004012
        1.13    0.002292    0.001921           0    0.000371
        1.14    0.002219    0.001836           0    0.000383
        1.15    0.002167    0.001762           0   0.0004058
        1.16    0.002127     0.00169           0   0.0004363
        1.17    0.002105    0.001629           0   0.0004759
        1.18    0.002109    0.001576           0    0.000533
        1.19    0.002165    0.001525           0   0.0006402
         1.2    0.002204    0.001472           0   0.0007317
        1.21    0.002245    0.001417           0   0.0008286
        1.22    0.002352    0.001359           0   0.0009931
        1.23    0.002503    0.001296           0    0.001207
        1.24    0.002663    0.001253           0     0.00141
        1.25    0.002985    0.001214           0     0.00177
        1.26    0.004189    0.001184           0    0.003005
        1.27    0.005134    0.001152           0    0.003982
        1.28    0.005567    0.001119           0    0.004448
        1.29    0.005998    0.001086           0    0.004912
         1.3    0.006464    0.001054           0     0.00541
        1.31    0.006925    0.001023           0    0.005902
        1.32    0.007452   0.0009912           0     0.00646
        1.33    0.008262   0.0009609           0    0.007301
        1.34    0.009609   0.0009291           0     0.00868
        1.35     0.01193   0.0008971           0     0.01103
        1.36     0.01424   0.0008666           0     0.01338
        1.37     0.01613   0.0008349           0     0.01529
        1.38     0.01704   0.0008045           0     0.01623
        1.39     0.01686   0.0007742           0     0.01609
         1.4     0.01714   0.0007468           0      0.0164
        1.41     0.01784   0.0007209           0     0.01712
        1.42     0.01807    0.000698           0     0.01738
        1.43     0.01813   0.0006747           0     0.01746
        1.44     0.01815   0.0006538           0      0.0175
        1.45     0.01805   0.0006338           0     0.01741
        1.46     0.01769   0.0006139           0     0.01707
        1.47      0.0168   0.0005947           0     0.01621
        1.48     0.01492   0.0005752           0     0.01435
        1.49     0.01305   0.0005549           0      0.0125
         1.5     0.01174   0.0005343           0     0.01121
        1.51     0.01156   0.0005135           0     0.01105
        1.52     0.01375    0.000493           0     0.01326
        1.53     0.01456    0.000472           0     0.01408
        1.54     0.01486   0.0004506           0     0.01441
        1.55     0.01588   0.0004279           0     0.01545
        1.56     0.01693    0.000406           0     0.01652
        1.57     0.01857   0.0003834           0     0.01818
        1.58     0.01966   0.0003607           0      0.0193
        1.59     0.02046    0.000338           0     0.02013
         1.6     0.02136   0.0003159           0     0.02104
        1.61     0.02202   0.0002953           0     0.02173
        1.62     0.02266   0.0002761           0     0.02238
        1.63     0.02313   0.0002583           0     0.02287
        1.64     0.02332   0.0002418           0     0.02307
        1.65     0.02142   0.0002266           0     0.02119
        1.66     0.02081   0.0002125           0      0.0206
        1.67     0.02094   0.0001996           0     0.02075
        1.68     0.02105   0.0001878           0     0.02087
        1.69     0.02161    0.000177           0     0.02144
         1.7      0.0218   0.0001671           0     0.02163
        1.71     0.02268   0.0001581           0     0.02253
        1.72     0.02374   0.0001499           0     0.02359
        1.73     0.02471   0.0001426           0     0.02457
        1.74     0.02598   0.0001358           0     0.02584
        1.75     0.02736   0.0001298           0     0.02723
        1.76     0.02884   0.0001243           0     0.02872
        1.77      0.0304   0.0001193           0     0.03028
        1.78     0.03198   0.0001147           0     0.03187
        1.79      0.0336   0.0001105           0     0.03349
         1.8      0.0352   0.0001066           0      0.0351
        1.81     0.03676   0.0001029           0     0.03666
        1.82     0.03815   9.949e-05           0     0.03805
        1.83     0.03956   9.623e-05           0     0.03946
        1.84     0.04106   9.311e-05           0     0.04096
        1.85     0.04292   9.009e-05           0     0.04283
        1.86     0.04506   8.714e-05           0     0.04498
        1.87     0.04744   8.426e-05           0     0.04736
        1.88     0.05004   8.141e-05           0     0.04996
        1.89     0.05302    7.86e-05           0     0.05294
         1.9     0.05637   7.583e-05           0     0.05629
        1.91     0.06013   7.308e-05           0     0.06006
        1.92     0.06434   7.036e-05           0     0.06427
        1.93     0.06902   6.769e-05           0     0.06895
        1.94     0.07418   6.505e-05           0     0.07412
        1.95     0.07986   6.246e-05           0      0.0798
        1.96     0.08605   5.991e-05           0     0.08599
        1.97      0.0927    5.74e-05           0     0.09265
        1.98      0.0998   5.495e-05           0     0.09974
        1.99      0.1073   5.255e-05           0      0.1072
           2       0.115   5.021e-05           0       0.115
        2.01      0.1231   4.792e-05           0       0.123
        2.02      0.1312   4.569e-05           0      0.1312
        2.03      0.1394   4.353e-05           0      0.1393
        2.04      0.1476   4.143e-05           0      0.1475
        2.05      0.1556    3.94e-05           0      0.1556
        2.06      0.1634   3.744e-05           0      0.1634
        2.07      0.1711   3.555e-05           0       0.171
        2.08      0.1784   3.374e-05           0      0.1783
        2.09      0.1854   3.201e-05           0      0.1854
         2.1      0.1921   3.036e-05           0      0.1921
        2.11      0.1985   2.878e-05           0      0.1985
        2.12      0.2047   2.729e-05           0      0.2047
        2.13      0.2107   2.588e-05           0      0.2107
        2.14      0.2165   2.455e-05           0      0.2165
        2.15      0.2222    2.33e-05           0      0.2222
        2.16      0.2279   2.212e-05           0      0.2279
        2.17      0.2336   2.102e-05           0      0.2336
        2.18      0.2393   1.999e-05           0      0.2393
        2.19      0.2451   1.903e-05           0      0.2451
         2.2      0.2509   1.814e-05           0      0.2509
        2.21      0.2569    1.73e-05           0      0.2569
        2.22      0.2629   1.652e-05           0      0.2629
        2.23       0.269   1.579e-05           0       0.269
        2.24      0.2752   1.511e-05           0      0.2752
        2.25      0.2814   1.447e-05           0      0.2814
        2.26      0.2876   1.386e-05           0      0.2876
        2.27      0.2938   1.328e-05           0      0.2937
        2.28      0.2999   1.274e-05           0      0.2998
        2.29      0.3058   1.222e-05           0      0.3058
         2.3      0.3116   1.171e-05           0      0.3116
        2.31      0.3173   1.123e-05           0      0.3173
        2.32      0.3226   1.077e-05           0      0.3226
        2.33      0.3278   1.032e-05           0      0.3277
        2.34      0.3325   9.883e-06           0      0.3325
        2.35       0.337    9.46e-06           0       0.337
        2.36       0.341    9.05e-06           0       0.341
        2.37      0.3446   8.651e-06           0      0.3446
        2.38      0.3477   8.266e-06           0      0.3477
        2.39      0.3503   7.893e-06           0      0.3503
         2.4      0.3525   7.535e-06           0      0.3525
        2.41      0.3541   7.191e-06           0       0.354
        2.42      0.3551    6.86e-06           0      0.3551
        2.43      0.3556   6.545e-06           0      0.3556
        2.44      0.3555   6.244e-06           0      0.3555
        2.45      0.3549   5.957e-06           0      0.3549
        2.46      0.3537   5.684e-06           0      0.3537
        2.47       0.352   5.425e-06           0       0.352
        2.48      0.3497   5.178e-06           0      0.3497
        2.49      0.3469   4.944e-06           0      0.3469
         2.5      0.3437   4.721e-06           0      0.3437
        2.51      0.3399   4.509e-06           0      0.3399
        2.52      0.3357   4.308e-06           0      0.3357
        2.53      0.3311   4.115e-06           0      0.3311
        2.54      0.3262   3.931e-06           0      0.3262
        2.55      0.3209   3.755e-06           0      0.3209
        2.56      0.3154   3.587e-06           0      0.3154
        2.57      0.3096   3.426e-06           0      0.3096
        2.58      0.3038   3.272e-06           0      0.3038
        2.59      0.2978   3.125e-06           0      0.2978
         2.6      0.2917   2.984e-06           0      0.2917
        2.61      0.2856   2.849e-06           0      0.2856
        2.62      0.2792    2.72e-06           0      0.2792
        2.63      0.2724   2.598e-06           0      0.2724
        2.64      0.2654    2.48e-06           0      0.2654
        2.65       0.258   2.369e-06           0       0.258
        2.66      0.2503   2.262e-06           0      0.2503
        2.67      0.2424    2.16e-06           0      0.2424
        2.68      0.2343   2.062e-06           0      0.2343
        2.69       0.226   1.968e-06           0       0.226
         2.7      0.2176   1.877e-06           0      0.2176
        2.71      0.2089   1.789e-06           0      0.2089
        2.72      0.2002   1.704e-06           0      0.2002
        2.73      0.1913    1.62e-06           0      0.1913
        2.74      0.1823   1.538e-06           0      0.1823
        2.75      0.1735   1.457e-06           0      0.1735
        2.76       0.165   1.377e-06           0       0.165
        2.77      0.1569   1.298e-06           0      0.1569
        2.78       0.149   1.218e-06           0       0.149
        2.79      0.1415   1.139e-06           0      0.1415
         2.8      0.1342    1.06e-06           0      0.1342
        2.81      0.1273    9.81e-07           0      0.1273
        2.82      0.1206   9.018e-07           0      0.1206
        2.83      0.1142   8.226e-07           0      0.1142
        2.84      0.1081   7.433e-07           0      0.1081
        2.85      0.1022   6.641e-07           0      0.1022
        2.86     0.09654   5.848e-07           0     0.09654
        2.87     0.09111   5.055e-07           0     0.09111
        2.88      0.0859   4.262e-07           0      0.0859
        2.89     0.08089   3.469e-07           0     0.08089
         2.9     0.07609   2.675e-07           0     0.07609
        2.91      0.0715   1.882e-07           0      0.0715
        2.92     0.06712   1.088e-07           0     0.06712
        2.93     0.06294   2.942e-08           0     0.06294
        2.94     0.05895  -4.998e-08           0     0.05895
        2.95     0.05517  -1.294e-07           0     0.05517
        2.96     0.05157  -2.088e-07           0     0.05157
        2.97     0.04815  -2.883e-07           0     0.04815
        2.98     0.04491  -3.677e-07           0     0.04491
        2.99     0.04186  -4.472e-07           0     0.04186
           3     0.03898  -5.267e-07           0     0.03898
        3.01     0.03628  -6.062e-07           0     0.03628
        3.02     0.03377  -6.857e-07           0     0.03377
        3.03     0.03142  -7.652e-07           0     0.03142
        3.04     0.02922  -8.447e-07           0     0.02922
        3.05     0.02717  -9.243e-07           0     0.02718
        3.06     0.02526  -1.004e-06           0     0.02526
        3.07     0.02348  -1.083e-06           0     0.02348
        3.08     0.02181  -1.163e-06           0     0.02181
        3.09     0.02026  -1.242e-06           0     0.02026
         3.1     0.01882  -1.322e-06           0     0.01882
        3.11     0.01747  -1.402e-06           0     0.01748
        3.12     0.01622  -1.481e-06           0     0.01623
        3.13     0.01506  -1.561e-06           0     0.01506
        3.14     0.01398   -1.64e-06           0     0.01398
        3.15     0.01297   -1.72e-06           0     0.01298
        3.16     0.01204    -1.8e-06           0     0.01204
        3.17     0.01117  -1.879e-06           0     0.01117
        3.18     0.01036  -1.959e-06           0     0.01037
        3.19    0.009616  -2.039e-06           0    0.009618
         3.2    0.008921  -2.118e-06           0    0.008923
        3.21    0.008275  -2.198e-06           0    0.008278
        3.22    0.007676  -2.278e-06           0    0.007679
        3.23     0.00712  -2.357e-06           0    0.007123
        3.24    0.006605  -2.437e-06           0    0.006607
        3.25    0.006127  -2.517e-06           0    0.006129
        3.26    0.005683  -2.596e-06           0    0.005685
        3.27    0.005271  -2.676e-06           0    0.005273
        3.28    0.004889  -2.756e-06           0    0.004892
        3.29    0.004535  -2.835e-06           0    0.004538
         3.3    0.004207  -2.915e-06           0     0.00421
        3.31    0.003903  -2.995e-06           0    0.003906
        3.32    0.003621  -3.074e-06           0    0.003624
        3.33     0.00336  -3.154e-06           0    0.003363
        3.34    0.003118  -3.234e-06           0    0.003121
        3.35    0.002893  -3.314e-06           0    0.002896
        3.36    0.002685  -3.393e-06           0    0.002689
        3.37    0.002492  -3.473e-06           0    0.002496
        3.38    0.002314  -3.553e-06           0    0.002317
        3.39    0.002148  -3.632e-06           0    0.002152
         3.4    0.001994  -3.712e-06           0    0.001998
        3.41    0.001852  -3.792e-06           0    0.001856
        3.42     0.00172  -3.872e-06           0    0.001724
        3.43    0.001597  -3.951e-06           0    0.001601
        3.44    0.001484  -4.031e-06           0    0.001488
        3.45    0.001378  -4.111e-06           0    0.001382
        3.46     0.00128   -4.19e-06           0    0.001285
        3.47     0.00119   -4.27e-06           0    0.001194
        3.48    0.001106   -4.35e-06           0     0.00111
        3.49    0.001028   -4.43e-06           0    0.001032
         3.5   0.0009553  -4.509e-06           0   0.0009598
        3.51   0.0008882  -4.589e-06           0   0.0008928
        3.52   0.0008261  -4.669e-06           0   0.0008308
        3.53   0.0007686  -4.749e-06           0   0.0007733
        3.54   0.0007153  -4.828e-06           0   0.0007201
        3.55   0.0006659  -4.908e-06           0   0.0006708
        3.56   0.0006204  -4.988e-06           0   0.0006254
        3.57   0.0005782  -5.068e-06           0   0.0005833
        3.58   0.0005392  -5.147e-06           0   0.0005444
        3.59   0.0005032  -5.227e-06           0   0.0005084
         3.6   0.0004699  -5.307e-06           0   0.0004752
        3.61   0.0004391  -5.387e-06           0   0.0004445
        3.62   0.0004107  -5.466e-06           0   0.0004162
        3.63   0.0003845  -5.546e-06           0     0.00039
        3.64   0.0003603  -5.626e-06           0    0.000366
        3.65   0.0003381  -5.706e-06           0   0.0003438
        3.66   0.0003175  -5.785e-06           0   0.0003233
        3.67   0.0002987  -5.865e-06           0   0.0003045
        3.68   0.0002812  -5.945e-06           0   0.0002872
        3.69   0.0002652  -6.025e-06           0   0.0002712
         3.7   0.0002504  -6.104e-06           0   0.0002565
        3.71   0.0002369  -6.184e-06           0   0.0002431
        3.72   0.0002244  -6.264e-06           0   0.0002307
        3.73    0.000213  -6.344e-06           0   0.0002194
        3.74   0.0002026  -6.423e-06           0    0.000209
        3.75    0.000193  -6.503e-06           0   0.0001995
        3.76   0.0001843  -6.583e-06           0   0.0001909
        3.77   0.0001763  -6.663e-06           0    0.000183
        3.78    0.000169  -6.742e-06           0   0.0001758
        3.79   0.0001624  -6.822e-06           0   0.0001692
         3.8   0.0001564  -6.902e-06           0   0.0001633
        3.81   0.0001509  -6.982e-06           0   0.0001579
        3.82    0.000146  -7.062e-06           0   0.0001531
        3.83   0.0001416  -7.141e-06           0   0.0001487
        3.84   0.0001376  -7.221e-06           0   0.0001448
        3.85    0.000134  -7.301e-06           0   0.0001413
        3.86   0.0001309  -7.381e-06           0   0.0001383
        3.87   0.0001281   -7.46e-06           0   0.0001355
        3.88   0.0001256   -7.54e-06           0   0.0001332
        3.89   0.0001235   -7.62e-06           0   0.0001311
         3.9   0.0001216    -7.7e-06           0   0.0001293
        3.91   0.0001201  -7.779e-06           0   0.0001278
        3.92   0.0001188  -7.859e-06           0   0.0001266
        3.93   0.0001177  -7.939e-06           0   0.0001256
        3.94   0.0001169  -8.019e-06           0   0.0001249
        3.95   0.0001162  -8.098e-06           0   0.0001243
        3.96   0.0001158  -8.178e-06           0    0.000124
        3.97   0.0001156  -8.258e-06           0   0.0001238
        3.98   0.0001155  -8.338e-06           0   0.0001239
        3.99   0.0001156  -8.417e-06           0    0.000124
           4   0.0001159  -8.497e-06           0   0.0001244
        4.01   0.0001163  -8.577e-06           0   0.0001249
        4.02   0.0001169  -8.657e-06           0   0.0001255
        4.03   0.0001175  -8.736e-06           0   0.0001263
        4.04   0.0001184  -8.816e-06           0   0.0001272
        4.05   0.0001193  -8.896e-06           0   0.0001282
        4.06   0.0001203  -8.976e-06           0   0.0001293
        4.07   0.0001215  -9.055e-06           0   0.0001306
        4.08   0.0001228  -9.135e-06           0   0.0001319
        4.09   0.0001242  -9.215e-06           0   0.0001334
         4.1   0.0001256  -9.295e-06           0   0.0001349
        4.11   0.0001272  -9.374e-06           0   0.0001366
        4.12   0.0001288  -9.454e-06           0   0.0001383
        4.13   0.0001306  -9.534e-06           0   0.0001401
        4.14   0.0001324  -9.614e-06           0    0.000142
        4.15   0.0001343  -9.693e-06           0    0.000144
        4.16   0.0001363  -9.773e-06           0   0.0001461
        4.17   0.0001384  -9.853e-06           0   0.0001483
        4.18   0.0001406  -9.933e-06           0   0.0001505
        4.19   0.0001428  -1.001e-05           0   0.0001528
         4.2   0.0001451  -1.009e-05           0   0.0001552
        4.21   0.0001475  -1.017e-05           0   0.0001577
        4.22     0.00015  -1.025e-05           0   0.0001602
        4.23   0.0001525  -1.033e-05           0   0.0001629
        4.24   0.0001551  -1.041e-05           0   0.0001655
        4.25   0.0001578  -1.049e-05           0   0.0001683
        4.26   0.0001606  -1.057e-05           0   0.0001712
        4.27   0.0001634  -1.065e-05           0   0.0001741
        4.28   0.0001663  -1.073e-05           0    0.000177
        4.29   0.0001693  -1.081e-05           0   0.0001801
         4.3   0.0001723  -1.089e-05           0   0.0001832
        4.31   0.0001755  -1.097e-05           0   0.0001864
        4.32   0.0001787  -1.105e-05           0   0.0001897
        4.33   0.0001819  -1.113e-05           0   0.0001931
        4.34   0.0001853  -1.121e-05           0   0.0001965
        4.35   0.0001887  -1.129e-05           0      0.0002
        4.36   0.0001922  -1.137e-05           0   0.0002036
        4.37   0.0001958  -1.145e-05           0   0.0002072
        4.38   0.0001994  -1.153e-05           0   0.0002109
        4.39   0.0002031  -1.161e-05           0   0.0002147
         4.4   0.0002069  -1.169e-05           0   0.0002186
        4.41   0.0002108  -1.177e-05           0   0.0002226
        4.42   0.0002148  -1.185e-05           0   0.0002266
        4.43   0.0002188  -1.193e-05           0   0.0002308
        4.44    0.000223  -1.201e-05           0    0.000235
        4.45   0.0002272  -1.209e-05           0   0.0002393
        4.46   0.0002315  -1.217e-05           0   0.0002436
        4.47   0.0002359  -1.225e-05           0   0.0002481
        4.48   0.0002403  -1.232e-05           0   0.0002527
        4.49   0.0002449   -1.24e-05           0   0.0002573
         4.5   0.0002496  -1.248e-05           0    0.000262
        4.51   0.0002543  -1.256e-05           0   0.0002669
        4.52   0.0002591  -1.264e-05           0   0.0002718
        4.53   0.0002641  -1.272e-05           0   0.0002768
        4.54   0.0002691   -1.28e-05           0   0.0002819
        4.55   0.0002742  -1.288e-05           0   0.0002871
        4.56   0.0002794  -1.296e-05           0   0.0002924
        4.57   0.0002847  -1.304e-05           0   0.0002978
        4.58   0.0002902  -1.312e-05           0   0.0003033
        4.59   0.0002957   -1.32e-05           0   0.0003089
         4.6   0.0003013  -1.328e-05           0   0.0003146
        4.61   0.0003071  -1.336e-05           0   0.0003204
        4.62   0.0003129  -1.344e-05           0   0.0003264
        4.63   0.0003189  -1.352e-05           0   0.0003324
        4.64   0.0003249   -1.36e-05           0   0.0003385
        4.65   0.0003311  -1.368e-05           0   0.0003448
        4.66   0.0003375  -1.376e-05           0   0.0003512
        4.67   0.0003439  -1.384e-05           0   0.0003577
        4.68   0.0003504  -1.392e-05           0   0.0003644
        4.69   0.0003571    -1.4e-05           0   0.0003711
         4.7   0.0003639  -1.408e-05           0    0.000378
        4.71   0.0003709  -1.416e-05           0    0.000385
        4.72   0.0003779  -1.424e-05           0   0.0003922
        4.73   0.0003851  -1.432e-05           0   0.0003994
        4.74   0.0003925   -1.44e-05           0   0.0004069
        4.75   0.0003999  -1.448e-05           0   0.0004144
        4.76   0.0004076  -1.456e-05           0   0.0004221
        4.77   0.0004153  -1.464e-05           0     0.00043
        4.78   0.0004232  -1.472e-05           0   0.0004379
        4.79   0.0004313   -1.48e-05           0   0.0004461
         4.8   0.0004395  -1.488e-05           0   0.0004544
        4.81   0.0004478  -1.496e-05           0   0.0004628
        4.82   0.0004564  -1.504e-05           0   0.0004714
        4.83    0.000465  -1.512e-05           0   0.0004802
        4.84   0.0004739   -1.52e-05           0   0.0004891
        4.85   0.0004829  -1.528e-05           0   0.0004982
        4.86   0.0004921  -1.535e-05           0   0.0005074
        4.87   0.0005014  -1.543e-05           0   0.0005168
        4.88   0.0005109  -1.551e-05           0   0.0005265
        4.89   0.0005206  -1.559e-05           0   0.0005362
         4.9   0.0005305  -1.567e-05           0   0.0005462
        4.91   0.0005406  -1.575e-05           0   0.0005564
        4.92   0.0005509  -1.583e-05           0   0.0005667
        4.93   0.0005613  -1.591e-05           0   0.0005772
        4.94    0.000572  -1.599e-05           0    0.000588
        4.95   0.0005828  -1.607e-05           0   0.0005989
        4.96   0.0005939  -1.615e-05           0     0.00061
        4.97   0.0006051  -1.623e-05           0   0.0006214
        4.98   0.0006166  -1.631e-05           0   0.0006329
        4.99   0.0006283  -1.639e-05           0   0.0006447
           5   0.0006402  -1.647e-05           0   0.0006566
        5.01   0.0006523  -1.655e-05           0   0.0006689
        5.02   0.0006647  -1.663e-05           0   0.0006813
        5.03   0.0006772  -1.671e-05           0    0.000694
        5.04   0.0006901  -1.679e-05           0   0.0007069
        5.05   0.0007031  -1.687e-05           0     0.00072
        5.06   0.0007164  -1.695e-05           0   0.0007334
        5.07     0.00073  -1.703e-05           0    0.000747
        5.08   0.0007438  -1.711e-05           0   0.0007609
        5.09   0.0007579  -1.719e-05           0    0.000775
         5.1   0.0007722  -1.727e-05           0   0.0007895
        5.11   0.0007868  -1.735e-05           0   0.0008041
        5.12   0.0008016  -1.743e-05           0   0.0008191
        5.13   0.0008168  -1.751e-05           0   0.0008343
        5.14   0.0008322  -1.759e-05           0   0.0008498
        5.15   0.0008479  -1.767e-05           0   0.0008656
        5.16    0.000864  -1.775e-05           0   0.0008817
        5.17   0.0008803  -1.783e-05           0   0.0008981
        5.18   0.0008969  -1.791e-05           0   0.0009148
        5.19   0.0009138  -1.799e-05           0   0.0009318
         5.2   0.0009311  -1.807e-05           0   0.0009491
        5.21   0.0009486  -1.815e-05           0   0.0009668
        5.22   0.0009665  -1.822e-05           0   0.0009847
        5.23   0.0009847   -1.83e-05           0    0.001003
        5.24    0.001003  -1.838e-05           0    0.001022
        5.25    0.001022  -1.846e-05           0    0.001041
        5.26    0.001041  -1.854e-05           0     0.00106
        5.27    0.001061  -1.862e-05           0     0.00108
        5.28    0.001081   -1.87e-05           0      0.0011
        5.29    0.001101  -1.878e-05           0     0.00112
         5.3    0.001122  -1.886e-05           0    0.001141
        5.31    0.001143  -1.894e-05           0    0.001162
        5.32    0.001165  -1.902e-05           0    0.001184
        5.33    0.001187   -1.91e-05           0    0.001206
        5.34    0.001209  -1.918e-05           0    0.001228
        5.35    0.001232  -1.926e-05           0    0.001251
        5.36    0.001255  -1.934e-05           0    0.001274
        5.37    0.001279  -1.942e-05           0    0.001298
        5.38    0.001303   -1.95e-05           0    0.001322
        5.39    0.001327  -1.958e-05           0    0.001347
         5.4    0.001352  -1.966e-05           0    0.001372
        5.41    0.001378  -1.974e-05           0    0.001397
        5.42    0.001404  -1.982e-05           0    0.001423
        5.43     0.00143   -1.99e-05           0     0.00145
        5.44    0.001457  -1.998e-05           0    0.001477
        5.45    0.001484  -2.006e-05           0    0.001504
        5.46    0.001512  -2.014e-05           0    0.001532
        5.47     0.00154  -2.022e-05           0    0.001561
        5.48    0.001569   -2.03e-05           0     0.00159
        5.49    0.001599  -2.038e-05           0    0.001619
         5.5    0.001629  -2.046e-05           0    0.001649
        5.51     0.00166  -2.054e-05           0     0.00168
        5.52    0.001691  -2.062e-05           0    0.001711
        5.53    0.001722   -2.07e-05           0    0.001743
        5.54    0.001755  -2.078e-05           0    0.001775
        5.55    0.001788  -2.086e-05           0    0.001809
        5.56    0.001821  -2.094e-05           0    0.001842
        5.57    0.001855  -2.102e-05           0    0.001876
        5.58     0.00189  -2.109e-05           0    0.001911
        5.59    0.001926  -2.117e-05           0    0.001947
         5.6    0.001962  -2.125e-05           0    0.001983
        5.61    0.001999  -2.133e-05           0     0.00202
        5.62    0.002036  -2.141e-05           0    0.002057
        5.63    0.002074  -2.149e-05           0    0.002096
        5.64    0.002113  -2.157e-05           0    0.002135
        5.65    0.002153  -2.165e-05           0    0.002174
        5.66    0.002193  -2.173e-05           0    0.002215
        5.67    0.002234  -2.181e-05           0    0.002256
        5.68    0.002276  -2.189e-05           0    0.002298
        5.69    0.002319  -2.197e-05           0    0.002341
         5.7    0.002362  -2.205e-05           0    0.002384
        5.71    0.002406  -2.213e-05           0    0.002428
        5.72    0.002451  -2.221e-05           0    0.002474
        5.73    0.002497  -2.229e-05           0     0.00252
        5.74    0.002544  -2.237e-05           0    0.002566
        5.75    0.002592  -2.245e-05           0    0.002614
        5.76     0.00264  -2.253e-05           0    0.002663
        5.77     0.00269  -2.261e-05           0    0.002712
        5.78     0.00274  -2.269e-05           0    0.002763
        5.79    0.002791  -2.277e-05           0    0.002814
         5.8    0.002843  -2.285e-05           0    0.002866
        5.81    0.002897  -2.293e-05           0     0.00292
        5.82    0.002951  -2.301e-05           0    0.002974
        5.83    0.003006  -2.309e-05           0    0.003029
        5.84    0.003062  -2.317e-05           0    0.003085
        5.85     0.00312  -2.325e-05           0    0.003143
        5.86    0.003178  -2.333e-05           0    0.003201
        5.87    0.003237  -2.341e-05           0    0.003261
        5.88    0.003298  -2.349e-05           0    0.003321
        5.89     0.00336  -2.357e-05           0    0.003383
         5.9    0.003422  -2.365e-05           0    0.003446
        5.91    0.003486  -2.373e-05           0     0.00351
        5.92    0.003552  -2.381e-05           0    0.003575
        5.93    0.003618  -2.388e-05           0    0.003642
        5.94    0.003686  -2.396e-05           0     0.00371
        5.95    0.003754  -2.404e-05           0    0.003779
        5.96    0.003825  -2.412e-05           0    0.003849
        5.97    0.003896   -2.42e-05           0     0.00392
        5.98    0.003969  -2.428e-05           0    0.003993
        5.99    0.004043  -2.436e-05           0    0.004067
           6    0.004119  -2.444e-05           0    0.004143
        6.01    0.004196  -2.452e-05           0     0.00422
        6.02    0.004274   -2.46e-05           0    0.004299
        6.03    0.004354  -2.468e-05           0    0.004378
        6.04    0.004435  -2.476e-05           0     0.00446
        6.05    0.004518  -2.484e-05           0    0.004543
        6.06    0.004602  -2.492e-05           0    0.004627
        6.07    0.004688    -2.5e-05           0    0.004713
        6.08    0.004776  -2.508e-05           0    0.004801
        6.09    0.004865  -2.516e-05           0     0.00489
         6.1    0.004956  -2.524e-05           0    0.004981
        6.11    0.005048  -2.532e-05           0    0.005074
        6.12    0.005143   -2.54e-05           0    0.005168
