#      _xxWS        ftot       firac        fagn        fsfr
#
      -0.598     0.01761   3.061e-06   3.815e-13     0.01761
      -0.588     0.01395   3.576e-06   3.815e-13     0.01395
      -0.578     0.01029   4.245e-06   3.815e-13     0.01028
      -0.568    0.006628   5.037e-06   3.815e-13    0.006623
      -0.558    0.002968   6.002e-06   3.815e-13    0.002962
      -0.548   7.147e-06    7.14e-06   3.815e-13   6.945e-09
      -0.538   8.193e-06   8.186e-06   3.815e-13   7.074e-09
      -0.528   9.364e-06   9.357e-06   3.815e-13   7.206e-09
      -0.518   1.023e-05   1.022e-05   3.815e-13    7.34e-09
      -0.508   1.135e-05   1.134e-05   3.815e-13   7.476e-09
      -0.498   1.244e-05   1.243e-05   3.815e-13   7.615e-09
      -0.488   1.366e-05   1.366e-05   3.815e-13   7.757e-09
      -0.478    1.47e-05   1.469e-05   3.815e-13   7.901e-09
      -0.468   1.635e-05   1.634e-05   3.815e-13   8.048e-09
      -0.458   1.803e-05   1.802e-05   3.815e-13   8.197e-09
      -0.448   1.967e-05   1.967e-05   3.815e-13    8.35e-09
      -0.438   2.134e-05   2.133e-05   3.815e-13   8.505e-09
      -0.428   2.289e-05   2.288e-05   3.815e-13   8.663e-09
      -0.418   2.437e-05   2.436e-05   3.815e-13   8.824e-09
      -0.408   2.589e-05   2.588e-05   3.815e-13   8.988e-09
      -0.398   2.751e-05   2.751e-05   3.815e-13   9.155e-09
      -0.388   2.949e-05   2.948e-05   3.815e-13   9.325e-09
      -0.378   3.127e-05   3.126e-05   3.815e-13   9.499e-09
      -0.368    3.33e-05   3.329e-05   3.815e-13   9.675e-09
      -0.358   3.576e-05   3.575e-05   3.815e-13   9.855e-09
      -0.348   3.881e-05    3.88e-05   3.815e-13   1.004e-08
      -0.338   4.136e-05   4.135e-05   3.815e-13   1.023e-08
      -0.328   4.414e-05   4.413e-05   3.815e-13   1.042e-08
      -0.318   4.677e-05   4.676e-05   3.815e-13   1.061e-08
      -0.308   4.935e-05   4.934e-05   3.815e-13   1.081e-08
      -0.298   5.176e-05   5.175e-05   3.815e-13   1.101e-08
      -0.288   5.427e-05   5.426e-05   3.815e-13   1.121e-08
      -0.278    5.69e-05   5.689e-05   3.815e-13   1.142e-08
      -0.268   5.954e-05   5.953e-05   3.815e-13   1.163e-08
      -0.258   6.231e-05    6.23e-05   3.815e-13   1.185e-08
      -0.248   6.523e-05   6.522e-05   3.815e-13   1.207e-08
      -0.238   6.814e-05   6.812e-05   3.815e-13   1.229e-08
      -0.228    7.07e-05   7.069e-05   3.815e-13   1.252e-08
      -0.218    7.35e-05   7.349e-05   3.815e-13   1.275e-08
      -0.208   7.649e-05   7.648e-05   3.815e-13   1.299e-08
      -0.198   7.943e-05   7.942e-05   3.815e-13   1.323e-08
      -0.188   8.246e-05   8.245e-05   3.815e-13   1.348e-08
      -0.178   8.573e-05   8.572e-05   3.815e-13   1.373e-08
      -0.168   8.955e-05   8.954e-05   3.815e-13   1.399e-08
      -0.158   9.327e-05   9.326e-05   3.815e-13   1.425e-08
      -0.148   9.707e-05   9.705e-05   3.815e-13   1.451e-08
      -0.138   0.0001012   0.0001012   3.815e-13   1.478e-08
      -0.128   0.0001051    0.000105   3.815e-13   1.505e-08
      -0.118   0.0001091   0.0001091   3.815e-13   1.533e-08
      -0.108    0.000113    0.000113   3.815e-13   1.562e-08
    -0.09799   0.0001176   0.0001175   3.815e-13   1.591e-08
    -0.08799   0.0001259   0.0001259   3.815e-13   1.621e-08
    -0.07799   0.0001323   0.0001323   3.815e-13   1.651e-08
    -0.06799   0.0001406   0.0001406   3.815e-13   1.681e-08
    -0.05799   0.0001527   0.0001527   3.815e-13   1.713e-08
    -0.04799    0.000166   0.0001659   3.815e-13   1.744e-08
    -0.03799   0.0001795   0.0001794   3.815e-13   1.777e-08
    -0.02799    0.000193   0.0001929   3.815e-13    1.81e-08
    -0.01799   0.0002082   0.0002082   3.815e-13   1.844e-08
   -0.007989   0.0002251   0.0002251   3.815e-13   1.878e-08
    0.002011   0.0002425   0.0002424   3.815e-13   1.913e-08
     0.01201   0.0002603   0.0002603   3.815e-13   1.948e-08
     0.02201   0.0002787   0.0002787   3.815e-13   1.985e-08
     0.03201    0.000296    0.000296   3.815e-13   2.021e-08
     0.04201   0.0003082   0.0003082   3.815e-13   2.059e-08
     0.05201   0.0003246   0.0003246   3.815e-13   2.097e-08
     0.06201   0.0003392   0.0003392   3.815e-13   2.136e-08
     0.07201   0.0003486   0.0003486   3.815e-13   2.176e-08
     0.08201   0.0003576   0.0003576   3.815e-13   2.217e-08
     0.09201   0.0003674   0.0003674   3.815e-13   2.258e-08
       0.102   0.0003775   0.0003775   3.815e-13     2.3e-08
       0.112    0.000387    0.000387   3.815e-13   2.342e-08
       0.122   0.0003944   0.0003944   3.815e-13   2.386e-08
       0.132   0.0004026   0.0004026   3.815e-13    2.43e-08
       0.142   0.0004114   0.0004114   3.815e-13   2.476e-08
       0.152    0.000421   0.0004209   3.815e-13   2.522e-08
       0.162   0.0004322   0.0004321   3.815e-13   2.568e-08
       0.172   0.0004434   0.0004434   3.815e-13   2.616e-08
       0.182   0.0004533   0.0004533   3.815e-13   2.665e-08
       0.192   0.0004632   0.0004632   3.815e-13   2.714e-08
       0.202   0.0004744   0.0004744   3.815e-13   2.765e-08
       0.212   0.0004864   0.0004864   3.815e-13   2.816e-08
       0.222   0.0004973   0.0004973   3.815e-13   2.869e-08
       0.232   0.0005086   0.0005086   3.815e-13   2.922e-08
       0.242   0.0005196   0.0005196   3.815e-13   2.976e-08
       0.252   0.0005316   0.0005316   3.815e-13   3.032e-08
       0.262    0.000542   0.0005419   3.815e-13   3.088e-08
       0.272   0.0005566   0.0005565   3.815e-13   3.145e-08
       0.282   0.0005712   0.0005711   3.815e-13   3.204e-08
       0.292   0.0005869   0.0005869   3.815e-13   3.263e-08
       0.302   0.0006016   0.0006016   3.815e-13   3.324e-08
       0.312   0.0006138   0.0006138   3.815e-13   3.386e-08
       0.322   0.0006301     0.00063   3.815e-13   3.449e-08
       0.332   0.0006462   0.0006462   3.815e-13   3.513e-08
       0.342   0.0006606   0.0006606   3.815e-13   3.578e-08
       0.352   0.0006761   0.0006761   3.815e-13   3.645e-08
       0.362   0.0006926   0.0006926   3.815e-13   3.713e-08
       0.372   0.0007046   0.0007046   3.815e-13   3.782e-08
       0.382   0.0007222   0.0007192   3.815e-13   2.917e-06
       0.392   0.0007423   0.0007346   3.815e-13   7.657e-06
       0.402   0.0007565   0.0007444   3.815e-13   1.203e-05
       0.412   0.0007703   0.0007541   3.815e-13   1.627e-05
       0.422    0.000783   0.0007624   3.815e-13   2.066e-05
       0.432   0.0007964   0.0007712   3.815e-13    2.52e-05
       0.442   0.0008131   0.0007839   3.815e-13   2.923e-05
       0.452   0.0008249   0.0007926   3.815e-13   3.231e-05
       0.462   0.0008362   0.0008017   3.815e-13   3.447e-05
       0.472   0.0008472   0.0008116   3.815e-13    3.56e-05
       0.482   0.0008526   0.0008176   3.815e-13   3.506e-05
       0.492   0.0008599   0.0008249   3.815e-13   3.503e-05
       0.502   0.0008719   0.0008359   3.815e-13   3.595e-05
       0.512   0.0008825   0.0008453   3.815e-13   3.723e-05
       0.522   0.0008966    0.000858   3.815e-13   3.861e-05
       0.532   0.0009083   0.0008685   3.815e-13   3.989e-05
       0.542   0.0009208     0.00088   3.815e-13   4.085e-05
       0.552    0.000934   0.0008928   3.815e-13   4.122e-05
       0.562   0.0009495   0.0009085   3.815e-13     4.1e-05
       0.572   0.0009637   0.0009228   3.815e-13   4.085e-05
       0.582   0.0009762    0.000935   3.815e-13   4.117e-05
       0.592   0.0009829   0.0009411   3.815e-13   4.189e-05
       0.602   0.0009884   0.0009456   3.815e-13   4.276e-05
       0.612       0.001   0.0009563   3.815e-13    4.37e-05
       0.622    0.001004   0.0009588   3.815e-13   4.499e-05
       0.632    0.001009   0.0009619   3.815e-13   4.672e-05
       0.642    0.001009   0.0009603   3.815e-13   4.879e-05
       0.652    0.001007   0.0009558   3.815e-13   5.113e-05
       0.662    0.001004     0.00095   3.815e-13   5.369e-05
       0.672   0.0009951   0.0009386   3.815e-13   5.643e-05
       0.682   0.0009844    0.000925   3.815e-13   5.937e-05
       0.692   0.0009635    0.000901   3.815e-13   6.249e-05
       0.702   0.0009451   0.0008793   3.815e-13   6.581e-05
       0.712   0.0009268   0.0008574   3.815e-13   6.938e-05
       0.722   0.0009029   0.0008296   3.815e-13   7.327e-05
       0.732   0.0008751   0.0007975   3.815e-13   7.761e-05
       0.742   0.0008481   0.0007658   3.815e-13   8.237e-05
       0.752   0.0008307   0.0007435   3.815e-13   8.725e-05
       0.762   0.0008106   0.0007185   3.815e-13   9.213e-05
       0.772   0.0007966   0.0006995   3.815e-13   9.713e-05
       0.782   0.0007816   0.0006792   3.815e-13   0.0001024
       0.792    0.001242   0.0006584   0.0004754   0.0001081
       0.802    0.001231   0.0006357   0.0004804   0.0001144
       0.812     0.00122   0.0006112   0.0004866   0.0001221
       0.822    0.001219   0.0005926   0.0004945   0.0001324
       0.832    0.001227   0.0005716   0.0005044   0.0001508
       0.842    0.001275   0.0005504   0.0005167   0.0002081
       0.852    0.001863   0.0005394    0.000532   0.0007913
       0.862     0.00193   0.0005346   0.0005507   0.0008449
       0.872    0.001964   0.0005279   0.0005731   0.0008635
       0.882    0.001991   0.0005152   0.0005997    0.000876
       0.892     0.00202   0.0005022    0.000631   0.0008864
       0.902    0.002047   0.0004834   0.0006674   0.0008959
       0.912    0.002077   0.0004629   0.0007092   0.0009049
       0.922    0.002116    0.000445    0.000757   0.0009137
       0.932    0.002166   0.0004324   0.0008111   0.0009222
       0.942    0.002225   0.0004224    0.000872   0.0009301
       0.952     0.00229   0.0004132   0.0009402   0.0009361
       0.962    0.002357   0.0004056    0.001016    0.000935
       0.972    0.002391   0.0003944      0.0011   0.0008963
       0.982    0.001907   0.0003822    0.001192    0.000333
       0.992    0.001961   0.0003668    0.001294   0.0003011
       1.002     0.00206   0.0003494    0.001404   0.0003063
       1.012    0.002178   0.0003344    0.001523   0.0003203
       1.022    0.002312     0.00032    0.001651   0.0003404
       1.032    0.002462   0.0003076    0.001788   0.0003674
       1.042    0.002636   0.0002967    0.001931   0.0004087
       1.052     0.00286   0.0002864    0.002081   0.0004924
       1.062    0.003072   0.0002758    0.002235   0.0005612
       1.072    0.003292   0.0002648    0.002393   0.0006335
       1.082    0.003569   0.0002535    0.002553   0.0007627
       1.092    0.003886   0.0002411    0.002712   0.0009331
       1.102    0.004193   0.0002326    0.002868    0.001092
       1.112    0.004629   0.0002249    0.003019    0.001385
       1.122    0.005811   0.0002189    0.003167    0.002425
       1.132    0.006765   0.0002125    0.003311    0.003241
       1.142    0.007276   0.0002059    0.003452    0.003618
       1.152    0.007779   0.0001994    0.003589    0.003991
       1.162    0.008304   0.0001933    0.003721    0.004389
       1.172     0.00882   0.0001871    0.003852     0.00478
       1.182    0.009387    0.000181    0.003982    0.005225
       1.192     0.01019   0.0001751    0.004109    0.005905
       1.202     0.01144    0.000169    0.004236    0.007038
       1.212     0.01351   0.0001629    0.004365    0.008986
       1.222     0.01558   0.0001571    0.004496     0.01092
       1.232     0.01728   0.0001511     0.00463     0.01249
       1.242     0.01816   0.0001454    0.004771     0.01324
       1.252     0.01811   0.0001397    0.004915     0.01306
       1.262     0.01846   0.0001345    0.005066     0.01326
       1.272     0.01917   0.0001297    0.005223     0.01382
       1.282     0.01949   0.0001254    0.005389     0.01397
       1.292     0.01966    0.000121    0.005565     0.01397
       1.302      0.0198   0.0001171    0.005752     0.01393
       1.312     0.01985   0.0001134    0.005957     0.01377
       1.322     0.01969   0.0001096    0.006184      0.0134
       1.332     0.01912   0.0001061    0.006432     0.01258
       1.342     0.01771   0.0001025    0.006702     0.01091
       1.352     0.01635   9.872e-05    0.006993    0.009254
       1.362     0.01547   9.493e-05    0.007306    0.008074
       1.372     0.01557   9.113e-05     0.00762    0.007855
       1.382     0.01776   8.738e-05    0.007946    0.009725
       1.392     0.01872   8.357e-05     0.00827     0.01036
       1.402     0.01924   7.969e-05    0.008594     0.01057
       1.412     0.02038    7.56e-05    0.008921     0.01138
       1.422     0.02154   7.164e-05    0.009245     0.01223
       1.432     0.02324   6.759e-05    0.009565      0.0136
       1.442     0.02444   6.352e-05     0.00989     0.01449
       1.452     0.02541   5.947e-05     0.01022     0.01513
       1.462     0.02645   5.552e-05     0.01056     0.01584
       1.472      0.0273   5.185e-05      0.0109     0.01635
       1.482     0.02814   4.844e-05     0.01126     0.01683
       1.492     0.02883   4.527e-05     0.01164     0.01714
       1.502     0.02929   4.234e-05     0.01206     0.01718
       1.512     0.02791   3.964e-05     0.01252     0.01535
       1.522     0.02768   3.715e-05       0.013     0.01464
       1.532      0.0281   3.486e-05     0.01353     0.01454
       1.542      0.0285   3.277e-05      0.0141     0.01437
       1.552      0.0293   3.085e-05     0.01471     0.01456
       1.562     0.02974   2.911e-05     0.01536     0.01436
       1.572     0.03078   2.752e-05     0.01603     0.01472
       1.582     0.03191   2.608e-05      0.0167     0.01518
       1.592     0.03289   2.478e-05     0.01738     0.01548
       1.602     0.03408    2.36e-05     0.01806       0.016
       1.612     0.03531   2.253e-05     0.01873     0.01656
       1.622     0.03657   2.156e-05     0.01937     0.01718
       1.632     0.03782   2.067e-05     0.01997     0.01783
       1.642     0.03904   1.987e-05     0.02054     0.01848
       1.652     0.04021   1.912e-05     0.02107     0.01913
       1.662     0.04129   1.844e-05     0.02154     0.01973
       1.672     0.04224    1.78e-05     0.02196     0.02026
       1.682     0.04293   1.719e-05     0.02231      0.0206
       1.692     0.04355   1.662e-05     0.02261     0.02092
       1.702     0.04413   1.607e-05     0.02285     0.02126
       1.712     0.04492   1.554e-05     0.02304     0.02187
       1.722     0.04585   1.503e-05     0.02318     0.02265
       1.732     0.04685   1.452e-05     0.02329     0.02355
       1.742     0.04789   1.402e-05     0.02336     0.02452
       1.752     0.04909   1.353e-05     0.02339     0.02568
       1.762     0.05044   1.305e-05     0.02342       0.027
       1.772     0.05195   1.257e-05     0.02343      0.0285
       1.782     0.05364    1.21e-05     0.02344     0.03019
       1.792     0.05555   1.163e-05     0.02344     0.03209
       1.802     0.05768   1.117e-05     0.02345     0.03422
       1.812     0.06007   1.072e-05     0.02346     0.03659
       1.822     0.06272   1.028e-05     0.02348     0.03922
       1.832     0.06564   9.846e-06      0.0235     0.04213
       1.842     0.06884   9.422e-06     0.02353      0.0453
       1.852     0.07232   9.007e-06     0.02355     0.04875
       1.862     0.07606   8.601e-06     0.02358     0.05248
       1.872     0.08007   8.206e-06     0.02359     0.05647
       1.882     0.08432   7.822e-06      0.0236     0.06071
       1.892      0.0888   7.449e-06     0.02358     0.06521
       1.902     0.09351   7.087e-06     0.02355     0.06995
       1.912     0.09842   6.738e-06      0.0235     0.07492
       1.922      0.1035     6.4e-06     0.02342     0.08011
       1.932      0.1088   6.076e-06     0.02332     0.08551
       1.942      0.1143   5.764e-06     0.02318     0.09113
       1.952        0.12   5.467e-06     0.02302     0.09697
       1.962      0.1259   5.183e-06     0.02283       0.103
       1.972       0.132   4.913e-06     0.02261      0.1093
       1.982      0.1383   4.657e-06     0.02237      0.1159
       1.992      0.1449   4.415e-06     0.02209      0.1228
       2.002      0.1517   4.186e-06     0.02179      0.1299
       2.012      0.1589   3.972e-06     0.02147      0.1374
       2.022      0.1664    3.77e-06     0.02113      0.1453
       2.032      0.1743   3.582e-06     0.02076      0.1535
       2.042      0.1825   3.406e-06     0.02038      0.1622
       2.052      0.1912   3.242e-06     0.01998      0.1712
       2.062      0.2003   3.088e-06     0.01957      0.1807
       2.072      0.2098   2.945e-06     0.01914      0.1907
       2.082      0.2198   2.812e-06      0.0187       0.201
       2.092      0.2301   2.687e-06     0.01826      0.2119
       2.102      0.2409    2.57e-06     0.01781      0.2231
       2.112       0.252    2.46e-06     0.01734      0.2347
       2.122      0.2636   2.356e-06     0.01688      0.2467
       2.132      0.2754   2.258e-06     0.01641       0.259
       2.142      0.2876   2.165e-06     0.01594      0.2717
       2.152         0.3   2.076e-06     0.01546      0.2845
       2.162      0.3126    1.99e-06     0.01499      0.2976
       2.172      0.3254   1.908e-06     0.01451      0.3109
       2.182      0.3382   1.829e-06     0.01404      0.3242
       2.192      0.3511   1.752e-06     0.01357      0.3375
       2.202      0.3639   1.678e-06      0.0131      0.3508
       2.212      0.3767   1.606e-06     0.01264       0.364
       2.222      0.3892   1.536e-06     0.01217       0.377
       2.232      0.4015   1.468e-06     0.01172      0.3898
       2.242      0.4135   1.402e-06     0.01127      0.4022
       2.252       0.425   1.339e-06     0.01083      0.4142
       2.262      0.4362   1.278e-06      0.0104      0.4258
       2.272      0.4467   1.219e-06    0.009976      0.4368
       2.282      0.4568   1.163e-06    0.009561      0.4472
       2.292      0.4661   1.109e-06    0.009152       0.457
       2.302      0.4748   1.058e-06    0.008754      0.4661
       2.312      0.4828    1.01e-06    0.008367      0.4744
       2.322        0.49   9.632e-07    0.007992       0.482
       2.332      0.4963   9.191e-07    0.007628      0.4887
       2.342      0.5018   8.772e-07    0.007276      0.4945
       2.352      0.5064   8.374e-07    0.006932      0.4995
       2.362      0.5102   7.996e-07      0.0066      0.5036
       2.372      0.5131   7.636e-07    0.006277      0.5068
       2.382      0.5151   7.293e-07    0.005969      0.5091
       2.392      0.5163   6.967e-07     0.00567      0.5106
       2.402      0.5167   6.655e-07    0.005384      0.5113
       2.412      0.5164   6.356e-07    0.005105      0.5113
       2.422      0.5153   6.071e-07    0.004843      0.5105
       2.432      0.5137   5.798e-07    0.004589      0.5091
       2.442      0.5115   5.537e-07    0.004344      0.5071
       2.452      0.5088   5.287e-07     0.00411      0.5047
       2.462      0.5058   5.048e-07    0.003886      0.5019
       2.472      0.5022    4.82e-07    0.003673      0.4985
       2.482      0.4978   4.601e-07    0.003469      0.4943
       2.492      0.4924   4.393e-07    0.003275      0.4891
       2.502      0.4859   4.195e-07    0.003091      0.4828
       2.512      0.4784   4.005e-07    0.002914      0.4755
       2.522      0.4699   3.825e-07    0.002747      0.4672
       2.532      0.4606   3.652e-07    0.002586       0.458
       2.542      0.4503   3.486e-07    0.002435      0.4479
       2.552      0.4393   3.327e-07     0.00229       0.437
       2.562      0.4276   3.173e-07    0.002153      0.4254
       2.572       0.415   3.024e-07    0.002025       0.413
       2.582      0.4018   2.879e-07    0.001902      0.3999
       2.592      0.3878   2.738e-07    0.001785       0.386
       2.602      0.3734   2.599e-07    0.001674      0.3717
       2.612      0.3589   2.462e-07    0.001571      0.3573
       2.622      0.3445   2.327e-07    0.001473       0.343
       2.632      0.3305   2.192e-07    0.001381      0.3291
       2.642      0.3168   2.058e-07    0.001293      0.3155
       2.652      0.3034   1.925e-07    0.001212      0.3022
       2.662      0.2905   1.791e-07    0.001135      0.2893
       2.672      0.2778   1.657e-07    0.001063      0.2767
       2.682      0.2654   1.523e-07   0.0009945      0.2644
       2.692      0.2534   1.389e-07   0.0009308      0.2524
       2.702      0.2416   1.255e-07   0.0008701      0.2408
       2.712      0.2302   1.121e-07   0.0008135      0.2294
       2.722      0.2191   9.875e-08   0.0007601      0.2183
       2.732      0.2083   8.536e-08   0.0007102      0.2076
       2.742      0.1978   7.196e-08    0.000663      0.1971
       2.752      0.1875   5.856e-08   0.0006189      0.1869
       2.762      0.1776   4.517e-08   0.0005778       0.177
       2.772       0.168   3.177e-08   0.0005395      0.1675
       2.782      0.1587   1.837e-08   0.0005032      0.1582
       2.792      0.1498   4.967e-09   0.0004698      0.1493
       2.802      0.1411  -8.436e-09   0.0004384      0.1407
       2.812      0.1329  -2.184e-08   0.0004093      0.1324
       2.822      0.1249  -3.524e-08   0.0003822      0.1245
       2.832      0.1173  -4.865e-08   0.0003565      0.1169
       2.842        0.11  -6.206e-08   0.0003327      0.1097
       2.852      0.1031  -7.547e-08   0.0003107      0.1028
       2.862     0.09651  -8.888e-08   0.0002897     0.09622
       2.872      0.0903  -1.023e-07   0.0002704     0.09003
       2.882     0.08446  -1.157e-07   0.0002524     0.08421
       2.892     0.07896  -1.291e-07   0.0002354     0.07873
       2.902     0.07379  -1.425e-07   0.0002198     0.07357
       2.912     0.06893  -1.559e-07   0.0002051     0.06873
       2.922     0.06436  -1.693e-07   0.0001914     0.06417
       2.932     0.06007  -1.828e-07   0.0001786     0.05989
       2.942     0.05604  -1.962e-07   0.0001668     0.05588
       2.952     0.05227  -2.096e-07   0.0001556     0.05212
       2.962     0.04874   -2.23e-07   0.0001452      0.0486
       2.972     0.04544  -2.364e-07   0.0001356      0.0453
       2.982     0.04234  -2.499e-07   0.0001265     0.04221
       2.992     0.03945  -2.633e-07    0.000118     0.03933
       3.002     0.03674  -2.767e-07   0.0001102     0.03663
       3.012     0.03421  -2.901e-07   0.0001028     0.03411
       3.022     0.03185  -3.035e-07   9.593e-05     0.03176
       3.032     0.02965   -3.17e-07   8.948e-05     0.02956
       3.042     0.02759  -3.304e-07   8.356e-05     0.02751
       3.052     0.02567  -3.438e-07     7.8e-05     0.02559
       3.062     0.02388  -3.572e-07   7.277e-05     0.02381
       3.072     0.02222  -3.706e-07   6.791e-05     0.02215
       3.082     0.02066  -3.841e-07   6.337e-05      0.0206
       3.092     0.01921  -3.975e-07   5.913e-05     0.01916
       3.102     0.01787  -4.109e-07   5.516e-05     0.01781
       3.112     0.01661  -4.243e-07   5.147e-05     0.01656
       3.122     0.01544  -4.378e-07   4.805e-05      0.0154
       3.132     0.01436  -4.512e-07   4.483e-05     0.01431
       3.142     0.01334  -4.646e-07   4.186e-05      0.0133
       3.152      0.0124   -4.78e-07   3.905e-05     0.01236
       3.162     0.01153  -4.915e-07   3.644e-05     0.01149
       3.172     0.01071  -5.049e-07     3.4e-05     0.01068
       3.182    0.009956  -5.183e-07   3.173e-05    0.009924
       3.192    0.009252  -5.318e-07   2.962e-05    0.009223
       3.202    0.008598  -5.452e-07   2.764e-05    0.008571
       3.212     0.00799  -5.586e-07   2.581e-05    0.007964
       3.222    0.007425   -5.72e-07   2.409e-05    0.007401
       3.232      0.0069  -5.855e-07   2.249e-05    0.006878
       3.242    0.006411  -5.989e-07   2.098e-05    0.006391
       3.252    0.005958  -6.123e-07   1.957e-05    0.005939
       3.262    0.005536  -6.258e-07   1.827e-05    0.005518
       3.272    0.005144  -6.392e-07   1.705e-05    0.005127
       3.282    0.004779  -6.526e-07   1.591e-05    0.004764
       3.292     0.00444   -6.66e-07   1.485e-05    0.004426
       3.302    0.004125  -6.795e-07   1.386e-05    0.004112
       3.312    0.003832  -6.929e-07   1.293e-05     0.00382
       3.322     0.00356  -7.063e-07   1.207e-05    0.003548
       3.332    0.003306  -7.198e-07   1.126e-05    0.003296
       3.342    0.003071  -7.332e-07    1.05e-05    0.003061
       3.352    0.002852  -7.466e-07   9.803e-06    0.002843
       3.362    0.002649  -7.601e-07   9.152e-06    0.002641
       3.372     0.00246  -7.735e-07   8.538e-06    0.002452
       3.382    0.002284  -7.869e-07   7.956e-06    0.002277
       3.392    0.002114  -8.004e-07   3.815e-13    0.002115
       3.402    0.001963  -8.138e-07   3.815e-13    0.001964
       3.412    0.001823  -8.272e-07   3.815e-13    0.001824
       3.422    0.001694  -8.406e-07   3.815e-13    0.001695
       3.432    0.001574  -8.541e-07   3.815e-13    0.001574
       3.442    0.001462  -8.675e-07   3.815e-13    0.001463
       3.452    0.001359  -8.809e-07   3.815e-13     0.00136
       3.462    0.001263  -8.944e-07   3.815e-13    0.001264
       3.472    0.001174  -9.078e-07   3.815e-13    0.001175
       3.482    0.001092  -9.212e-07   3.815e-13    0.001093
       3.492    0.001016  -9.347e-07   3.815e-13    0.001017
       3.502   0.0009456  -9.481e-07   3.815e-13   0.0009465
       3.512   0.0008804  -9.615e-07   3.815e-13   0.0008814
       3.522   0.0008201   -9.75e-07   3.815e-13   0.0008211
       3.532   0.0007644  -9.884e-07   3.815e-13   0.0007654
       3.542   0.0007128  -1.002e-06   3.815e-13   0.0007138
       3.552   0.0006649  -1.015e-06   3.815e-13    0.000666
       3.562   0.0006208  -1.029e-06   3.815e-13   0.0006218
       3.572     0.00058  -1.042e-06   3.815e-13   0.0005811
       3.582   0.0005423  -1.056e-06   3.815e-13   0.0005434
       3.592   0.0005075  -1.069e-06   3.815e-13   0.0005086
       3.602   0.0004754  -1.082e-06   3.815e-13   0.0004765
       3.612   0.0004457  -1.096e-06   3.815e-13   0.0004468
       3.622   0.0004184  -1.109e-06   3.815e-13   0.0004195
       3.632   0.0003931  -1.123e-06   3.815e-13   0.0003943
       3.642   0.0003698  -1.136e-06   3.815e-13   0.0003709
       3.652   0.0003483   -1.15e-06   3.815e-13   0.0003495
       3.662   0.0003285  -1.163e-06   3.815e-13   0.0003297
       3.672   0.0003103  -1.176e-06   3.815e-13   0.0003115
       3.682   0.0002936   -1.19e-06   3.815e-13   0.0002947
       3.692   0.0002782  -1.203e-06   3.815e-13   0.0002794
       3.702    0.000264  -1.217e-06   3.815e-13   0.0002652
       3.712    0.000251   -1.23e-06   3.815e-13   0.0002522
       3.722   0.0002391  -1.244e-06   3.815e-13   0.0002403
       3.732   0.0002282  -1.257e-06   3.815e-13   0.0002294
       3.742   0.0002182   -1.27e-06   3.815e-13   0.0002194
       3.752    0.000209  -1.284e-06   3.815e-13   0.0002103
       3.762   0.0002007  -1.297e-06   3.815e-13    0.000202
       3.772   0.0001931  -1.311e-06   3.815e-13   0.0001944
       3.782   0.0001862  -1.324e-06   3.815e-13   0.0001875
       3.792   0.0001799  -1.338e-06   3.815e-13   0.0001813
       3.802   0.0001743  -1.351e-06   3.815e-13   0.0001756
       3.812   0.0001692  -1.365e-06   3.815e-13   0.0001705
       3.822   0.0001646  -1.378e-06   3.815e-13   0.0001659
       3.832   0.0001604  -1.391e-06   3.815e-13   0.0001618
       3.842   0.0001567  -1.405e-06   3.815e-13   0.0001582
       3.852   0.0001535  -1.418e-06   3.815e-13   0.0001549
       3.862   0.0001506  -1.432e-06   3.815e-13    0.000152
       3.872   0.0001481  -1.445e-06   3.815e-13   0.0001495
       3.882   0.0001459  -1.459e-06   3.815e-13   0.0001474
       3.892   0.0001441  -1.472e-06   3.815e-13   0.0001455
       3.902   0.0001425  -1.485e-06   3.815e-13    0.000144
       3.912   0.0001412  -1.499e-06   3.815e-13   0.0001427
       3.922   0.0001402  -1.512e-06   3.815e-13   0.0001417
       3.932   0.0001394  -1.526e-06   3.815e-13   0.0001409
       3.942   0.0001388  -1.539e-06   3.815e-13   0.0001404
       3.952   0.0001385  -1.553e-06   3.815e-13     0.00014
       3.962   0.0001383  -1.566e-06   3.815e-13   0.0001399
       3.972   0.0001384  -1.579e-06   3.815e-13     0.00014
       3.982   0.0001386  -1.593e-06   3.815e-13   0.0001402
       3.992    0.000139  -1.606e-06   3.815e-13   0.0001406
       4.002   0.0001396   -1.62e-06   3.815e-13   0.0001412
       4.012   0.0001403  -1.633e-06   3.815e-13   0.0001419
       4.022   0.0001411  -1.647e-06   3.815e-13   0.0001428
       4.032   0.0001422   -1.66e-06   3.815e-13   0.0001438
       4.042   0.0001433  -1.673e-06   3.815e-13    0.000145
       4.052   0.0001446  -1.687e-06   3.815e-13   0.0001462
       4.062   0.0001459    -1.7e-06   3.815e-13   0.0001476
       4.072   0.0001474  -1.714e-06   3.815e-13   0.0001492
       4.082   0.0001491  -1.727e-06   3.815e-13   0.0001508
       4.092   0.0001508  -1.741e-06   3.815e-13   0.0001525
       4.102   0.0001526  -1.754e-06   3.815e-13   0.0001544
       4.112   0.0001546  -1.767e-06   3.815e-13   0.0001563
       4.122   0.0001566  -1.781e-06   3.815e-13   0.0001584
       4.132   0.0001587  -1.794e-06   3.815e-13   0.0001605
       4.142    0.000161  -1.808e-06   3.815e-13   0.0001628
       4.152   0.0001633  -1.821e-06   3.815e-13   0.0001651
       4.162   0.0001657  -1.835e-06   3.815e-13   0.0001675
       4.172   0.0001682  -1.848e-06   3.815e-13     0.00017
       4.182   0.0001708  -1.861e-06   3.815e-13   0.0001726
       4.192   0.0001734  -1.875e-06   3.815e-13   0.0001753
       4.202   0.0001762  -1.888e-06   3.815e-13   0.0001781
       4.212    0.000179  -1.902e-06   3.815e-13   0.0001809
       4.222    0.000182  -1.915e-06   3.815e-13   0.0001839
       4.232    0.000185  -1.929e-06   3.815e-13   0.0001869
       4.242   0.0001881  -1.942e-06   3.815e-13     0.00019
       4.252   0.0001913  -1.955e-06   3.815e-13   0.0001932
       4.262   0.0001945  -1.969e-06   3.815e-13   0.0001965
       4.272   0.0001978  -1.982e-06   3.815e-13   0.0001998
       4.282   0.0002013  -1.996e-06   3.815e-13   0.0002033
       4.292   0.0002048  -2.009e-06   3.815e-13   0.0002068
       4.302   0.0002084  -2.023e-06   3.815e-13   0.0002104
       4.312    0.000212  -2.036e-06   3.815e-13   0.0002141
       4.322   0.0002158   -2.05e-06   3.815e-13   0.0002178
       4.332   0.0002196  -2.063e-06   3.815e-13   0.0002217
       4.342   0.0002236  -2.076e-06   3.815e-13   0.0002256
       4.352   0.0002276   -2.09e-06   3.815e-13   0.0002296
       4.362   0.0002317  -2.103e-06   3.815e-13   0.0002338
       4.372   0.0002358  -2.117e-06   3.815e-13    0.000238
       4.382   0.0002401   -2.13e-06   3.815e-13   0.0002422
       4.392   0.0002445  -2.144e-06   3.815e-13   0.0002466
       4.402   0.0002489  -2.157e-06   3.815e-13   0.0002511
       4.412   0.0002534   -2.17e-06   3.815e-13   0.0002556
       4.422   0.0002581  -2.184e-06   3.815e-13   0.0002603
       4.432   0.0002628  -2.197e-06   3.815e-13    0.000265
       4.442   0.0002676  -2.211e-06   3.815e-13   0.0002698
       4.452   0.0002725  -2.224e-06   3.815e-13   0.0002748
       4.462   0.0002775  -2.238e-06   3.815e-13   0.0002798
       4.472   0.0002826  -2.251e-06   3.815e-13   0.0002849
       4.482   0.0002879  -2.264e-06   3.815e-13   0.0002901
       4.492   0.0002932  -2.278e-06   3.815e-13   0.0002954
       4.502   0.0002986  -2.291e-06   3.815e-13   0.0003009
       4.512   0.0003041  -2.305e-06   3.815e-13   0.0003064
       4.522   0.0003097  -2.318e-06   3.815e-13   0.0003121
       4.532   0.0003155  -2.332e-06   3.815e-13   0.0003178
       4.542   0.0003213  -2.345e-06   3.815e-13   0.0003237
       4.552   0.0003273  -2.358e-06   3.815e-13   0.0003296
       4.562   0.0003333  -2.372e-06   3.815e-13   0.0003357
       4.572   0.0003395  -2.385e-06   3.815e-13   0.0003419
       4.582   0.0003458  -2.399e-06   3.815e-13   0.0003482
       4.592   0.0003523  -2.412e-06   3.815e-13   0.0003547
       4.602   0.0003588  -2.426e-06   3.815e-13   0.0003612
       4.612   0.0003655  -2.439e-06   3.815e-13   0.0003679
       4.622   0.0003723  -2.452e-06   3.815e-13   0.0003747
       4.632   0.0003792  -2.466e-06   3.815e-13   0.0003817
       4.642   0.0003863  -2.479e-06   3.815e-13   0.0003888
       4.652   0.0003935  -2.493e-06   3.815e-13    0.000396
       4.662   0.0004008  -2.506e-06   3.815e-13   0.0004033
       4.672   0.0004083   -2.52e-06   3.815e-13   0.0004108
       4.682   0.0004159  -2.533e-06   3.815e-13   0.0004184
       4.692   0.0004236  -2.546e-06   3.815e-13   0.0004262
       4.702   0.0004315   -2.56e-06   3.815e-13   0.0004341
       4.712   0.0004395  -2.573e-06   3.815e-13   0.0004421
       4.722   0.0004477  -2.587e-06   3.815e-13   0.0004503
       4.732   0.0004561    -2.6e-06   3.815e-13   0.0004587
       4.742   0.0004646  -2.614e-06   3.815e-13   0.0004672
       4.752   0.0004732  -2.627e-06   3.815e-13   0.0004759
       4.762   0.0004821   -2.64e-06   3.815e-13   0.0004847
       4.772    0.000491  -2.654e-06   3.815e-13   0.0004937
       4.782   0.0005002  -2.667e-06   3.815e-13   0.0005029
       4.792   0.0005095  -2.681e-06   3.815e-13   0.0005122
       4.802    0.000519  -2.694e-06   3.815e-13   0.0005217
       4.812   0.0005287  -2.708e-06   3.815e-13   0.0005314
       4.822   0.0005386  -2.721e-06   3.815e-13   0.0005413
       4.832   0.0005486  -2.734e-06   3.815e-13   0.0005513
       4.842   0.0005588  -2.748e-06   3.815e-13   0.0005616
       4.852   0.0005693  -2.761e-06   3.815e-13    0.000572
       4.862   0.0005799  -2.775e-06   3.815e-13   0.0005827
       4.872   0.0005907  -2.788e-06   3.815e-13   0.0005935
       4.882   0.0006017  -2.802e-06   3.815e-13   0.0006045
       4.892   0.0006129  -2.815e-06   3.815e-13   0.0006157
       4.902   0.0006244  -2.828e-06   3.815e-13   0.0006272
       4.912    0.000636  -2.842e-06   3.815e-13   0.0006388
       4.922   0.0006479  -2.855e-06   3.815e-13   0.0006507
       4.932   0.0006599  -2.869e-06   3.815e-13   0.0006628
       4.942   0.0006723  -2.882e-06   3.815e-13   0.0006751
       4.952   0.0006848  -2.896e-06   3.815e-13   0.0006877
       4.962   0.0006976  -2.909e-06   3.815e-13   0.0007005
       4.972   0.0007106  -2.922e-06   3.815e-13   0.0007135
       4.982   0.0007238  -2.936e-06   3.815e-13   0.0007267
       4.992   0.0007373  -2.949e-06   3.815e-13   0.0007403
       5.002   0.0007511  -2.963e-06   3.815e-13    0.000754
       5.012   0.0007651  -2.976e-06   3.815e-13    0.000768
       5.022   0.0007793   -2.99e-06   3.815e-13   0.0007823
       5.032   0.0007938  -3.003e-06   3.815e-13   0.0007968
       5.042   0.0008086  -3.016e-06   3.815e-13   0.0008117
       5.052   0.0008237   -3.03e-06   3.815e-13   0.0008268
       5.062   0.0008391  -3.043e-06   3.815e-13   0.0008421
       5.072   0.0008547  -3.057e-06   3.815e-13   0.0008578
       5.082   0.0008707   -3.07e-06   3.815e-13   0.0008737
       5.092   0.0008869  -3.084e-06   3.815e-13     0.00089
       5.102   0.0009034  -3.097e-06   3.815e-13   0.0009065
       5.112   0.0009202   -3.11e-06   3.815e-13   0.0009234
       5.122   0.0009374  -3.124e-06   3.815e-13   0.0009405
       5.132   0.0009549  -3.137e-06   3.815e-13    0.000958
       5.142   0.0009727  -3.151e-06   3.815e-13   0.0009758
       5.152   0.0009908  -3.164e-06   3.815e-13    0.000994
       5.162    0.001009  -3.178e-06   3.815e-13    0.001012
       5.172    0.001028  -3.191e-06   3.815e-13    0.001031
       5.182    0.001047  -3.204e-06   3.815e-13     0.00105
       5.192    0.001067  -3.218e-06   3.815e-13     0.00107
       5.202    0.001087  -3.231e-06   3.815e-13     0.00109
       5.212    0.001107  -3.245e-06   3.815e-13     0.00111
       5.222    0.001127  -3.258e-06   3.815e-13    0.001131
       5.232    0.001149  -3.272e-06   3.815e-13    0.001152
       5.242     0.00117  -3.285e-06   3.815e-13    0.001173
       5.252    0.001192  -3.298e-06   3.815e-13    0.001195
       5.262    0.001214  -3.312e-06   3.815e-13    0.001217
       5.272    0.001237  -3.325e-06   3.815e-13     0.00124
       5.282     0.00126  -3.339e-06   3.815e-13    0.001263
       5.292    0.001283  -3.352e-06   3.815e-13    0.001286
       5.302    0.001307  -3.366e-06   3.815e-13     0.00131
       5.312    0.001331  -3.379e-06   3.815e-13    0.001335
       5.322    0.001356  -3.392e-06   3.815e-13    0.001359
       5.332    0.001381  -3.406e-06   3.815e-13    0.001385
       5.342    0.001407  -3.419e-06   3.815e-13     0.00141
       5.352    0.001433  -3.433e-06   3.815e-13    0.001437
       5.362     0.00146  -3.446e-06   3.815e-13    0.001463
       5.372    0.001487   -3.46e-06   3.815e-13    0.001491
       5.382    0.001515  -3.473e-06   3.815e-13    0.001518
       5.392    0.001543  -3.486e-06   3.815e-13    0.001547
       5.402    0.001572    -3.5e-06   3.815e-13    0.001575
       5.412    0.001601  -3.513e-06   3.815e-13    0.001605
       5.422    0.001631  -3.527e-06   3.815e-13    0.001634
       5.432    0.001661   -3.54e-06   3.815e-13    0.001665
       5.442    0.001692  -3.554e-06   3.815e-13    0.001696
       5.452    0.001724  -3.567e-06   3.815e-13    0.001727
       5.462    0.001756  -3.581e-06   3.815e-13    0.001759
       5.472    0.001789  -3.594e-06   3.815e-13    0.001792
       5.482    0.001822  -3.607e-06   3.815e-13    0.001825
       5.492    0.001856  -3.621e-06   3.815e-13    0.001859
       5.502     0.00189  -3.634e-06   3.815e-13    0.001894
       5.512    0.001926  -3.648e-06   3.815e-13    0.001929
       5.522    0.001961  -3.661e-06   3.815e-13    0.001965
       5.532    0.001998  -3.675e-06   3.815e-13    0.002002
       5.542    0.002035  -3.688e-06   3.815e-13    0.002039
       5.552    0.002073  -3.701e-06   3.815e-13    0.002077
       5.562    0.002112  -3.715e-06   3.815e-13    0.002115
       5.572    0.002151  -3.728e-06   3.815e-13    0.002155
       5.582    0.002191  -3.742e-06   3.815e-13    0.002195
       5.592    0.002232  -3.755e-06   3.815e-13    0.002235
       5.602    0.002273  -3.769e-06   3.815e-13    0.002277
       5.612    0.002316  -3.782e-06   3.815e-13    0.002319
       5.622    0.002359  -3.795e-06   3.815e-13    0.002362
       5.632    0.002403  -3.809e-06   3.815e-13    0.002406
       5.642    0.002447  -3.822e-06   3.815e-13    0.002451
       5.652    0.002493  -3.836e-06   3.815e-13    0.002497
       5.662    0.002539  -3.849e-06   3.815e-13    0.002543
       5.672    0.002587  -3.863e-06   3.815e-13     0.00259
       5.682    0.002635  -3.876e-06   3.815e-13    0.002639
       5.692    0.002684  -3.889e-06   3.815e-13    0.002688
       5.702    0.002734  -3.903e-06   3.815e-13    0.002738
       5.712    0.002785  -3.916e-06   3.815e-13    0.002788
       5.722    0.002836   -3.93e-06   3.815e-13     0.00284
       5.732    0.002889  -3.943e-06   3.815e-13    0.002893
       5.742    0.002943  -3.957e-06   3.815e-13    0.002947
       5.752    0.002998   -3.97e-06   3.815e-13    0.003002
       5.762    0.003054  -3.983e-06   3.815e-13    0.003057
       5.772     0.00311  -3.997e-06   3.815e-13    0.003114
       5.782    0.003168   -4.01e-06   3.815e-13    0.003172
       5.792    0.003227  -4.024e-06   3.815e-13    0.003231
       5.802    0.003287  -4.037e-06   3.815e-13    0.003291
       5.812    0.003348  -4.051e-06   3.815e-13    0.003352
       5.822    0.003411  -4.064e-06   3.815e-13    0.003415
       5.832    0.003474  -4.077e-06   3.815e-13    0.003478
       5.842    0.003539  -4.091e-06   3.815e-13    0.003543
       5.852    0.003605  -4.104e-06   3.815e-13    0.003609
       5.862    0.003672  -4.118e-06   3.815e-13    0.003676
       5.872     0.00374  -4.131e-06   3.815e-13    0.003744
       5.882     0.00381  -4.145e-06   3.815e-13    0.003814
       5.892    0.003881  -4.158e-06   3.815e-13    0.003885
       5.902    0.003953  -4.171e-06   3.815e-13    0.003957
       5.912    0.004026  -4.185e-06   3.815e-13    0.004031
       5.922    0.004101  -4.198e-06   3.815e-13    0.004105
       5.932    0.004178  -4.212e-06   3.815e-13    0.004182
       5.942    0.004255  -4.225e-06   3.815e-13     0.00426
       5.952    0.004335  -4.239e-06   3.815e-13    0.004339
       5.962    0.004415  -4.252e-06   3.815e-13    0.004419
       5.972    0.004497  -4.265e-06   3.815e-13    0.004502
       5.982    0.004581  -4.279e-06   3.815e-13    0.004585
