#      _xxWS        ftot       firac        fagn        fsfr
#
     -0.7321     0.01739   3.458e-08   2.039e-13     0.01739
     -0.7221     0.01378   4.512e-08   2.039e-13     0.01378
     -0.7121     0.01017   5.969e-08   2.039e-13     0.01017
     -0.7021    0.006561   7.872e-08   2.039e-13    0.006561
     -0.6921    0.002952    1.04e-07   2.039e-13    0.002952
     -0.6821   1.404e-07   1.368e-07   2.039e-13   3.548e-09
     -0.6721   1.768e-07   1.731e-07   2.039e-13   3.614e-09
     -0.6621   2.216e-07   2.179e-07   2.039e-13   3.681e-09
     -0.6521   2.653e-07   2.615e-07   2.039e-13    3.75e-09
     -0.6421   3.221e-07   3.182e-07   2.039e-13    3.82e-09
     -0.6321   3.856e-07   3.817e-07   2.039e-13   3.891e-09
     -0.6221   4.617e-07   4.577e-07   2.039e-13   3.963e-09
     -0.6121   5.406e-07   5.365e-07   2.039e-13   4.037e-09
     -0.6021   6.532e-07   6.491e-07   2.039e-13   4.112e-09
     -0.5921   7.813e-07   7.771e-07   2.039e-13   4.188e-09
     -0.5821   9.229e-07   9.187e-07   2.039e-13   4.266e-09
     -0.5721   1.082e-06   1.078e-06   2.039e-13   4.345e-09
     -0.5621   1.252e-06   1.248e-06   2.039e-13   4.426e-09
     -0.5521   1.436e-06   1.432e-06   2.039e-13   4.508e-09
     -0.5421   1.641e-06   1.636e-06   2.039e-13   4.592e-09
     -0.5321   1.873e-06   1.868e-06   2.039e-13   4.678e-09
     -0.5221   2.152e-06   2.147e-06   2.039e-13   4.764e-09
     -0.5121   2.442e-06   2.437e-06   2.039e-13   4.853e-09
     -0.5021   2.779e-06   2.774e-06   2.039e-13   4.943e-09
     -0.4921   3.185e-06    3.18e-06   2.039e-13   5.035e-09
     -0.4821   3.683e-06   3.678e-06   2.039e-13   5.129e-09
     -0.4721   4.177e-06   4.171e-06   2.039e-13   5.224e-09
     -0.4621   4.737e-06   4.731e-06   2.039e-13   5.321e-09
     -0.4521   5.325e-06    5.32e-06   2.039e-13    5.42e-09
     -0.4421   5.954e-06   5.949e-06   2.039e-13   5.521e-09
     -0.4321   6.609e-06   6.603e-06   2.039e-13   5.624e-09
     -0.4221   7.324e-06   7.318e-06   2.039e-13   5.728e-09
     -0.4121   8.107e-06   8.101e-06   2.039e-13   5.835e-09
     -0.4021   8.944e-06   8.938e-06   2.039e-13   5.943e-09
     -0.3921   9.856e-06    9.85e-06   2.039e-13   6.054e-09
     -0.3821   1.085e-05   1.085e-05   2.039e-13   6.166e-09
     -0.3721   1.191e-05    1.19e-05   2.039e-13   6.281e-09
     -0.3621   1.297e-05   1.296e-05   2.039e-13   6.398e-09
     -0.3521   1.413e-05   1.413e-05   2.039e-13   6.517e-09
     -0.3421    1.54e-05    1.54e-05   2.039e-13   6.638e-09
     -0.3321   1.673e-05   1.673e-05   2.039e-13   6.761e-09
     -0.3221   1.815e-05   1.815e-05   2.039e-13   6.887e-09
     -0.3121    1.97e-05   1.969e-05   2.039e-13   7.015e-09
     -0.3021   2.146e-05   2.146e-05   2.039e-13   7.145e-09
     -0.2921   2.329e-05   2.329e-05   2.039e-13   7.278e-09
     -0.2821   2.523e-05   2.523e-05   2.039e-13   7.413e-09
     -0.2721   2.736e-05   2.735e-05   2.039e-13   7.551e-09
     -0.2621   2.951e-05   2.951e-05   2.039e-13   7.692e-09
     -0.2521   3.181e-05    3.18e-05   2.039e-13   7.835e-09
     -0.2421   3.418e-05   3.418e-05   2.039e-13    7.98e-09
     -0.2321   3.686e-05   3.685e-05   2.039e-13   8.129e-09
     -0.2221   4.088e-05   4.087e-05   2.039e-13    8.28e-09
     -0.2121   4.446e-05   4.445e-05   2.039e-13   8.434e-09
     -0.2021   4.885e-05   4.884e-05   2.039e-13    8.59e-09
     -0.1921   5.482e-05   5.481e-05   2.039e-13    8.75e-09
     -0.1821    6.15e-05    6.15e-05   2.039e-13   8.913e-09
     -0.1721   6.862e-05   6.861e-05   2.039e-13   9.079e-09
     -0.1621   7.605e-05   7.605e-05   2.039e-13   9.247e-09
     -0.1521   8.455e-05   8.454e-05   2.039e-13   9.419e-09
     -0.1421   9.413e-05   9.412e-05   2.039e-13   9.594e-09
     -0.1321   0.0001043   0.0001043   2.039e-13   9.773e-09
     -0.1221   0.0001151   0.0001151   2.039e-13   9.954e-09
     -0.1121   0.0001266   0.0001266   2.039e-13   1.014e-08
     -0.1021   0.0001381   0.0001381   2.039e-13   1.033e-08
    -0.09211   0.0001476   0.0001476   2.039e-13   1.052e-08
    -0.08211   0.0001594   0.0001594   2.039e-13   1.072e-08
    -0.07211   0.0001708   0.0001708   2.039e-13   1.091e-08
    -0.06211   0.0001798   0.0001798   2.039e-13   1.112e-08
    -0.05211   0.0001889   0.0001889   2.039e-13   1.132e-08
    -0.04211   0.0001986   0.0001986   2.039e-13   1.153e-08
    -0.03211   0.0002087   0.0002087   2.039e-13   1.175e-08
    -0.02211   0.0002188   0.0002188   2.039e-13   1.197e-08
    -0.01211   0.0002278   0.0002278   2.039e-13   1.219e-08
   -0.002106   0.0002375   0.0002375   2.039e-13   1.242e-08
    0.007894   0.0002477   0.0002477   2.039e-13   1.265e-08
     0.01789   0.0002586   0.0002586   2.039e-13   1.288e-08
     0.02789   0.0002708   0.0002708   2.039e-13   1.312e-08
     0.03789   0.0002832   0.0002832   2.039e-13   1.337e-08
     0.04789    0.000295    0.000295   2.039e-13   1.361e-08
     0.05789   0.0003071    0.000307   2.039e-13   1.387e-08
     0.06789   0.0003202   0.0003202   2.039e-13   1.413e-08
     0.07789   0.0003341   0.0003341   2.039e-13   1.439e-08
     0.08789   0.0003475   0.0003475   2.039e-13   1.466e-08
     0.09789   0.0003614   0.0003614   2.039e-13   1.493e-08
      0.1079   0.0003753   0.0003753   2.039e-13   1.521e-08
      0.1179   0.0003902   0.0003901   2.039e-13   1.549e-08
      0.1279    0.000404    0.000404   2.039e-13   1.578e-08
      0.1379   0.0004213   0.0004213   2.039e-13   1.607e-08
      0.1479   0.0004388   0.0004388   2.039e-13   1.637e-08
      0.1579   0.0004576   0.0004575   2.039e-13   1.667e-08
      0.1679   0.0004758   0.0004758   2.039e-13   1.698e-08
      0.1779   0.0004922   0.0004922   2.039e-13    1.73e-08
      0.1879   0.0005122   0.0005122   2.039e-13   1.762e-08
      0.1979   0.0005323   0.0005323   2.039e-13   1.795e-08
      0.2079   0.0005513   0.0005513   2.039e-13   1.828e-08
      0.2179   0.0005714   0.0005714   2.039e-13   1.862e-08
      0.2279   0.0005927   0.0005927   2.039e-13   1.897e-08
      0.2379   0.0006104   0.0006103   2.039e-13   1.932e-08
      0.2479   0.0006332   0.0006304   2.039e-13   2.757e-06
      0.2579   0.0006586   0.0006514   2.039e-13   7.211e-06
      0.2679    0.000679   0.0006676   2.039e-13   1.132e-05
      0.2779   0.0006991   0.0006838   2.039e-13   1.531e-05
      0.2879   0.0007183   0.0006988   2.039e-13   1.944e-05
      0.2979   0.0007382   0.0007144   2.039e-13    2.37e-05
      0.3079   0.0007612   0.0007337   2.039e-13   2.749e-05
      0.3179   0.0007798   0.0007494   2.039e-13   3.039e-05
      0.3279    0.000798   0.0007656   2.039e-13   3.242e-05
      0.3379    0.000816   0.0007825   2.039e-13   3.349e-05
      0.3479   0.0008287   0.0007957   2.039e-13   3.298e-05
      0.3579   0.0008432   0.0008103   2.039e-13   3.295e-05
      0.3679   0.0008623   0.0008285   2.039e-13   3.382e-05
      0.3779   0.0008802   0.0008452   2.039e-13   3.502e-05
      0.3879   0.0009016   0.0008653   2.039e-13   3.632e-05
      0.3979   0.0009208   0.0008832   2.039e-13   3.752e-05
      0.4079   0.0009407   0.0009023   2.039e-13   3.842e-05
      0.4179   0.0009616   0.0009228   2.039e-13   3.877e-05
      0.4279    0.000985   0.0009465   2.039e-13   3.856e-05
      0.4379    0.001007   0.0009688   2.039e-13   3.842e-05
      0.4479    0.001028    0.000989   2.039e-13   3.872e-05
      0.4579    0.001042    0.001003   2.039e-13   3.939e-05
      0.4679    0.001055    0.001015   2.039e-13   4.021e-05
      0.4779    0.001074    0.001033   2.039e-13    4.11e-05
      0.4879    0.001085    0.001043   2.039e-13   4.231e-05
      0.4979    0.001097    0.001054   2.039e-13   4.393e-05
      0.5079    0.001104    0.001059   2.039e-13   4.589e-05
      0.5179    0.001109     0.00106   2.039e-13   4.809e-05
      0.5279    0.001111    0.001061   2.039e-13   5.049e-05
      0.5379    0.001107    0.001054   2.039e-13   5.307e-05
      0.5479    0.001101    0.001045   2.039e-13   5.584e-05
      0.5579    0.001083    0.001024   2.039e-13   5.877e-05
      0.5679    0.001067    0.001005   2.039e-13    6.19e-05
      0.5779    0.001051   0.0009854   2.039e-13   6.526e-05
      0.5879    0.001028   0.0009586   2.039e-13   6.892e-05
      0.5979   0.0009994   0.0009264   2.039e-13     7.3e-05
      0.6079   0.0009716   0.0008942   2.039e-13   7.748e-05
      0.6179   0.0009546   0.0008726   2.039e-13   8.208e-05
      0.6279   0.0009341   0.0008474   2.039e-13   8.667e-05
      0.6379   0.0009204    0.000829   2.039e-13   9.138e-05
      0.6479   0.0009051   0.0008087   2.039e-13   9.633e-05
      0.6579    0.001143   0.0007876   0.0002533   0.0001017
      0.6679    0.001127   0.0007638   0.0002559   0.0001077
      0.6779    0.001112   0.0007377   0.0002591   0.0001148
      0.6879    0.001106   0.0007183   0.0002631   0.0001246
      0.6979    0.001106   0.0006957   0.0002683   0.0001419
      0.7079    0.001143   0.0006728   0.0002748   0.0001958
      0.7179    0.001689   0.0006619   0.0002829   0.0007447
      0.7279    0.001746   0.0006587   0.0002928   0.0007951
      0.7379     0.00177   0.0006529   0.0003046   0.0008125
      0.7479    0.001783   0.0006396   0.0003188   0.0008244
      0.7579    0.001795   0.0006257   0.0003355   0.0008341
      0.7679    0.001802   0.0006045   0.0003548    0.000843
      0.7779     0.00181   0.0005809   0.0003772   0.0008515
      0.7879    0.001823   0.0005603   0.0004027   0.0008598
      0.7979    0.001846   0.0005463   0.0004316   0.0008678
      0.8079    0.001875   0.0005354   0.0004642   0.0008753
      0.8179    0.001907   0.0005254   0.0005007   0.0008809
      0.8279    0.001938   0.0005173   0.0005413   0.0008798
      0.8379    0.001934   0.0005046   0.0005862   0.0008434
      0.8479    0.001439   0.0004904   0.0006357   0.0003132
      0.8579    0.001445    0.000472     0.00069   0.0002832
      0.8679    0.001488    0.000451   0.0007492   0.0002881
      0.8779    0.001547   0.0004327   0.0008132   0.0003013
      0.8879    0.001617   0.0004152   0.0008819   0.0003201
      0.8979    0.001701   0.0004002   0.0009549   0.0003455
      0.9079    0.001803   0.0003871    0.001032   0.0003843
      0.9179     0.00195   0.0003746    0.001112   0.0004631
      0.9279    0.002085   0.0003616    0.001195   0.0005279
      0.9379    0.002224    0.000348     0.00128   0.0005958
      0.9479    0.002417   0.0003339    0.001365   0.0007173
      0.9579    0.002646   0.0003183     0.00145   0.0008777
      0.9679    0.002869   0.0003078    0.001534    0.001027
      0.9779    0.003215   0.0002983    0.001614    0.001303
      0.9879    0.004266   0.0002909    0.001693    0.002282
      0.9979    0.005104    0.000283    0.001772     0.00305
       1.008    0.005529   0.0002748     0.00185    0.003404
       1.018    0.005949   0.0002667    0.001928    0.003755
       1.028    0.006394    0.000259    0.002005     0.00413
       1.038    0.006831   0.0002513    0.002082    0.004498
       1.048    0.007318   0.0002435    0.002159    0.004916
       1.058    0.008027    0.000236    0.002234    0.005556
       1.068    0.009161   0.0002282     0.00231    0.006622
       1.078     0.01106   0.0002204    0.002384    0.008455
       1.088     0.01295   0.0002129    0.002456     0.01028
       1.098     0.01449   0.0002051    0.002528     0.01176
       1.108     0.01525   0.0001976    0.002597     0.01246
       1.118     0.01513   0.0001902    0.002658     0.01228
       1.128     0.01538   0.0001834    0.002715     0.01248
       1.138     0.01594   0.0001771    0.002764       0.013
       1.148     0.01613   0.0001715    0.002809     0.01315
       1.158     0.01616   0.0001657    0.002845     0.01315
       1.168     0.01614   0.0001606    0.002879      0.0131
       1.178     0.01603   0.0001557    0.002916     0.01296
       1.188     0.01572   0.0001508    0.002964      0.0126
       1.198       0.015   0.0001461    0.003022     0.01183
       1.208     0.01349   0.0001413    0.003095     0.01026
       1.218     0.01202   0.0001363    0.003185    0.008701
       1.228     0.01101   0.0001312    0.003294     0.00759
       1.238     0.01093   0.0001261    0.003418    0.007383
       1.248     0.01283   0.0001211    0.003565    0.009141
       1.258     0.01359   0.0001159    0.003731    0.009738
       1.268     0.01396   0.0001107    0.003915     0.00993
       1.278     0.01492   0.0001051     0.00412      0.0107
       1.288     0.01593   9.973e-05    0.004346     0.01149
       1.298     0.01746   9.418e-05    0.004587     0.01278
       1.308     0.01855   8.861e-05    0.004845     0.01361
       1.318     0.01941   8.304e-05    0.005117     0.01421
       1.328     0.02035   7.761e-05    0.005397     0.01488
       1.338     0.02111   7.254e-05    0.005689     0.01535
       1.348     0.02185   6.783e-05    0.005986      0.0158
       1.358     0.02244   6.345e-05    0.006288     0.01609
       1.368     0.02279    5.94e-05    0.006603     0.01613
       1.378     0.02138   5.566e-05    0.006923      0.0144
       1.388     0.02103   5.221e-05    0.007243     0.01373
       1.398     0.02125   4.903e-05     0.00757     0.01363
       1.408     0.02142   4.613e-05    0.007905     0.01347
       1.418     0.02193   4.347e-05    0.008246     0.01364
       1.428     0.02207   4.104e-05    0.008589     0.01344
       1.438     0.02275   3.884e-05    0.008935     0.01377
       1.448      0.0235   3.683e-05    0.009271     0.01419
       1.458     0.02411   3.502e-05    0.009604     0.01447
       1.468     0.02491   3.337e-05     0.00993     0.01494
       1.478     0.02575   3.188e-05     0.01026     0.01546
       1.488     0.02665   3.053e-05     0.01058     0.01603
       1.498     0.02756   2.929e-05      0.0109     0.01663
       1.508     0.02847   2.817e-05     0.01121     0.01724
       1.518     0.02938   2.713e-05     0.01152     0.01783
       1.528     0.03023   2.618e-05     0.01182     0.01839
       1.538       0.031   2.528e-05      0.0121     0.01888
       1.548     0.03158   2.444e-05     0.01237     0.01918
       1.558     0.03213   2.364e-05     0.01264     0.01947
       1.568     0.03269   2.287e-05     0.01288     0.01978
       1.578     0.03348   2.213e-05     0.01312     0.02034
       1.588     0.03442   2.141e-05     0.01335     0.02106
       1.598     0.03546    2.07e-05     0.01356     0.02188
       1.608     0.03654       2e-05     0.01375     0.02277
       1.618     0.03778   1.931e-05     0.01393     0.02383
       1.628     0.03917   1.863e-05     0.01411     0.02504
       1.638     0.04069   1.795e-05     0.01427      0.0264
       1.648     0.04238   1.728e-05     0.01443     0.02793
       1.658     0.04425   1.663e-05     0.01458     0.02965
       1.668      0.0463   1.598e-05     0.01473     0.03156
       1.678     0.04856   1.534e-05     0.01488     0.03367
       1.688     0.05104   1.472e-05     0.01503       0.036
       1.698     0.05374    1.41e-05     0.01518     0.03855
       1.708     0.05665    1.35e-05     0.01533     0.04131
       1.718     0.05978   1.291e-05     0.01549     0.04428
       1.728     0.06312   1.233e-05     0.01565     0.04746
       1.738     0.06667   1.177e-05     0.01582     0.05084
       1.748     0.07039   1.122e-05     0.01599      0.0544
       1.758      0.0743   1.069e-05     0.01616     0.05813
       1.768     0.07838   1.018e-05     0.01633     0.06204
       1.778     0.08261   9.678e-06      0.0165      0.0661
       1.788       0.087   9.197e-06     0.01667     0.07031
       1.798     0.09153   8.733e-06     0.01684     0.07468
       1.808     0.09621   8.289e-06       0.017     0.07921
       1.818      0.1011   7.863e-06     0.01714      0.0839
       1.828      0.1061   7.457e-06     0.01728     0.08878
       1.838      0.1113    7.07e-06     0.01739     0.09386
       1.848      0.1167   6.704e-06     0.01749     0.09916
       1.858      0.1223   6.357e-06     0.01757      0.1047
       1.868      0.1282    6.03e-06     0.01764      0.1106
       1.878      0.1344   5.723e-06     0.01767      0.1167
       1.888       0.141   5.434e-06     0.01769      0.1233
       1.898      0.1479   5.164e-06     0.01768      0.1302
       1.908      0.1551   4.911e-06     0.01764      0.1375
       1.918      0.1628   4.676e-06     0.01759      0.1452
       1.928      0.1709   4.456e-06     0.01751      0.1534
       1.938      0.1795    4.25e-06      0.0174      0.1621
       1.948      0.1884   4.059e-06     0.01727      0.1712
       1.958      0.1979    3.88e-06     0.01712      0.1807
       1.968      0.2077   3.712e-06     0.01695      0.1908
       1.978       0.218   3.554e-06     0.01676      0.2013
       1.988      0.2287   3.404e-06     0.01655      0.2122
       1.998      0.2398   3.263e-06     0.01632      0.2235
       2.008      0.2513   3.129e-06     0.01607      0.2352
       2.018      0.2631   3.001e-06      0.0158      0.2473
       2.028      0.2752   2.878e-06     0.01552      0.2597
       2.038      0.2876   2.759e-06     0.01522      0.2723
       2.048      0.3001   2.645e-06     0.01491      0.2852
       2.058      0.3128   2.535e-06     0.01459      0.2982
       2.068      0.3256   2.428e-06     0.01425      0.3114
       2.078      0.3385   2.324e-06      0.0139      0.3245
       2.088      0.3512   2.223e-06     0.01355      0.3377
       2.098      0.3639   2.125e-06     0.01318      0.3508
       2.108      0.3765    2.03e-06     0.01281      0.3636
       2.118      0.3888   1.939e-06     0.01244      0.3763
       2.128      0.4008   1.851e-06     0.01206      0.3887
       2.138      0.4124   1.766e-06     0.01168      0.4007
       2.148      0.4236   1.685e-06      0.0113      0.4123
       2.158      0.4343   1.608e-06     0.01091      0.4234
       2.168      0.4445   1.534e-06     0.01053       0.434
       2.178      0.4541   1.463e-06     0.01015      0.4439
       2.188       0.463   1.396e-06    0.009773      0.4533
       2.198      0.4713   1.333e-06    0.009402      0.4619
       2.208      0.4788   1.272e-06    0.009038      0.4697
       2.218      0.4855   1.214e-06    0.008678      0.4768
       2.228      0.4914    1.16e-06    0.008321      0.4831
       2.238      0.4966   1.108e-06     0.00797      0.4886
       2.248      0.5009   1.058e-06    0.007631      0.4933
       2.258      0.5045   1.011e-06    0.007296      0.4972
       2.268      0.5072   9.656e-07    0.006973      0.5003
       2.278      0.5093   9.225e-07    0.006655      0.5027
       2.288      0.5107   8.812e-07    0.006351      0.5043
       2.298      0.5115   8.417e-07    0.006054      0.5054
       2.308      0.5117   8.038e-07    0.005762      0.5059
       2.318      0.5114   7.676e-07    0.005485       0.506
       2.328      0.5108    7.33e-07    0.005215      0.5055
       2.338      0.5095   6.999e-07    0.004953      0.5046
       2.348      0.5074   6.683e-07    0.004701      0.5027
       2.358      0.5042   6.381e-07    0.004461      0.4997
       2.368      0.4998   6.093e-07     0.00423      0.4955
       2.378      0.4942   5.818e-07    0.004005      0.4902
       2.388      0.4875   5.556e-07    0.003794      0.4837
       2.398      0.4798   5.306e-07    0.003588      0.4762
       2.408       0.471   5.065e-07    0.003392      0.4676
       2.418      0.4614   4.834e-07    0.003202      0.4582
       2.428      0.4508   4.611e-07    0.003022      0.4477
       2.438      0.4392   4.395e-07    0.002853      0.4364
       2.448      0.4268   4.185e-07    0.002689      0.4241
       2.458      0.4135    3.98e-07    0.002533       0.411
       2.468      0.3996   3.778e-07    0.002385      0.3973
       2.478      0.3855    3.58e-07    0.002246      0.3832
       2.488      0.3714   3.383e-07    0.002113      0.3693
       2.498      0.3575   3.188e-07    0.001988      0.3555
       2.508      0.3439   2.993e-07    0.001867       0.342
       2.518      0.3305   2.799e-07    0.001755      0.3288
       2.528      0.3174   2.604e-07    0.001647      0.3158
       2.538      0.3046    2.41e-07    0.001547       0.303
       2.548       0.292   2.215e-07     0.00145      0.2905
       2.558      0.2796   2.021e-07     0.00136      0.2782
       2.568      0.2675   1.826e-07    0.001273      0.2662
       2.578      0.2556   1.631e-07    0.001192      0.2544
       2.588       0.244   1.437e-07    0.001115      0.2429
       2.598      0.2326   1.242e-07    0.001043      0.2316
       2.608      0.2215   1.047e-07   0.0009741      0.2205
       2.618      0.2106   8.521e-08   0.0009095      0.2097
       2.628         0.2   6.572e-08   0.0008491      0.1992
       2.638      0.1897   4.623e-08   0.0007926      0.1889
       2.648      0.1797   2.673e-08   0.0007391       0.179
       2.658        0.17   7.228e-09   0.0006898      0.1693
       2.668      0.1606  -1.228e-08   0.0006437        0.16
       2.678      0.1516  -3.179e-08   0.0006009       0.151
       2.688      0.1428   -5.13e-08    0.000561      0.1423
       2.698      0.1345  -7.081e-08   0.0005234      0.1339
       2.708      0.1264  -9.033e-08   0.0004885      0.1259
       2.718      0.1187  -1.099e-07   0.0004561      0.1183
       2.728      0.1114  -1.294e-07   0.0004254       0.111
       2.738      0.1045  -1.489e-07   0.0003969      0.1041
       2.748     0.09792  -1.684e-07   0.0003704     0.09755
       2.758     0.09173   -1.88e-07   0.0003455     0.09138
       2.768     0.08589  -2.075e-07   0.0003226     0.08557
       2.778     0.08039   -2.27e-07   0.0003011     0.08009
       2.788      0.0752  -2.466e-07    0.000281     0.07492
       2.798     0.07032  -2.661e-07   0.0002623     0.07005
       2.808     0.06572  -2.857e-07   0.0002449     0.06548
       2.818     0.06141  -3.052e-07   0.0002284     0.06118
       2.828     0.05735  -3.248e-07   0.0002132     0.05714
       2.838     0.05355  -3.443e-07   0.0001991     0.05335
       2.848     0.04998  -3.639e-07   0.0001858      0.0498
       2.858     0.04664  -3.834e-07   0.0001733     0.04647
       2.868     0.04351   -4.03e-07   0.0001618     0.04335
       2.878     0.04057  -4.225e-07    0.000151     0.04042
       2.888     0.03782  -4.421e-07    0.000141     0.03768
       2.898     0.03526  -4.616e-07   0.0001315     0.03512
       2.908     0.03285  -4.812e-07   0.0001228     0.03273
       2.918     0.03061  -5.008e-07   0.0001146      0.0305
       2.928     0.02851  -5.203e-07   0.0001069     0.02841
       2.938     0.02656  -5.399e-07    9.98e-05     0.02646
       2.948     0.02473  -5.595e-07   9.315e-05     0.02464
       2.958     0.02302   -5.79e-07    8.69e-05     0.02294
       2.968     0.02143  -5.986e-07   8.107e-05     0.02135
       2.978     0.01995  -6.182e-07   7.565e-05     0.01987
       2.988     0.01856  -6.377e-07   7.062e-05     0.01849
       2.998     0.01727  -6.573e-07   6.589e-05     0.01721
       3.008     0.01607  -6.769e-07    6.15e-05     0.01601
       3.018     0.01495  -6.965e-07   5.738e-05      0.0149
       3.028     0.01391   -7.16e-07   5.356e-05     0.01386
       3.038     0.01294  -7.356e-07   4.999e-05     0.01289
       3.048     0.01203  -7.552e-07   4.665e-05     0.01199
       3.058     0.01119  -7.748e-07   4.352e-05     0.01115
       3.068     0.01041  -7.944e-07   4.061e-05     0.01037
       3.078    0.009681  -8.139e-07    3.79e-05    0.009644
       3.088    0.009003  -8.335e-07   3.538e-05    0.008968
       3.098    0.008372  -8.531e-07   3.303e-05    0.008339
       3.108    0.007784  -8.727e-07   3.082e-05    0.007754
       3.118    0.007238  -8.923e-07   2.874e-05     0.00721
       3.128    0.006729  -9.118e-07   2.683e-05    0.006704
       3.138    0.006256  -9.314e-07   2.504e-05    0.006232
       3.148    0.005816   -9.51e-07   2.337e-05    0.005794
       3.158    0.005406  -9.706e-07   2.181e-05    0.005385
       3.168    0.005024  -9.902e-07   2.035e-05    0.005005
       3.178    0.004669   -1.01e-06   1.899e-05    0.004651
       3.188    0.004339  -1.029e-06   1.773e-05    0.004322
       3.198    0.004032  -1.049e-06   1.653e-05    0.004016
       3.208    0.003746  -1.069e-06   1.542e-05    0.003731
       3.218    0.003479  -1.088e-06    1.44e-05    0.003466
       3.228    0.003232  -1.108e-06   1.344e-05     0.00322
       3.238    0.003002  -1.127e-06   1.254e-05     0.00299
       3.248    0.002788  -1.147e-06    1.17e-05    0.002777
       3.258    0.002578  -1.166e-06   2.039e-13    0.002579
       3.268    0.002394  -1.186e-06   2.039e-13    0.002395
       3.278    0.002223  -1.206e-06   2.039e-13    0.002224
       3.288    0.002064  -1.225e-06   2.039e-13    0.002066
       3.298    0.001917  -1.245e-06   2.039e-13    0.001918
       3.308    0.001781  -1.264e-06   2.039e-13    0.001782
       3.318    0.001654  -1.284e-06   2.039e-13    0.001655
       3.328    0.001537  -1.304e-06   2.039e-13    0.001538
       3.338    0.001427  -1.323e-06   2.039e-13    0.001429
       3.348    0.001326  -1.343e-06   2.039e-13    0.001328
       3.358    0.001233  -1.362e-06   2.039e-13    0.001234
       3.368    0.001146  -1.382e-06   2.039e-13    0.001147
       3.378    0.001066  -1.402e-06   2.039e-13    0.001067
       3.388   0.0009914  -1.421e-06   2.039e-13   0.0009928
       3.398   0.0009225  -1.441e-06   2.039e-13    0.000924
       3.408   0.0008587   -1.46e-06   2.039e-13   0.0008602
       3.418   0.0007995   -1.48e-06   2.039e-13    0.000801
       3.428   0.0007447    -1.5e-06   2.039e-13   0.0007462
       3.438   0.0006941  -1.519e-06   2.039e-13   0.0006957
       3.448   0.0006473  -1.539e-06   2.039e-13   0.0006489
       3.458    0.000604  -1.558e-06   2.039e-13   0.0006056
       3.468    0.000564  -1.578e-06   2.039e-13   0.0005656
       3.478   0.0005269  -1.597e-06   2.039e-13   0.0005285
       3.488   0.0004928  -1.617e-06   2.039e-13   0.0004944
       3.498   0.0004611  -1.637e-06   2.039e-13   0.0004628
       3.508   0.0004319  -1.656e-06   2.039e-13   0.0004335
       3.518   0.0004048  -1.676e-06   2.039e-13   0.0004065
       3.528   0.0003799  -1.695e-06   2.039e-13   0.0003816
       3.538   0.0003569  -1.715e-06   2.039e-13   0.0003586
       3.548   0.0003356  -1.735e-06   2.039e-13   0.0003374
       3.558   0.0003161  -1.754e-06   2.039e-13   0.0003178
       3.568    0.000298  -1.774e-06   2.039e-13   0.0002998
       3.578   0.0002814  -1.793e-06   2.039e-13   0.0002832
       3.588   0.0002661  -1.813e-06   2.039e-13   0.0002679
       3.598    0.000252  -1.833e-06   2.039e-13   0.0002538
       3.608   0.0002391  -1.852e-06   2.039e-13   0.0002409
       3.618   0.0002271  -1.872e-06   2.039e-13    0.000229
       3.628   0.0002162  -1.891e-06   2.039e-13   0.0002181
       3.638   0.0002062  -1.911e-06   2.039e-13   0.0002081
       3.648    0.000197  -1.931e-06   2.039e-13   0.0001989
       3.658   0.0001886   -1.95e-06   2.039e-13   0.0001906
       3.668   0.0001809   -1.97e-06   2.039e-13   0.0001829
       3.678   0.0001739  -1.989e-06   2.039e-13   0.0001759
       3.688   0.0001675  -2.009e-06   2.039e-13   0.0001695
       3.698   0.0001617  -2.028e-06   2.039e-13   0.0001638
       3.708   0.0001565  -2.048e-06   2.039e-13   0.0001585
       3.718   0.0001517  -2.068e-06   2.039e-13   0.0001538
       3.728   0.0001474  -2.087e-06   2.039e-13   0.0001495
       3.738   0.0001435  -2.107e-06   2.039e-13   0.0001457
       3.748   0.0001401  -2.126e-06   2.039e-13   0.0001422
       3.758    0.000137  -2.146e-06   2.039e-13   0.0001392
       3.768   0.0001343  -2.166e-06   2.039e-13   0.0001364
       3.778   0.0001319  -2.185e-06   2.039e-13   0.0001341
       3.788   0.0001298  -2.205e-06   2.039e-13    0.000132
       3.798    0.000128  -2.224e-06   2.039e-13   0.0001302
       3.808   0.0001264  -2.244e-06   2.039e-13   0.0001287
       3.818   0.0001251  -2.264e-06   2.039e-13   0.0001274
       3.828   0.0001241  -2.283e-06   2.039e-13   0.0001264
       3.838   0.0001233  -2.303e-06   2.039e-13   0.0001256
       3.848   0.0001226  -2.322e-06   2.039e-13    0.000125
       3.858   0.0001222  -2.342e-06   2.039e-13   0.0001246
       3.868    0.000122  -2.362e-06   2.039e-13   0.0001243
       3.878   0.0001219  -2.381e-06   2.039e-13   0.0001243
       3.888    0.000122  -2.401e-06   2.039e-13   0.0001244
       3.898   0.0001223   -2.42e-06   2.039e-13   0.0001247
       3.908   0.0001227   -2.44e-06   2.039e-13   0.0001251
       3.918   0.0001232  -2.459e-06   2.039e-13   0.0001257
       3.928   0.0001239  -2.479e-06   2.039e-13   0.0001263
       3.938   0.0001247  -2.499e-06   2.039e-13   0.0001272
       3.948   0.0001256  -2.518e-06   2.039e-13   0.0001281
       3.958   0.0001266  -2.538e-06   2.039e-13   0.0001292
       3.968   0.0001278  -2.557e-06   2.039e-13   0.0001303
       3.978    0.000129  -2.577e-06   2.039e-13   0.0001316
       3.988   0.0001304  -2.597e-06   2.039e-13    0.000133
       3.998   0.0001318  -2.616e-06   2.039e-13   0.0001345
       4.008   0.0001334  -2.636e-06   2.039e-13    0.000136
       4.018    0.000135  -2.655e-06   2.039e-13   0.0001377
       4.028   0.0001368  -2.675e-06   2.039e-13   0.0001394
       4.038   0.0001386  -2.695e-06   2.039e-13   0.0001413
       4.048   0.0001405  -2.714e-06   2.039e-13   0.0001432
       4.058   0.0001425  -2.734e-06   2.039e-13   0.0001452
       4.068   0.0001446  -2.753e-06   2.039e-13   0.0001473
       4.078   0.0001467  -2.773e-06   2.039e-13   0.0001495
       4.088   0.0001489  -2.792e-06   2.039e-13   0.0001517
       4.098   0.0001512  -2.812e-06   2.039e-13   0.0001541
       4.108   0.0001536  -2.832e-06   2.039e-13   0.0001565
       4.118   0.0001561  -2.851e-06   2.039e-13   0.0001589
       4.128   0.0001586  -2.871e-06   2.039e-13   0.0001615
       4.138   0.0001612   -2.89e-06   2.039e-13   0.0001641
       4.148   0.0001639   -2.91e-06   2.039e-13   0.0001668
       4.158   0.0001667   -2.93e-06   2.039e-13   0.0001696
       4.168   0.0001695  -2.949e-06   2.039e-13   0.0001725
       4.178   0.0001724  -2.969e-06   2.039e-13   0.0001754
       4.188   0.0001754  -2.988e-06   2.039e-13   0.0001784
       4.198   0.0001784  -3.008e-06   2.039e-13   0.0001814
       4.208   0.0001815  -3.028e-06   2.039e-13   0.0001846
       4.218   0.0001847  -3.047e-06   2.039e-13   0.0001878
       4.228    0.000188  -3.067e-06   2.039e-13   0.0001911
       4.238   0.0001914  -3.086e-06   2.039e-13   0.0001944
       4.248   0.0001948  -3.106e-06   2.039e-13   0.0001979
       4.258   0.0001983  -3.125e-06   2.039e-13   0.0002014
       4.268   0.0002018  -3.145e-06   2.039e-13    0.000205
       4.278   0.0002055  -3.165e-06   2.039e-13   0.0002086
       4.288   0.0002092  -3.184e-06   2.039e-13   0.0002124
       4.298    0.000213  -3.204e-06   2.039e-13   0.0002162
       4.308   0.0002169  -3.223e-06   2.039e-13   0.0002201
       4.318   0.0002209  -3.243e-06   2.039e-13   0.0002241
       4.328   0.0002249  -3.263e-06   2.039e-13   0.0002282
       4.338    0.000229  -3.282e-06   2.039e-13   0.0002323
       4.348   0.0002332  -3.302e-06   2.039e-13   0.0002365
       4.358   0.0002375  -3.321e-06   2.039e-13   0.0002408
       4.368   0.0002419  -3.341e-06   2.039e-13   0.0002452
       4.378   0.0002464   -3.36e-06   2.039e-13   0.0002497
       4.388   0.0002509   -3.38e-06   2.039e-13   0.0002543
       4.398   0.0002556    -3.4e-06   2.039e-13    0.000259
       4.408   0.0002603  -3.419e-06   2.039e-13   0.0002637
       4.418   0.0002651  -3.439e-06   2.039e-13   0.0002686
       4.428     0.00027  -3.458e-06   2.039e-13   0.0002735
       4.438   0.0002751  -3.478e-06   2.039e-13   0.0002785
       4.448   0.0002802  -3.498e-06   2.039e-13   0.0002837
       4.458   0.0002854  -3.517e-06   2.039e-13   0.0002889
       4.468   0.0002907  -3.537e-06   2.039e-13   0.0002942
       4.478   0.0002961  -3.556e-06   2.039e-13   0.0002997
       4.488   0.0003016  -3.576e-06   2.039e-13   0.0003052
       4.498   0.0003072  -3.596e-06   2.039e-13   0.0003108
       4.508    0.000313  -3.615e-06   2.039e-13   0.0003166
       4.518   0.0003188  -3.635e-06   2.039e-13   0.0003224
       4.528   0.0003248  -3.654e-06   2.039e-13   0.0003284
       4.538   0.0003308  -3.674e-06   2.039e-13   0.0003345
       4.548    0.000337  -3.693e-06   2.039e-13   0.0003407
       4.558   0.0003433  -3.713e-06   2.039e-13    0.000347
       4.568   0.0003497  -3.733e-06   2.039e-13   0.0003534
       4.578   0.0003562  -3.752e-06   2.039e-13     0.00036
       4.588   0.0003629  -3.772e-06   2.039e-13   0.0003666
       4.598   0.0003697  -3.791e-06   2.039e-13   0.0003734
       4.608   0.0003766  -3.811e-06   2.039e-13   0.0003804
       4.618   0.0003836  -3.831e-06   2.039e-13   0.0003874
       4.628   0.0003908   -3.85e-06   2.039e-13   0.0003946
       4.638   0.0003981   -3.87e-06   2.039e-13   0.0004019
       4.648   0.0004055  -3.889e-06   2.039e-13   0.0004094
       4.658   0.0004131  -3.909e-06   2.039e-13    0.000417
       4.668   0.0004208  -3.928e-06   2.039e-13   0.0004247
       4.678   0.0004287  -3.948e-06   2.039e-13   0.0004326
       4.688   0.0004367  -3.968e-06   2.039e-13   0.0004407
       4.698   0.0004449  -3.987e-06   2.039e-13   0.0004489
       4.708   0.0004532  -4.007e-06   2.039e-13   0.0004572
       4.718   0.0004617  -4.026e-06   2.039e-13   0.0004657
       4.728   0.0004703  -4.046e-06   2.039e-13   0.0004743
       4.738   0.0004791  -4.066e-06   2.039e-13   0.0004831
       4.748    0.000488  -4.085e-06   2.039e-13   0.0004921
       4.758   0.0004972  -4.105e-06   2.039e-13   0.0005013
       4.768   0.0005065  -4.124e-06   2.039e-13   0.0005106
       4.778   0.0005159  -4.144e-06   2.039e-13   0.0005201
       4.788   0.0005256  -4.163e-06   2.039e-13   0.0005297
       4.798   0.0005354  -4.183e-06   2.039e-13   0.0005396
       4.808   0.0005454  -4.203e-06   2.039e-13   0.0005496
       4.818   0.0005556  -4.222e-06   2.039e-13   0.0005598
       4.828    0.000566  -4.242e-06   2.039e-13   0.0005702
       4.838   0.0005766  -4.261e-06   2.039e-13   0.0005808
       4.848   0.0005873  -4.281e-06   2.039e-13   0.0005916
       4.858   0.0005983  -4.301e-06   2.039e-13   0.0006026
       4.868   0.0006095   -4.32e-06   2.039e-13   0.0006138
       4.878   0.0006209   -4.34e-06   2.039e-13   0.0006252
       4.888   0.0006325  -4.359e-06   2.039e-13   0.0006368
       4.898   0.0006443  -4.379e-06   2.039e-13   0.0006487
       4.908   0.0006563  -4.398e-06   2.039e-13   0.0006607
       4.918   0.0006686  -4.418e-06   2.039e-13    0.000673
       4.928   0.0006811  -4.438e-06   2.039e-13   0.0006855
       4.938   0.0006938  -4.457e-06   2.039e-13   0.0006983
       4.948   0.0007068  -4.477e-06   2.039e-13   0.0007112
       4.958     0.00072  -4.496e-06   2.039e-13   0.0007245
       4.968   0.0007334  -4.516e-06   2.039e-13   0.0007379
       4.978   0.0007471  -4.536e-06   2.039e-13   0.0007517
       4.988   0.0007611  -4.555e-06   2.039e-13   0.0007656
       4.998   0.0007753  -4.575e-06   2.039e-13   0.0007799
       5.008   0.0007898  -4.594e-06   2.039e-13   0.0007944
       5.018   0.0008045  -4.614e-06   2.039e-13   0.0008091
       5.028   0.0008195  -4.633e-06   2.039e-13   0.0008242
       5.038   0.0008348  -4.653e-06   2.039e-13   0.0008395
       5.048   0.0008504  -4.673e-06   2.039e-13   0.0008551
       5.058   0.0008663  -4.692e-06   2.039e-13    0.000871
       5.068   0.0008825  -4.712e-06   2.039e-13   0.0008872
       5.078   0.0008989  -4.731e-06   2.039e-13   0.0009037
       5.088   0.0009157  -4.751e-06   2.039e-13   0.0009205
       5.098   0.0009328  -4.771e-06   2.039e-13   0.0009376
       5.108   0.0009502   -4.79e-06   2.039e-13    0.000955
       5.118    0.000968   -4.81e-06   2.039e-13   0.0009728
       5.128    0.000986  -4.829e-06   2.039e-13   0.0009909
       5.138    0.001004  -4.849e-06   2.039e-13    0.001009
       5.148    0.001023  -4.868e-06   2.039e-13    0.001028
       5.158    0.001042  -4.888e-06   2.039e-13    0.001047
       5.168    0.001062  -4.908e-06   2.039e-13    0.001067
       5.178    0.001082  -4.927e-06   2.039e-13    0.001086
       5.188    0.001102  -4.947e-06   2.039e-13    0.001107
       5.198    0.001122  -4.966e-06   2.039e-13    0.001127
       5.208    0.001143  -4.986e-06   2.039e-13    0.001148
       5.218    0.001165  -5.006e-06   2.039e-13     0.00117
       5.228    0.001186  -5.025e-06   2.039e-13    0.001191
       5.238    0.001208  -5.045e-06   2.039e-13    0.001213
       5.248    0.001231  -5.064e-06   2.039e-13    0.001236
       5.258    0.001254  -5.084e-06   2.039e-13    0.001259
       5.268    0.001277  -5.103e-06   2.039e-13    0.001282
       5.278    0.001301  -5.123e-06   2.039e-13    0.001306
       5.288    0.001325  -5.143e-06   2.039e-13     0.00133
       5.298     0.00135  -5.162e-06   2.039e-13    0.001355
       5.308    0.001375  -5.182e-06   2.039e-13     0.00138
       5.318    0.001401  -5.201e-06   2.039e-13    0.001406
       5.328    0.001427  -5.221e-06   2.039e-13    0.001432
       5.338    0.001454  -5.241e-06   2.039e-13    0.001459
       5.348    0.001481   -5.26e-06   2.039e-13    0.001486
       5.358    0.001508   -5.28e-06   2.039e-13    0.001514
       5.368    0.001536  -5.299e-06   2.039e-13    0.001542
       5.378    0.001565  -5.319e-06   2.039e-13     0.00157
       5.388    0.001594  -5.338e-06   2.039e-13      0.0016
       5.398    0.001624  -5.358e-06   2.039e-13    0.001629
       5.408    0.001654  -5.378e-06   2.039e-13     0.00166
       5.418    0.001685  -5.397e-06   2.039e-13     0.00169
       5.428    0.001716  -5.417e-06   2.039e-13    0.001722
       5.438    0.001748  -5.436e-06   2.039e-13    0.001754
       5.448    0.001781  -5.456e-06   2.039e-13    0.001787
       5.458    0.001814  -5.476e-06   2.039e-13     0.00182
       5.468    0.001848  -5.495e-06   2.039e-13    0.001854
       5.478    0.001883  -5.515e-06   2.039e-13    0.001888
       5.488    0.001918  -5.534e-06   2.039e-13    0.001923
       5.498    0.001953  -5.554e-06   2.039e-13    0.001959
       5.508     0.00199  -5.573e-06   2.039e-13    0.001995
       5.518    0.002027  -5.593e-06   2.039e-13    0.002032
       5.528    0.002065  -5.613e-06   2.039e-13     0.00207
       5.538    0.002103  -5.632e-06   2.039e-13    0.002109
       5.548    0.002142  -5.652e-06   2.039e-13    0.002148
       5.558    0.002182  -5.671e-06   2.039e-13    0.002188
       5.568    0.002223  -5.691e-06   2.039e-13    0.002228
       5.578    0.002264   -5.71e-06   2.039e-13     0.00227
       5.588    0.002306   -5.73e-06   2.039e-13    0.002312
       5.598    0.002349   -5.75e-06   2.039e-13    0.002355
       5.608    0.002393  -5.769e-06   2.039e-13    0.002399
       5.618    0.002438  -5.789e-06   2.039e-13    0.002443
       5.628    0.002483  -5.808e-06   2.039e-13    0.002489
       5.638    0.002529  -5.828e-06   2.039e-13    0.002535
       5.648    0.002576  -5.848e-06   2.039e-13    0.002582
       5.658    0.002624  -5.867e-06   2.039e-13     0.00263
       5.668    0.002673  -5.887e-06   2.039e-13    0.002679
       5.678    0.002723  -5.906e-06   2.039e-13    0.002729
       5.688    0.002774  -5.926e-06   2.039e-13     0.00278
       5.698    0.002826  -5.945e-06   2.039e-13    0.002831
       5.708    0.002878  -5.965e-06   2.039e-13    0.002884
       5.718    0.002932  -5.985e-06   2.039e-13    0.002938
       5.728    0.002986  -6.004e-06   2.039e-13    0.002992
       5.738    0.003042  -6.024e-06   2.039e-13    0.003048
       5.748    0.003099  -6.043e-06   2.039e-13    0.003105
       5.758    0.003156  -6.063e-06   2.039e-13    0.003162
       5.768    0.003215  -6.083e-06   2.039e-13    0.003221
       5.778    0.003275  -6.102e-06   2.039e-13    0.003281
       5.788    0.003336  -6.122e-06   2.039e-13    0.003342
       5.798    0.003398  -6.141e-06   2.039e-13    0.003404
       5.808    0.003461  -6.161e-06   2.039e-13    0.003467
       5.818    0.003526   -6.18e-06   2.039e-13    0.003532
       5.828    0.003591    -6.2e-06   2.039e-13    0.003598
       5.838    0.003658   -6.22e-06   2.039e-13    0.003664
       5.848    0.003726  -6.239e-06   2.039e-13    0.003733
