#      _xxWS        ftot       firac        fagn        fsfr
#
     -0.8086     0.03354   9.871e-07   3.941e-14     0.03354
     -0.7986     0.02659   1.219e-06   3.941e-14     0.02659
     -0.7886     0.01964   1.527e-06   3.941e-14     0.01964
     -0.7786     0.01269    1.91e-06   3.941e-14     0.01269
     -0.7686    0.005746   2.397e-06   3.941e-14    0.005744
     -0.7586   2.997e-06   2.999e-06   3.941e-14   -1.21e-09
     -0.7486    3.61e-06   3.611e-06   3.941e-14  -1.233e-09
     -0.7386   4.331e-06   4.332e-06   3.941e-14  -1.256e-09
     -0.7286   4.958e-06    4.96e-06   3.941e-14  -1.279e-09
     -0.7186   5.762e-06   5.763e-06   3.941e-14  -1.303e-09
     -0.7086   6.607e-06   6.608e-06   3.941e-14  -1.327e-09
     -0.6986   7.583e-06   7.584e-06   3.941e-14  -1.352e-09
     -0.6886   8.515e-06   8.516e-06   3.941e-14  -1.377e-09
     -0.6786   9.878e-06   9.879e-06   3.941e-14  -1.402e-09
     -0.6686   1.135e-05   1.135e-05   3.941e-14  -1.428e-09
     -0.6586   1.289e-05   1.289e-05   3.941e-14  -1.455e-09
     -0.6486   1.454e-05   1.455e-05   3.941e-14  -1.482e-09
     -0.6386   1.621e-05   1.621e-05   3.941e-14   -1.51e-09
     -0.6286   1.791e-05   1.791e-05   3.941e-14  -1.538e-09
     -0.6186   1.974e-05   1.974e-05   3.941e-14  -1.566e-09
     -0.6086   2.174e-05   2.174e-05   3.941e-14  -1.595e-09
     -0.5986   2.413e-05   2.413e-05   3.941e-14  -1.625e-09
     -0.5886   2.648e-05   2.648e-05   3.941e-14  -1.655e-09
     -0.5786   2.915e-05   2.915e-05   3.941e-14  -1.686e-09
     -0.5686   3.234e-05   3.234e-05   3.941e-14  -1.717e-09
     -0.5586   3.624e-05   3.624e-05   3.941e-14  -1.749e-09
     -0.5486   3.984e-05   3.984e-05   3.941e-14  -1.782e-09
     -0.5386   4.383e-05   4.383e-05   3.941e-14  -1.815e-09
     -0.5286   4.784e-05   4.784e-05   3.941e-14  -1.849e-09
     -0.5186   5.197e-05   5.197e-05   3.941e-14  -1.883e-09
     -0.5086   5.607e-05   5.608e-05   3.941e-14  -1.918e-09
     -0.4986   6.045e-05   6.045e-05   3.941e-14  -1.954e-09
     -0.4886   6.512e-05   6.513e-05   3.941e-14   -1.99e-09
     -0.4786   6.997e-05   6.997e-05   3.941e-14  -2.027e-09
     -0.4686   7.514e-05   7.514e-05   3.941e-14  -2.065e-09
     -0.4586   8.068e-05   8.069e-05   3.941e-14  -2.103e-09
     -0.4486   8.639e-05   8.639e-05   3.941e-14  -2.142e-09
     -0.4386   9.182e-05   9.183e-05   3.941e-14  -2.182e-09
     -0.4286   9.775e-05   9.775e-05   3.941e-14  -2.223e-09
     -0.4186   0.0001041   0.0001041   3.941e-14  -2.264e-09
     -0.4086   0.0001106   0.0001106   3.941e-14  -2.306e-09
     -0.3986   0.0001173   0.0001173   3.941e-14  -2.349e-09
     -0.3886   0.0001246   0.0001246   3.941e-14  -2.393e-09
     -0.3786    0.000133    0.000133   3.941e-14  -2.437e-09
     -0.3686   0.0001414   0.0001414   3.941e-14  -2.482e-09
     -0.3586   0.0001501   0.0001501   3.941e-14  -2.529e-09
     -0.3486   0.0001596   0.0001596   3.941e-14  -2.576e-09
     -0.3386   0.0001689   0.0001689   3.941e-14  -2.623e-09
     -0.3286   0.0001786   0.0001786   3.941e-14  -2.672e-09
     -0.3186   0.0001885   0.0001885   3.941e-14  -2.722e-09
     -0.3086   0.0001997   0.0001997   3.941e-14  -2.772e-09
     -0.2986   0.0002176   0.0002176   3.941e-14  -2.824e-09
     -0.2886   0.0002326   0.0002326   3.941e-14  -2.877e-09
     -0.2786   0.0002514   0.0002514   3.941e-14   -2.93e-09
     -0.2686   0.0002775   0.0002775   3.941e-14  -2.984e-09
     -0.2586   0.0003064   0.0003064   3.941e-14   -3.04e-09
     -0.2486   0.0003366   0.0003366   3.941e-14  -3.096e-09
     -0.2386   0.0003674   0.0003674   3.941e-14  -3.154e-09
     -0.2286   0.0004024   0.0004024   3.941e-14  -3.213e-09
     -0.2186   0.0004416   0.0004416   3.941e-14  -3.272e-09
     -0.2086   0.0004823   0.0004823   3.941e-14  -3.333e-09
     -0.1986   0.0005251   0.0005251   3.941e-14  -3.395e-09
     -0.1886   0.0005698   0.0005698   3.941e-14  -3.458e-09
     -0.1786   0.0006134   0.0006134   3.941e-14  -3.523e-09
     -0.1686   0.0006469   0.0006469   3.941e-14  -3.588e-09
     -0.1586     0.00069     0.00069   3.941e-14  -3.655e-09
     -0.1486   0.0007301   0.0007301   3.941e-14  -3.723e-09
     -0.1386   0.0007595   0.0007595   3.941e-14  -3.792e-09
     -0.1286   0.0007883   0.0007883   3.941e-14  -3.862e-09
     -0.1186   0.0008193   0.0008193   3.941e-14  -3.934e-09
     -0.1086   0.0008515   0.0008515   3.941e-14  -4.007e-09
    -0.09856   0.0008827   0.0008827   3.941e-14  -4.082e-09
    -0.08856   0.0009092   0.0009092   3.941e-14  -4.158e-09
    -0.07856    0.000938    0.000938   3.941e-14  -4.235e-09
    -0.06856   0.0009684   0.0009684   3.941e-14  -4.314e-09
    -0.05856    0.001001    0.001001   3.941e-14  -4.394e-09
    -0.04856    0.001038    0.001038   3.941e-14  -4.476e-09
    -0.03856    0.001075    0.001075   3.941e-14  -4.559e-09
    -0.02856    0.001109    0.001109   3.941e-14  -4.644e-09
    -0.01856    0.001144    0.001144   3.941e-14   -4.73e-09
   -0.008557    0.001182    0.001182   3.941e-14  -4.818e-09
    0.001443    0.001223    0.001223   3.941e-14  -4.908e-09
     0.01144    0.001261    0.001261   3.941e-14  -4.999e-09
     0.02144    0.001301    0.001301   3.941e-14  -5.092e-09
     0.03144    0.001339    0.001339   3.941e-14  -5.186e-09
     0.04144    0.001381    0.001381   3.941e-14  -5.283e-09
     0.05144    0.001419    0.001419   3.941e-14  -5.381e-09
     0.06144    0.001469    0.001469   3.941e-14  -5.481e-09
     0.07144    0.001519    0.001519   3.941e-14  -5.583e-09
     0.08144    0.001572    0.001572   3.941e-14  -5.687e-09
     0.09144    0.001623    0.001623   3.941e-14  -5.792e-09
      0.1014    0.001667    0.001667   3.941e-14    -5.9e-09
      0.1114    0.001723    0.001723   3.941e-14   -6.01e-09
      0.1214    0.001779    0.001779   3.941e-14  -6.122e-09
      0.1314    0.001831    0.001831   3.941e-14  -6.235e-09
      0.1414    0.001886    0.001886   3.941e-14  -6.351e-09
      0.1514    0.001944    0.001944   3.941e-14  -6.469e-09
      0.1614    0.001989    0.001989   3.941e-14   -6.59e-09
      0.1714    0.002048    0.002043   3.941e-14   4.993e-06
      0.1814    0.002112    0.002099   3.941e-14   1.315e-05
      0.1914    0.002159    0.002139   3.941e-14   2.068e-05
      0.2014    0.002206    0.002178   3.941e-14   2.799e-05
      0.2114     0.00225    0.002214   3.941e-14   3.555e-05
      0.2214    0.002295    0.002252   3.941e-14   4.336e-05
      0.2314    0.002351    0.002301   3.941e-14   5.031e-05
      0.2414    0.002393    0.002338   3.941e-14   5.561e-05
      0.2514    0.002436    0.002377   3.941e-14   5.933e-05
      0.2614    0.002479    0.002418   3.941e-14   6.128e-05
      0.2714    0.002507    0.002447   3.941e-14   6.034e-05
      0.2814     0.00254     0.00248   3.941e-14    6.03e-05
      0.2914    0.002586    0.002524   3.941e-14   6.188e-05
      0.3014    0.002628    0.002564   3.941e-14   6.408e-05
      0.3114     0.00268    0.002614   3.941e-14   6.645e-05
      0.3214    0.002725    0.002657   3.941e-14   6.866e-05
      0.3314    0.002773    0.002703   3.941e-14   7.031e-05
      0.3414    0.002824    0.002753   3.941e-14   7.094e-05
      0.3514    0.002884    0.002813   3.941e-14   7.056e-05
      0.3614    0.002939    0.002868   3.941e-14   7.029e-05
      0.3714    0.002988    0.002917   3.941e-14   7.085e-05
      0.3814    0.003019    0.002947   3.941e-14   7.208e-05
      0.3914    0.003045    0.002972   3.941e-14   7.357e-05
      0.4014    0.003091    0.003016   3.941e-14   7.519e-05
      0.4114    0.003111    0.003034   3.941e-14   7.741e-05
      0.4214    0.003134    0.003054   3.941e-14   8.039e-05
      0.4314    0.003143    0.003059   3.941e-14   8.396e-05
      0.4414    0.003142    0.003054   3.941e-14   8.799e-05
      0.4514    0.003137    0.003045   3.941e-14   9.239e-05
      0.4614    0.003115    0.003018   3.941e-14   9.712e-05
      0.4714    0.003085    0.002983   3.941e-14   0.0001022
      0.4814    0.003021    0.002914   3.941e-14   0.0001076
      0.4914    0.002965    0.002852   3.941e-14   0.0001133
      0.5014    0.002908    0.002788   3.941e-14   0.0001194
      0.5114    0.002831    0.002705   3.941e-14   0.0001261
      0.5214    0.002741    0.002608   3.941e-14   0.0001336
      0.5314    0.002652     0.00251   3.941e-14   0.0001418
      0.5414    0.002594    0.002443   3.941e-14   0.0001502
      0.5514    0.002526    0.002367   3.941e-14   0.0001586
      0.5614    0.002477     0.00231   3.941e-14   0.0001672
      0.5714    0.002425    0.002248   3.941e-14   0.0001763
      0.5814     0.00242    0.002185   4.911e-05   0.0001861
      0.5914    0.002361    0.002114   4.963e-05   0.0001971
      0.6014    0.002297    0.002037   5.027e-05   0.0002102
      0.6114    0.002258    0.001979   5.108e-05    0.000228
      0.6214    0.002225    0.001913    5.21e-05   0.0002598
      0.6314    0.002258    0.001846   5.338e-05   0.0003584
      0.6414    0.003231    0.001813   5.496e-05    0.001364
      0.6514    0.003313      0.0018   5.689e-05    0.001456
      0.6614    0.003328    0.001781   5.921e-05    0.001488
      0.6714    0.003313    0.001741   6.196e-05     0.00151
      0.6814    0.003293      0.0017   6.519e-05    0.001528
      0.6914    0.003253     0.00164   6.894e-05    0.001544
      0.7014    0.003206    0.001573   7.327e-05    0.001559
      0.7114    0.003167    0.001515    7.82e-05    0.001575
      0.7214    0.003148    0.001474   8.379e-05    0.001589
      0.7314    0.003136    0.001443   9.009e-05    0.001603
      0.7414    0.003124    0.001414   9.713e-05    0.001613
      0.7514    0.003106    0.001389    0.000105    0.001611
      0.7614    0.003011    0.001353   0.0001136    0.001544
      0.7714     0.00201    0.001313   0.0001232   0.0005734
      0.7814    0.001914    0.001262   0.0001336   0.0005183
      0.7914    0.001877    0.001204    0.000145   0.0005273
      0.8014    0.001863    0.001154   0.0001574   0.0005514
      0.8114    0.001862    0.001106   0.0001706   0.0005858
      0.8214    0.001881    0.001064   0.0001847   0.0006323
      0.8314    0.001931    0.001028   0.0001995   0.0007034
      0.8414    0.002056   0.0009936    0.000215   0.0008476
      0.8514    0.002155   0.0009579   0.0002309   0.0009662
      0.8614    0.002259   0.0009208   0.0002473     0.00109
      0.8714    0.002459   0.0008826   0.0002637    0.001313
      0.8814    0.002727   0.0008403   0.0002802    0.001607
      0.8914    0.002988   0.0008116   0.0002963     0.00188
      0.9014    0.003483   0.0007858   0.0003119    0.002385
      0.9114     0.00527   0.0007654   0.0003272    0.004178
      0.9214     0.00667   0.0007439   0.0003421    0.005584
      0.9314    0.007312   0.0007217   0.0003566    0.006234
      0.9414    0.007946   0.0006996   0.0003708    0.006876
      0.9514    0.008625   0.0006788   0.0003845    0.007562
      0.9614    0.009292   0.0006578   0.0003979    0.008236
      0.9714     0.01005   0.0006368   0.0004113    0.009001
      0.9814     0.01121   0.0006168   0.0004245     0.01017
      0.9914     0.01316   0.0005958   0.0004376     0.01213
       1.001     0.01651   0.0005748   0.0004509     0.01548
       1.011     0.01984   0.0005548   0.0004645     0.01882
       1.021     0.02254   0.0005341   0.0004783     0.02152
       1.031     0.02382   0.0005142   0.0004929     0.02281
       1.041     0.02349   0.0004945   0.0005078     0.02249
       1.051     0.02384   0.0004765   0.0005234     0.02284
       1.061      0.0248   0.0004597   0.0005395      0.0238
       1.071     0.02507   0.0004447   0.0005567     0.02407
       1.081     0.02507   0.0004296   0.0005749     0.02407
       1.091     0.02499    0.000416   0.0005943     0.02398
       1.101     0.02474    0.000403   0.0006154     0.02372
       1.111      0.0241     0.00039   0.0006389     0.02307
       1.121     0.02269   0.0003776   0.0006644     0.02165
       1.131     0.01983    0.000365   0.0006924     0.01877
       1.141     0.01699   0.0003519   0.0007224     0.01592
       1.151     0.01498   0.0003386   0.0007548     0.01388
       1.161     0.01462   0.0003253   0.0007872     0.01351
       1.171     0.01785    0.000312   0.0008209     0.01672
       1.181     0.01896   0.0002986   0.0008543     0.01781
       1.191     0.01933   0.0002849   0.0008878     0.01816
       1.201     0.02075   0.0002704   0.0009216     0.01956
       1.211     0.02222   0.0002564   0.0009551     0.02101
       1.221      0.0246    0.000242   0.0009881     0.02337
       1.231     0.02614   0.0002276    0.001022     0.02489
       1.241     0.02725   0.0002132    0.001056     0.02598
       1.251     0.02849   0.0001991    0.001091      0.0272
       1.261     0.02937   0.0001861    0.001126     0.02806
       1.271     0.03021   0.0001739    0.001163     0.02888
       1.281     0.03077   0.0001626    0.001203      0.0294
       1.291     0.03086   0.0001521    0.001246     0.02946
       1.301     0.02774   0.0001425    0.001293      0.0263
       1.311     0.02654   0.0001336    0.001343     0.02507
       1.321      0.0264   0.0001254    0.001397     0.02488
       1.331     0.02614   0.0001179    0.001456     0.02457
       1.341     0.02649   0.0001111     0.00152     0.02486
       1.351     0.02617   0.0001049    0.001586     0.02448
       1.361     0.02683   9.918e-05    0.001656     0.02507
       1.371     0.02764   9.403e-05    0.001726     0.02582
       1.381      0.0282   8.936e-05    0.001796     0.02631
       1.391     0.02911   8.513e-05    0.001865     0.02716
       1.401     0.03011   8.129e-05    0.001934      0.0281
       1.411      0.0312   7.782e-05    0.002001     0.02912
       1.421     0.03234   7.465e-05    0.002063      0.0302
       1.431     0.03347   7.176e-05    0.002121     0.03128
       1.441     0.03459   6.911e-05    0.002176     0.03235
       1.451     0.03564   6.664e-05    0.002226     0.03335
       1.461     0.03655   6.435e-05    0.002268     0.03421
       1.471     0.03712   6.219e-05    0.002305     0.03475
       1.481     0.03765   6.013e-05    0.002336     0.03526
       1.491     0.03822   5.816e-05    0.002361      0.0358
       1.501     0.03923   5.626e-05     0.00238      0.0368
       1.511     0.04053   5.441e-05    0.002395     0.03808
       1.521       0.042   5.259e-05    0.002406     0.03954
       1.531     0.04359    5.08e-05    0.002413     0.04113
       1.541     0.04548   4.904e-05    0.002417     0.04302
       1.551     0.04763   4.729e-05    0.002419     0.04516
       1.561     0.05004   4.557e-05    0.002421     0.04757
       1.571     0.05274   4.386e-05    0.002421     0.05027
       1.581     0.05574   4.219e-05    0.002422     0.05328
       1.591     0.05907   4.053e-05    0.002423     0.05661
       1.601     0.06273   3.891e-05    0.002424     0.06027
       1.611     0.06673   3.731e-05    0.002426     0.06427
       1.621     0.07106   3.574e-05    0.002428      0.0686
       1.631     0.07572   3.421e-05    0.002431     0.07325
       1.641     0.08067   3.271e-05    0.002433      0.0782
       1.651      0.0859   3.124e-05    0.002436     0.08343
       1.661     0.09139   2.982e-05    0.002437     0.08893
       1.671     0.09711   2.842e-05    0.002438     0.09464
       1.681       0.103   2.707e-05    0.002436      0.1006
       1.691      0.1092   2.576e-05    0.002433      0.1067
       1.701      0.1155    2.45e-05    0.002428       0.113
       1.711      0.1219   2.327e-05     0.00242      0.1195
       1.721      0.1286    2.21e-05    0.002409      0.1261
       1.731      0.1354   2.097e-05    0.002395       0.133
       1.741      0.1424   1.989e-05    0.002378        0.14
       1.751      0.1498   1.886e-05    0.002358      0.1474
       1.761      0.1574   1.788e-05    0.002336       0.155
       1.771      0.1654   1.695e-05    0.002311       0.163
       1.781      0.1738   1.607e-05    0.002282      0.1715
       1.791      0.1827   1.524e-05    0.002251      0.1804
       1.801      0.1922   1.446e-05    0.002218        0.19
       1.811      0.2024   1.373e-05    0.002182      0.2002
       1.821      0.2132   1.305e-05    0.002145      0.2111
       1.831      0.2248   1.241e-05    0.002105      0.2227
       1.841      0.2373   1.181e-05    0.002064      0.2352
       1.851      0.2506   1.125e-05    0.002022      0.2486
       1.861      0.2648   1.073e-05    0.001978      0.2629
       1.871        0.28   1.025e-05    0.001932      0.2781
       1.881      0.2961   9.795e-06    0.001886      0.2942
       1.891      0.3132   9.369e-06     0.00184      0.3114
       1.901      0.3313    8.97e-06    0.001792      0.3295
       1.911      0.3503   8.592e-06    0.001744      0.3485
       1.921      0.3702   8.235e-06    0.001695      0.3685
       1.931       0.391   7.895e-06    0.001646      0.3894
       1.941      0.4127   7.571e-06    0.001597      0.4111
       1.951      0.4352    7.26e-06    0.001548      0.4336
       1.961      0.4584   6.961e-06    0.001499      0.4569
       1.971      0.4822   6.672e-06     0.00145      0.4808
       1.981      0.5067   6.393e-06    0.001401      0.5053
       1.991      0.5316   6.122e-06    0.001353      0.5303
       2.001      0.5569    5.86e-06    0.001305      0.5556
       2.011      0.5825   5.605e-06    0.001258      0.5812
       2.021      0.6082   5.358e-06    0.001211      0.6069
       2.031      0.6339   5.119e-06    0.001165      0.6327
       2.041      0.6595   4.888e-06    0.001119      0.6583
       2.051      0.6848   4.665e-06    0.001074      0.6837
       2.061      0.7098   4.452e-06    0.001031      0.7088
       2.071      0.7343   4.247e-06   0.0009877      0.7333
       2.081      0.7582   4.052e-06   0.0009454      0.7573
       2.091      0.7814   3.865e-06   0.0009044      0.7805
       2.101      0.8037   3.687e-06   0.0008644      0.8028
       2.111       0.825   3.518e-06   0.0008257      0.8242
       2.121      0.8452   3.357e-06   0.0007881      0.8444
       2.131      0.8642   3.204e-06   0.0007516      0.8635
       2.141       0.882   3.059e-06   0.0007162      0.8813
       2.151      0.8984   2.921e-06   0.0006819      0.8977
       2.161      0.9134    2.79e-06   0.0006485      0.9128
       2.171      0.9271   2.665e-06   0.0006166      0.9264
       2.181      0.9393   2.546e-06   0.0005857      0.9387
       2.191      0.9501   2.432e-06   0.0005562      0.9495
       2.201      0.9596   2.323e-06   0.0005274       0.959
       2.211      0.9677   2.219e-06   0.0005003      0.9672
       2.221      0.9747   2.119e-06    0.000474      0.9742
       2.231      0.9807   2.024e-06   0.0004487      0.9802
       2.241      0.9857   1.933e-06   0.0004246      0.9853
       2.251      0.9898   1.845e-06   0.0004015      0.9894
       2.261      0.9928   1.762e-06   0.0003794      0.9924
       2.271      0.9939   1.682e-06   0.0003583      0.9936
       2.281      0.9927   1.606e-06   0.0003384      0.9924
       2.291      0.9889   1.534e-06   0.0003193      0.9886
       2.301      0.9827   1.464e-06    0.000301      0.9824
       2.311      0.9739   1.398e-06   0.0002838      0.9736
       2.321      0.9628   1.335e-06   0.0002672      0.9626
       2.331      0.9495   1.275e-06   0.0002515      0.9493
       2.341      0.9341   1.217e-06   0.0002366      0.9338
       2.351      0.9165    1.16e-06   0.0002224      0.9162
       2.361      0.8967   1.106e-06   0.0002092      0.8965
       2.371      0.8748   1.053e-06   0.0001965      0.8746
       2.381       0.851   1.001e-06   0.0001844      0.8508
       2.391      0.8256   9.506e-07   0.0001729      0.8254
       2.401      0.7993   9.006e-07   0.0001623      0.7991
       2.411      0.7729   8.511e-07   0.0001522      0.7728
       2.421      0.7467    8.02e-07   0.0001427      0.7466
       2.431      0.7208    7.53e-07   0.0001336      0.7207
       2.441      0.6953    7.04e-07   0.0001252      0.6951
       2.451        0.67   6.551e-07   0.0001173      0.6699
       2.461       0.645   6.062e-07   0.0001099      0.6449
       2.471      0.6203   5.572e-07   0.0001027      0.6202
       2.481       0.596   5.082e-07   9.615e-05      0.5959
       2.491      0.5719   4.593e-07   8.989e-05      0.5718
       2.501      0.5482   4.103e-07   8.404e-05      0.5481
       2.511      0.5249   3.613e-07   7.852e-05      0.5248
       2.521      0.5019   3.123e-07   7.337e-05      0.5018
       2.531      0.4793   2.633e-07    6.85e-05      0.4792
       2.541       0.457   2.143e-07   6.394e-05       0.457
       2.551      0.4352   1.653e-07   5.969e-05      0.4352
       2.561      0.4139   1.163e-07   5.574e-05      0.4138
       2.571       0.393   6.722e-08   5.198e-05       0.393
       2.581      0.3728   1.818e-08   4.853e-05      0.3727
       2.591      0.3531  -3.087e-08   4.529e-05       0.353
       2.601       0.334  -7.993e-08   4.229e-05      0.3339
       2.611      0.3155   -1.29e-07   3.948e-05      0.3155
       2.621      0.2977  -1.781e-07   3.683e-05      0.2976
       2.631      0.2805  -2.271e-07   3.437e-05      0.2805
       2.641       0.264  -2.762e-07    3.21e-05       0.264
       2.651      0.2483  -3.253e-07   2.993e-05      0.2482
       2.661      0.2333  -3.744e-07   2.793e-05      0.2332
       2.671      0.2191  -4.235e-07   2.608e-05      0.2191
       2.681      0.2056  -4.726e-07   2.432e-05      0.2056
       2.691      0.1929  -5.217e-07   2.271e-05      0.1929
       2.701      0.1809  -5.708e-07   2.119e-05      0.1809
       2.711      0.1695  -6.199e-07   1.977e-05      0.1695
       2.721      0.1588   -6.69e-07   1.845e-05      0.1588
       2.731      0.1487  -7.181e-07   1.723e-05      0.1487
       2.741      0.1392  -7.673e-07   1.607e-05      0.1391
       2.751      0.1302  -8.164e-07   1.501e-05      0.1302
       2.761      0.1217  -8.655e-07   1.401e-05      0.1217
       2.771      0.1138  -9.147e-07   1.307e-05      0.1138
       2.781      0.1063  -9.638e-07    1.22e-05      0.1063
       2.791     0.09934  -1.013e-06   1.138e-05     0.09933
       2.801     0.09276  -1.062e-06   1.062e-05     0.09275
       2.811      0.0866  -1.111e-06    9.91e-06     0.08659
       2.821     0.08082   -1.16e-06   9.244e-06     0.08082
       2.831     0.07541   -1.21e-06   8.632e-06      0.0754
       2.841     0.07035  -1.259e-06   8.058e-06     0.07034
       2.851     0.06561  -1.308e-06   7.517e-06      0.0656
       2.861     0.06117  -1.357e-06   7.015e-06     0.06117
       2.871     0.05702  -1.406e-06   6.546e-06     0.05702
       2.881     0.05315  -1.455e-06   6.109e-06     0.05314
       2.891     0.04952  -1.505e-06   5.698e-06     0.04952
       2.901     0.04614  -1.554e-06   5.317e-06     0.04614
       2.911     0.04298  -1.603e-06   4.963e-06     0.04298
       2.921     0.04004  -1.652e-06   4.631e-06     0.04003
       2.931     0.03728  -1.701e-06   4.324e-06     0.03728
       2.941     0.03472   -1.75e-06   4.034e-06     0.03471
       2.951     0.03232    -1.8e-06   3.765e-06     0.03232
       2.961     0.03009  -1.849e-06   3.512e-06     0.03009
       2.971     0.02801  -1.898e-06   3.278e-06     0.02801
       2.981     0.02607  -1.947e-06    3.06e-06     0.02607
       2.991     0.02427  -1.996e-06   2.856e-06     0.02427
       3.001     0.02258  -2.046e-06   2.667e-06     0.02258
       3.011     0.02102  -2.095e-06   2.489e-06     0.02101
       3.021     0.01955  -2.144e-06   2.323e-06     0.01955
       3.031     0.01819  -2.193e-06   2.168e-06     0.01819
       3.041     0.01693  -2.242e-06   2.022e-06     0.01693
       3.051     0.01574  -2.291e-06   1.888e-06     0.01575
       3.061     0.01465  -2.341e-06   1.762e-06     0.01465
       3.071     0.01362   -2.39e-06   1.644e-06     0.01362
       3.081     0.01267  -2.439e-06   1.534e-06     0.01267
       3.091     0.01178  -2.488e-06   1.432e-06     0.01178
       3.101     0.01095  -2.537e-06   1.336e-06     0.01095
       3.111     0.01018  -2.587e-06   1.247e-06     0.01018
       3.121     0.00946  -2.636e-06   1.163e-06    0.009462
       3.131    0.008792  -2.685e-06   1.085e-06    0.008793
       3.141    0.008169  -2.734e-06   1.013e-06    0.008171
       3.151    0.007589  -2.783e-06   9.455e-07    0.007591
       3.161    0.007049  -2.833e-06    8.82e-07    0.007051
       3.171    0.006547  -2.882e-06   8.219e-07    0.006549
       3.181     0.00608  -2.931e-06   3.941e-14    0.006083
       3.191    0.005646   -2.98e-06   3.941e-14    0.005649
       3.201    0.005242   -3.03e-06   3.941e-14    0.005245
       3.211    0.004868  -3.079e-06   3.941e-14    0.004871
       3.221     0.00452  -3.128e-06   3.941e-14    0.004523
       3.231    0.004197  -3.177e-06   3.941e-14      0.0042
       3.241    0.003897  -3.226e-06   3.941e-14      0.0039
       3.251    0.003619  -3.276e-06   3.941e-14    0.003622
       3.261     0.00336  -3.325e-06   3.941e-14    0.003363
       3.271     0.00312  -3.374e-06   3.941e-14    0.003124
       3.281    0.002898  -3.423e-06   3.941e-14    0.002901
       3.291    0.002692  -3.472e-06   3.941e-14    0.002695
       3.301    0.002501  -3.522e-06   3.941e-14    0.002504
       3.311    0.002324  -3.571e-06   3.941e-14    0.002327
       3.321     0.00216   -3.62e-06   3.941e-14    0.002163
       3.331    0.002008  -3.669e-06   3.941e-14    0.002011
       3.341    0.001866  -3.718e-06   3.941e-14     0.00187
       3.351    0.001735  -3.768e-06   3.941e-14    0.001739
       3.361    0.001615  -3.817e-06   3.941e-14    0.001618
       3.371    0.001502  -3.866e-06   3.941e-14    0.001506
       3.381    0.001399  -3.915e-06   3.941e-14    0.001403
       3.391    0.001303  -3.964e-06   3.941e-14    0.001307
       3.401    0.001214  -4.014e-06   3.941e-14    0.001218
       3.411    0.001131  -4.063e-06   3.941e-14    0.001135
       3.421    0.001055  -4.112e-06   3.941e-14    0.001059
       3.431   0.0009846  -4.161e-06   3.941e-14   0.0009887
       3.441   0.0009193  -4.211e-06   3.941e-14   0.0009235
       3.451   0.0008589   -4.26e-06   3.941e-14   0.0008631
       3.461   0.0008032  -4.309e-06   3.941e-14   0.0008075
       3.471   0.0007515  -4.358e-06   3.941e-14   0.0007559
       3.481   0.0007039  -4.407e-06   3.941e-14   0.0007083
       3.491   0.0006598  -4.457e-06   3.941e-14   0.0006642
       3.501   0.0006191  -4.506e-06   3.941e-14   0.0006237
       3.511   0.0005815  -4.555e-06   3.941e-14   0.0005861
       3.521   0.0005468  -4.604e-06   3.941e-14   0.0005514
       3.531   0.0005148  -4.653e-06   3.941e-14   0.0005195
       3.541   0.0004853  -4.703e-06   3.941e-14     0.00049
       3.551   0.0004581  -4.752e-06   3.941e-14   0.0004628
       3.561    0.000433  -4.801e-06   3.941e-14   0.0004378
       3.571   0.0004099   -4.85e-06   3.941e-14   0.0004147
       3.581   0.0003886    -4.9e-06   3.941e-14   0.0003935
       3.591   0.0003691  -4.949e-06   3.941e-14    0.000374
       3.601   0.0003511  -4.998e-06   3.941e-14   0.0003561
       3.611   0.0003346  -5.047e-06   3.941e-14   0.0003396
       3.621   0.0003194  -5.096e-06   3.941e-14   0.0003245
       3.631   0.0003055  -5.146e-06   3.941e-14   0.0003107
       3.641   0.0002928  -5.195e-06   3.941e-14    0.000298
       3.651   0.0002812  -5.244e-06   3.941e-14   0.0002865
       3.661   0.0002706  -5.293e-06   3.941e-14   0.0002759
       3.671    0.000261  -5.342e-06   3.941e-14   0.0002663
       3.681   0.0002522  -5.392e-06   3.941e-14   0.0002576
       3.691   0.0002442  -5.441e-06   3.941e-14   0.0002496
       3.701    0.000237   -5.49e-06   3.941e-14   0.0002425
       3.711   0.0002305  -5.539e-06   3.941e-14    0.000236
       3.721   0.0002246  -5.588e-06   3.941e-14   0.0002302
       3.731   0.0002194  -5.638e-06   3.941e-14    0.000225
       3.741   0.0002147  -5.687e-06   3.941e-14   0.0002204
       3.751   0.0002106  -5.736e-06   3.941e-14   0.0002164
       3.761    0.000207  -5.785e-06   3.941e-14   0.0002128
       3.771   0.0002039  -5.834e-06   3.941e-14   0.0002097
       3.781   0.0002011  -5.884e-06   3.941e-14    0.000207
       3.791   0.0001989  -5.933e-06   3.941e-14   0.0002048
       3.801   0.0001969  -5.982e-06   3.941e-14   0.0002029
       3.811   0.0001954  -6.031e-06   3.941e-14   0.0002014
       3.821   0.0001942  -6.081e-06   3.941e-14   0.0002002
       3.831   0.0001933   -6.13e-06   3.941e-14   0.0001994
       3.841   0.0001927  -6.179e-06   3.941e-14   0.0001989
       3.851   0.0001924  -6.228e-06   3.941e-14   0.0001986
       3.861   0.0001923  -6.277e-06   3.941e-14   0.0001986
       3.871   0.0001926  -6.327e-06   3.941e-14   0.0001989
       3.881    0.000193  -6.376e-06   3.941e-14   0.0001994
       3.891   0.0001937  -6.425e-06   3.941e-14   0.0002001
       3.901   0.0001946  -6.474e-06   3.941e-14   0.0002011
       3.911   0.0001957  -6.523e-06   3.941e-14   0.0002023
       3.921    0.000197  -6.573e-06   3.941e-14   0.0002036
       3.931   0.0001986  -6.622e-06   3.941e-14   0.0002052
       3.941   0.0002002  -6.671e-06   3.941e-14   0.0002069
       3.951   0.0002021   -6.72e-06   3.941e-14   0.0002088
       3.961   0.0002041  -6.769e-06   3.941e-14   0.0002109
       3.971   0.0002063  -6.819e-06   3.941e-14   0.0002131
       3.981   0.0002086  -6.868e-06   3.941e-14   0.0002155
       3.991   0.0002111  -6.917e-06   3.941e-14   0.0002181
       4.001   0.0002138  -6.966e-06   3.941e-14   0.0002207
       4.011   0.0002166  -7.015e-06   3.941e-14   0.0002236
       4.021   0.0002195  -7.065e-06   3.941e-14   0.0002265
       4.031   0.0002225  -7.114e-06   3.941e-14   0.0002296
       4.041   0.0002257  -7.163e-06   3.941e-14   0.0002329
       4.051    0.000229  -7.212e-06   3.941e-14   0.0002362
       4.061   0.0002325  -7.261e-06   3.941e-14   0.0002397
       4.071    0.000236  -7.311e-06   3.941e-14   0.0002434
       4.081   0.0002397   -7.36e-06   3.941e-14   0.0002471
       4.091   0.0002435  -7.409e-06   3.941e-14    0.000251
       4.101   0.0002475  -7.458e-06   3.941e-14   0.0002549
       4.111   0.0002515  -7.507e-06   3.941e-14    0.000259
       4.121   0.0002557  -7.557e-06   3.941e-14   0.0002632
       4.131     0.00026  -7.606e-06   3.941e-14   0.0002676
       4.141   0.0002644  -7.655e-06   3.941e-14    0.000272
       4.151   0.0002689  -7.704e-06   3.941e-14   0.0002766
       4.161   0.0002735  -7.753e-06   3.941e-14   0.0002813
       4.171   0.0002783  -7.803e-06   3.941e-14   0.0002861
       4.181   0.0002832  -7.852e-06   3.941e-14    0.000291
       4.191   0.0002881  -7.901e-06   3.941e-14    0.000296
       4.201   0.0002933   -7.95e-06   3.941e-14   0.0003012
       4.211   0.0002985  -7.999e-06   3.941e-14   0.0003065
       4.221   0.0003038  -8.049e-06   3.941e-14   0.0003119
       4.231   0.0003093  -8.098e-06   3.941e-14   0.0003174
       4.241   0.0003149  -8.147e-06   3.941e-14    0.000323
       4.251   0.0003206  -8.196e-06   3.941e-14   0.0003288
       4.261   0.0003264  -8.245e-06   3.941e-14   0.0003346
       4.271   0.0003323  -8.295e-06   3.941e-14   0.0003406
       4.281   0.0003384  -8.344e-06   3.941e-14   0.0003468
       4.291   0.0003446  -8.393e-06   3.941e-14    0.000353
       4.301    0.000351  -8.442e-06   3.941e-14   0.0003594
       4.311   0.0003574  -8.491e-06   3.941e-14   0.0003659
       4.321    0.000364  -8.541e-06   3.941e-14   0.0003726
       4.331   0.0003708   -8.59e-06   3.941e-14   0.0003793
       4.341   0.0003776  -8.639e-06   3.941e-14   0.0003863
       4.351   0.0003846  -8.688e-06   3.941e-14   0.0003933
       4.361   0.0003918  -8.737e-06   3.941e-14   0.0004005
       4.371   0.0003991  -8.787e-06   3.941e-14   0.0004078
       4.381   0.0004065  -8.836e-06   3.941e-14   0.0004153
       4.391   0.0004141  -8.885e-06   3.941e-14   0.0004229
       4.401   0.0004218  -8.934e-06   3.941e-14   0.0004307
       4.411   0.0004297  -8.983e-06   3.941e-14   0.0004386
       4.421   0.0004377  -9.033e-06   3.941e-14   0.0004467
       4.431   0.0004459  -9.082e-06   3.941e-14   0.0004549
       4.441   0.0004542  -9.131e-06   3.941e-14   0.0004633
       4.451   0.0004627   -9.18e-06   3.941e-14   0.0004719
       4.461   0.0004714  -9.229e-06   3.941e-14   0.0004806
       4.471   0.0004802  -9.279e-06   3.941e-14   0.0004895
       4.481   0.0004892  -9.328e-06   3.941e-14   0.0004985
       4.491   0.0004984  -9.377e-06   3.941e-14   0.0005077
       4.501   0.0005077  -9.426e-06   3.941e-14   0.0005171
       4.511   0.0005172  -9.475e-06   3.941e-14   0.0005267
       4.521   0.0005269  -9.525e-06   3.941e-14   0.0005364
       4.531   0.0005368  -9.574e-06   3.941e-14   0.0005464
       4.541   0.0005469  -9.623e-06   3.941e-14   0.0005565
       4.551   0.0005571  -9.672e-06   3.941e-14   0.0005668
       4.561   0.0005676  -9.721e-06   3.941e-14   0.0005773
       4.571   0.0005783  -9.771e-06   3.941e-14    0.000588
       4.581   0.0005891   -9.82e-06   3.941e-14   0.0005989
       4.591   0.0006002  -9.869e-06   3.941e-14     0.00061
       4.601   0.0006114  -9.918e-06   3.941e-14   0.0006214
       4.611   0.0006229  -9.967e-06   3.941e-14   0.0006329
       4.621   0.0006346  -1.002e-05   3.941e-14   0.0006446
       4.631   0.0006465  -1.007e-05   3.941e-14   0.0006566
       4.641   0.0006587  -1.012e-05   3.941e-14   0.0006688
       4.651    0.000671  -1.016e-05   3.941e-14   0.0006812
       4.661   0.0006836  -1.021e-05   3.941e-14   0.0006939
       4.671   0.0006965  -1.026e-05   3.941e-14   0.0007067
       4.681   0.0007096  -1.031e-05   3.941e-14   0.0007199
       4.691   0.0007229  -1.036e-05   3.941e-14   0.0007332
       4.701   0.0007364  -1.041e-05   3.941e-14   0.0007469
       4.711   0.0007503  -1.046e-05   3.941e-14   0.0007607
       4.721   0.0007644  -1.051e-05   3.941e-14   0.0007749
       4.731   0.0007787  -1.056e-05   3.941e-14   0.0007893
       4.741   0.0007933  -1.061e-05   3.941e-14   0.0008039
       4.751   0.0008082  -1.066e-05   3.941e-14   0.0008189
       4.761   0.0008234  -1.071e-05   3.941e-14   0.0008341
       4.771   0.0008388  -1.075e-05   3.941e-14   0.0008496
       4.781   0.0008546   -1.08e-05   3.941e-14   0.0008654
       4.791   0.0008706  -1.085e-05   3.941e-14   0.0008814
       4.801   0.0008869   -1.09e-05   3.941e-14   0.0008978
       4.811   0.0009036  -1.095e-05   3.941e-14   0.0009145
       4.821   0.0009205    -1.1e-05   3.941e-14   0.0009315
       4.831   0.0009378  -1.105e-05   3.941e-14   0.0009488
       4.841   0.0009554   -1.11e-05   3.941e-14   0.0009665
       4.851   0.0009733  -1.115e-05   3.941e-14   0.0009844
       4.861   0.0009915   -1.12e-05   3.941e-14    0.001003
       4.871     0.00101  -1.125e-05   3.941e-14    0.001021
       4.881    0.001029   -1.13e-05   3.941e-14     0.00104
       4.891    0.001048  -1.134e-05   3.941e-14     0.00106
       4.901    0.001068  -1.139e-05   3.941e-14    0.001079
       4.911    0.001088  -1.144e-05   3.941e-14    0.001099
       4.921    0.001108  -1.149e-05   3.941e-14     0.00112
       4.931    0.001129  -1.154e-05   3.941e-14    0.001141
       4.941     0.00115  -1.159e-05   3.941e-14    0.001162
       4.951    0.001172  -1.164e-05   3.941e-14    0.001183
       4.961    0.001194  -1.169e-05   3.941e-14    0.001205
       4.971    0.001216  -1.174e-05   3.941e-14    0.001228
       4.981    0.001239  -1.179e-05   3.941e-14    0.001251
       4.991    0.001262  -1.184e-05   3.941e-14    0.001274
       5.001    0.001286  -1.189e-05   3.941e-14    0.001298
       5.011     0.00131  -1.194e-05   3.941e-14    0.001322
       5.021    0.001334  -1.198e-05   3.941e-14    0.001346
       5.031    0.001359  -1.203e-05   3.941e-14    0.001371
       5.041    0.001385  -1.208e-05   3.941e-14    0.001397
       5.051    0.001411  -1.213e-05   3.941e-14    0.001423
       5.061    0.001437  -1.218e-05   3.941e-14    0.001449
       5.071    0.001464  -1.223e-05   3.941e-14    0.001476
       5.081    0.001491  -1.228e-05   3.941e-14    0.001504
       5.091    0.001519  -1.233e-05   3.941e-14    0.001532
       5.101    0.001548  -1.238e-05   3.941e-14     0.00156
       5.111    0.001577  -1.243e-05   3.941e-14    0.001589
       5.121    0.001606  -1.248e-05   3.941e-14    0.001619
       5.131    0.001636  -1.253e-05   3.941e-14    0.001649
       5.141    0.001667  -1.257e-05   3.941e-14    0.001679
       5.151    0.001698  -1.262e-05   3.941e-14    0.001711
       5.161     0.00173  -1.267e-05   3.941e-14    0.001742
       5.171    0.001762  -1.272e-05   3.941e-14    0.001775
       5.181    0.001795  -1.277e-05   3.941e-14    0.001808
       5.191    0.001829  -1.282e-05   3.941e-14    0.001841
       5.201    0.001863  -1.287e-05   3.941e-14    0.001876
       5.211    0.001898  -1.292e-05   3.941e-14    0.001911
       5.221    0.001933  -1.297e-05   3.941e-14    0.001946
       5.231    0.001969  -1.302e-05   3.941e-14    0.001982
       5.241    0.002006  -1.307e-05   3.941e-14    0.002019
       5.251    0.002044  -1.312e-05   3.941e-14    0.002057
       5.261    0.002082  -1.317e-05   3.941e-14    0.002095
       5.271    0.002121  -1.321e-05   3.941e-14    0.002134
       5.281     0.00216  -1.326e-05   3.941e-14    0.002173
       5.291    0.002201  -1.331e-05   3.941e-14    0.002214
       5.301    0.002242  -1.336e-05   3.941e-14    0.002255
       5.311    0.002284  -1.341e-05   3.941e-14    0.002297
       5.321    0.002326  -1.346e-05   3.941e-14     0.00234
       5.331     0.00237  -1.351e-05   3.941e-14    0.002383
       5.341    0.002414  -1.356e-05   3.941e-14    0.002427
       5.351    0.002459  -1.361e-05   3.941e-14    0.002473
       5.361    0.002505  -1.366e-05   3.941e-14    0.002519
       5.371    0.002552  -1.371e-05   3.941e-14    0.002565
       5.381    0.002599  -1.376e-05   3.941e-14    0.002613
       5.391    0.002648   -1.38e-05   3.941e-14    0.002662
       5.401    0.002697  -1.385e-05   3.941e-14    0.002711
       5.411    0.002748   -1.39e-05   3.941e-14    0.002762
       5.421    0.002799  -1.395e-05   3.941e-14    0.002813
       5.431    0.002851    -1.4e-05   3.941e-14    0.002865
       5.441    0.002904  -1.405e-05   3.941e-14    0.002918
       5.451    0.002959   -1.41e-05   3.941e-14    0.002973
       5.461    0.003014  -1.415e-05   3.941e-14    0.003028
       5.471     0.00307   -1.42e-05   3.941e-14    0.003084
       5.481    0.003127  -1.425e-05   3.941e-14    0.003142
       5.491    0.003186   -1.43e-05   3.941e-14      0.0032
       5.501    0.003245  -1.435e-05   3.941e-14     0.00326
       5.511    0.003306  -1.439e-05   3.941e-14     0.00332
       5.521    0.003367  -1.444e-05   3.941e-14    0.003382
       5.531     0.00343  -1.449e-05   3.941e-14    0.003445
       5.541    0.003494  -1.454e-05   3.941e-14    0.003509
       5.551    0.003559  -1.459e-05   3.941e-14    0.003574
       5.561    0.003626  -1.464e-05   3.941e-14     0.00364
       5.571    0.003693  -1.469e-05   3.941e-14    0.003708
       5.581    0.003762  -1.474e-05   3.941e-14    0.003777
       5.591    0.003833  -1.479e-05   3.941e-14    0.003847
       5.601    0.003904  -1.484e-05   3.941e-14    0.003919
       5.611    0.003977  -1.489e-05   3.941e-14    0.003992
       5.621    0.004051  -1.494e-05   3.941e-14    0.004066
       5.631    0.004127  -1.499e-05   3.941e-14    0.004142
       5.641    0.004203  -1.503e-05   3.941e-14    0.004218
       5.651    0.004282  -1.508e-05   3.941e-14    0.004297
       5.661    0.004362  -1.513e-05   3.941e-14    0.004377
       5.671    0.004443  -1.518e-05   3.941e-14    0.004458
       5.681    0.004526  -1.523e-05   3.941e-14    0.004541
       5.691     0.00461  -1.528e-05   3.941e-14    0.004625
       5.701    0.004696  -1.533e-05   3.941e-14    0.004711
       5.711    0.004784  -1.538e-05   3.941e-14    0.004799
       5.721    0.004873  -1.543e-05   3.941e-14    0.004888
       5.731    0.004964  -1.548e-05   3.941e-14    0.004979
       5.741    0.005056  -1.553e-05   3.941e-14    0.005072
       5.751     0.00515  -1.558e-05   3.941e-14    0.005166
       5.761    0.005246  -1.562e-05   3.941e-14    0.005262
       5.771    0.005344  -1.567e-05   3.941e-14     0.00536
