#      _xxWS        ftot       firac        fagn        fsfr
#
     -0.7249     0.01796   0.0001604   4.323e-13      0.0178
     -0.7149     0.01429   0.0001874   4.323e-13      0.0141
     -0.7049     0.01063   0.0002225   4.323e-13     0.01041
     -0.6949    0.006978    0.000264   4.323e-13    0.006714
     -0.6849    0.003336   0.0003146   4.323e-13    0.003021
     -0.6749   0.0003742   0.0003742   4.323e-13   1.606e-09
     -0.6649    0.000429    0.000429   4.323e-13   1.636e-09
     -0.6549   0.0004904   0.0004904   4.323e-13   1.666e-09
     -0.6449   0.0005356   0.0005356   4.323e-13   1.697e-09
     -0.6349   0.0005944   0.0005944   4.323e-13   1.729e-09
     -0.6249   0.0006515   0.0006515   4.323e-13   1.761e-09
     -0.6149   0.0007156   0.0007156   4.323e-13   1.794e-09
     -0.6049   0.0007698   0.0007698   4.323e-13   1.827e-09
     -0.5949   0.0008563   0.0008563   4.323e-13   1.861e-09
     -0.5849   0.0009446   0.0009446   4.323e-13   1.896e-09
     -0.5749    0.001031    0.001031   4.323e-13   1.931e-09
     -0.5649    0.001118    0.001118   4.323e-13   1.967e-09
     -0.5549    0.001199    0.001199   4.323e-13   2.004e-09
     -0.5449    0.001276    0.001276   4.323e-13   2.041e-09
     -0.5349    0.001356    0.001356   4.323e-13   2.079e-09
     -0.5249    0.001441    0.001441   4.323e-13   2.117e-09
     -0.5149    0.001545    0.001545   4.323e-13   2.157e-09
     -0.5049    0.001638    0.001638   4.323e-13   2.197e-09
     -0.4949    0.001745    0.001745   4.323e-13   2.238e-09
     -0.4849    0.001873    0.001873   4.323e-13   2.279e-09
     -0.4749    0.002033    0.002033   4.323e-13   2.322e-09
     -0.4649    0.002167    0.002167   4.323e-13   2.365e-09
     -0.4549    0.002313    0.002313   4.323e-13   2.409e-09
     -0.4449     0.00245     0.00245   4.323e-13   2.454e-09
     -0.4349    0.002586    0.002586   4.323e-13   2.499e-09
     -0.4249    0.002712    0.002712   4.323e-13   2.546e-09
     -0.4149    0.002843    0.002843   4.323e-13   2.593e-09
     -0.4049    0.002981    0.002981   4.323e-13   2.641e-09
     -0.3949     0.00312     0.00312   4.323e-13    2.69e-09
     -0.3849    0.003265    0.003265   4.323e-13    2.74e-09
     -0.3749    0.003418    0.003418   4.323e-13   2.791e-09
     -0.3649     0.00357     0.00357   4.323e-13   2.843e-09
     -0.3549    0.003704    0.003704   4.323e-13   2.896e-09
     -0.3449    0.003851    0.003851   4.323e-13    2.95e-09
     -0.3349    0.004008    0.004008   4.323e-13   3.005e-09
     -0.3249    0.004162    0.004162   4.323e-13   3.061e-09
     -0.3149    0.004321    0.004321   4.323e-13   3.117e-09
     -0.3049    0.004492    0.004492   4.323e-13   3.175e-09
     -0.2949    0.004692    0.004692   4.323e-13   3.234e-09
     -0.2849    0.004887    0.004887   4.323e-13   3.295e-09
     -0.2749    0.005086    0.005086   4.323e-13   3.356e-09
     -0.2649    0.005302    0.005302   4.323e-13   3.418e-09
     -0.2549    0.005505    0.005505   4.323e-13   3.482e-09
     -0.2449    0.005715    0.005715   4.323e-13   3.546e-09
     -0.2349     0.00592     0.00592   4.323e-13   3.612e-09
     -0.2249     0.00616     0.00616   4.323e-13    3.68e-09
     -0.2149    0.006597    0.006597   4.323e-13   3.748e-09
     -0.2049    0.006933    0.006933   4.323e-13   3.818e-09
     -0.1949    0.007368    0.007368   4.323e-13   3.889e-09
     -0.1849    0.008003    0.008003   4.323e-13   3.961e-09
     -0.1749    0.008696    0.008696   4.323e-13   4.035e-09
     -0.1649    0.009404    0.009404   4.323e-13    4.11e-09
     -0.1549     0.01011     0.01011   4.323e-13   4.186e-09
     -0.1449     0.01091     0.01091   4.323e-13   4.264e-09
     -0.1349      0.0118      0.0118   4.323e-13   4.343e-09
     -0.1249     0.01271     0.01271   4.323e-13   4.424e-09
     -0.1149     0.01364     0.01364   4.323e-13   4.506e-09
     -0.1049      0.0146      0.0146   4.323e-13    4.59e-09
    -0.09492     0.01551     0.01551   4.323e-13   4.675e-09
    -0.08492     0.01615     0.01615   4.323e-13   4.762e-09
    -0.07492     0.01701     0.01701   4.323e-13   4.851e-09
    -0.06492     0.01778     0.01778   4.323e-13   4.941e-09
    -0.05492     0.01827     0.01827   4.323e-13   5.033e-09
    -0.04492     0.01874     0.01874   4.323e-13   5.126e-09
    -0.03492     0.01925     0.01925   4.323e-13   5.222e-09
    -0.02492     0.01978     0.01978   4.323e-13   5.319e-09
    -0.01492     0.02028     0.02028   4.323e-13   5.418e-09
   -0.004923     0.02067     0.02067   4.323e-13   5.518e-09
    0.005077      0.0211      0.0211   4.323e-13   5.621e-09
     0.01508     0.02156     0.02156   4.323e-13   5.725e-09
     0.02508     0.02206     0.02206   4.323e-13   5.832e-09
     0.03508     0.02265     0.02265   4.323e-13    5.94e-09
     0.04508     0.02323     0.02323   4.323e-13   6.051e-09
     0.05508     0.02375     0.02375   4.323e-13   6.163e-09
     0.06508     0.02427     0.02427   4.323e-13   6.278e-09
     0.07508     0.02486     0.02486   4.323e-13   6.394e-09
     0.08508     0.02549     0.02549   4.323e-13   6.513e-09
     0.09508     0.02606     0.02606   4.323e-13   6.634e-09
      0.1051     0.02665     0.02665   4.323e-13   6.758e-09
      0.1151     0.02723     0.02723   4.323e-13   6.883e-09
      0.1251     0.02786     0.02786   4.323e-13   7.011e-09
      0.1351      0.0284      0.0284   4.323e-13   7.142e-09
      0.1451     0.02917     0.02917   4.323e-13   7.274e-09
      0.1551     0.02993     0.02993   4.323e-13    7.41e-09
      0.1651     0.03076     0.03076   4.323e-13   7.547e-09
      0.1751     0.03153     0.03153   4.323e-13   7.688e-09
      0.1851     0.03216     0.03216   4.323e-13   7.831e-09
      0.1951     0.03302     0.03302   4.323e-13   7.976e-09
      0.2051     0.03386     0.03386   4.323e-13   8.125e-09
      0.2151     0.03462     0.03462   4.323e-13   8.276e-09
      0.2251     0.03543     0.03543   4.323e-13   8.429e-09
      0.2351      0.0363      0.0363   4.323e-13   8.586e-09
      0.2451     0.03693     0.03693   4.323e-13   8.746e-09
      0.2551      0.0377     0.03769   4.323e-13    2.81e-06
      0.2651     0.03851      0.0385   4.323e-13   7.368e-06
      0.2751     0.03902     0.03901   4.323e-13   1.157e-05
      0.2851     0.03953     0.03952   4.323e-13   1.565e-05
      0.2951     0.03997     0.03995   4.323e-13   1.988e-05
      0.3051     0.04044     0.04041   4.323e-13   2.424e-05
      0.3151     0.04111     0.04108   4.323e-13   2.812e-05
      0.3251     0.04157     0.04153   4.323e-13   3.109e-05
      0.3351     0.04205     0.04202   4.323e-13   3.317e-05
      0.3451     0.04257     0.04253   4.323e-13   3.426e-05
      0.3551     0.04288     0.04284   4.323e-13   3.373e-05
      0.3651     0.04326     0.04323   4.323e-13   3.371e-05
      0.3751     0.04384     0.04381   4.323e-13   3.459e-05
      0.3851     0.04433      0.0443   4.323e-13   3.582e-05
      0.3951       0.045     0.04496   4.323e-13   3.715e-05
      0.4051     0.04555     0.04551   4.323e-13   3.838e-05
      0.4151     0.04615     0.04611   4.323e-13    3.93e-05
      0.4251     0.04683     0.04679   4.323e-13   3.966e-05
      0.4351     0.04765     0.04761   4.323e-13   3.945e-05
      0.4451      0.0484     0.04836   4.323e-13    3.93e-05
      0.4551     0.04904       0.049   4.323e-13   3.961e-05
      0.4651     0.04936     0.04932   4.323e-13    4.03e-05
      0.4751      0.0496     0.04956   4.323e-13   4.113e-05
      0.4851     0.05016     0.05012   4.323e-13   4.204e-05
      0.4951     0.05029     0.05025   4.323e-13   4.328e-05
      0.5051     0.05045     0.05041   4.323e-13   4.494e-05
      0.5151     0.05037     0.05032   4.323e-13   4.694e-05
      0.5251     0.05014     0.05009   4.323e-13   4.919e-05
      0.5351     0.04984     0.04979   4.323e-13   5.165e-05
      0.5451     0.04924     0.04919   4.323e-13   5.429e-05
      0.5551     0.04853     0.04848   4.323e-13   5.712e-05
      0.5651     0.04728     0.04722   4.323e-13   6.012e-05
      0.5751     0.04614     0.04608   4.323e-13   6.333e-05
      0.5851       0.045     0.04493   4.323e-13   6.676e-05
      0.5951     0.04355     0.04348   4.323e-13   7.051e-05
      0.6051     0.04187     0.04179   4.323e-13   7.468e-05
      0.6151     0.04021     0.04013   4.323e-13   7.927e-05
      0.6251     0.03905     0.03896   4.323e-13   8.397e-05
      0.6351     0.03774     0.03765   4.323e-13   8.867e-05
      0.6451     0.03675     0.03666   4.323e-13   9.349e-05
      0.6551     0.03569     0.03559   4.323e-13   9.855e-05
      0.6651     0.03515     0.03451   0.0005387    0.000104
      0.6751     0.03397     0.03331   0.0005443   0.0001102
      0.6851      0.0327     0.03203   0.0005514   0.0001175
      0.6951     0.03174     0.03105   0.0005602   0.0001274
      0.7051     0.03067     0.02995   0.0005714   0.0001452
      0.7151     0.02963     0.02885   0.0005855   0.0002003
      0.7251     0.02963     0.02827   0.0006028    0.000762
      0.7351     0.02946     0.02802   0.0006239   0.0008136
      0.7451     0.02915     0.02766   0.0006493   0.0008315
      0.7551     0.02852       0.027   0.0006795   0.0008436
      0.7651     0.02789     0.02632    0.000715   0.0008536
      0.7751     0.02695     0.02533   0.0007561   0.0008627
      0.7851     0.02594     0.02426   0.0008036   0.0008714
      0.7951     0.02506     0.02332   0.0008577   0.0008798
      0.8051     0.02447     0.02266    0.000919   0.0008881
      0.8151     0.02402     0.02214    0.000988   0.0008957
      0.8251     0.02362     0.02166    0.001065   0.0009014
      0.8351     0.02331     0.02125    0.001151   0.0009003
      0.8451     0.02278     0.02067    0.001246    0.000863
      0.8551      0.0217     0.02003    0.001351   0.0003205
      0.8651     0.02098     0.01922    0.001466   0.0002898
      0.8751      0.0202     0.01831    0.001591   0.0002948
      0.8851     0.01956     0.01752    0.001726   0.0003083
      0.8951     0.01897     0.01677    0.001871   0.0003275
      0.9051      0.0185     0.01612    0.002025   0.0003535
      0.9151     0.01813     0.01555    0.002188   0.0003933
      0.9251     0.01784     0.01501    0.002358   0.0004739
      0.9351     0.01752     0.01445    0.002533   0.0005402
      0.9451      0.0172     0.01388    0.002712   0.0006096
      0.9551     0.01691     0.01328    0.002893   0.0007341
      0.9651      0.0166     0.01263    0.003073   0.0008982
      0.9751     0.01649     0.01219     0.00325    0.001051
      0.9851     0.01654     0.01179     0.00342    0.001333
      0.9951     0.01739     0.01147    0.003588    0.002335
       1.005     0.01801     0.01113    0.003752    0.003121
       1.015     0.01819     0.01079    0.003911    0.003484
       1.025     0.01836     0.01045    0.004066    0.003843
       1.035     0.01857     0.01013    0.004217    0.004226
       1.045     0.01877    0.009807    0.004364    0.004603
       1.055     0.01903    0.009485    0.004511    0.005031
       1.065     0.01952    0.009179    0.004655    0.005686
       1.075     0.02044    0.008859      0.0048    0.006777
       1.085     0.02214    0.008539    0.004945    0.008652
       1.095     0.02385    0.008235    0.005095     0.01052
       1.105      0.0252     0.00792    0.005246     0.01203
       1.115     0.02577    0.007619    0.005406     0.01275
       1.125     0.02546    0.007321    0.005569     0.01257
       1.135     0.02556     0.00705     0.00574     0.01277
       1.145     0.02602    0.006796    0.005917      0.0133
       1.155     0.02613     0.00657    0.006106     0.01345
       1.165      0.0261    0.006341    0.006305     0.01345
       1.175     0.02606    0.006136    0.006518     0.01341
       1.185     0.02595    0.005941    0.006749     0.01326
       1.195     0.02565    0.005745    0.007007      0.0129
       1.205     0.02495    0.005559    0.007287     0.01211
       1.215     0.02346     0.00537    0.007594      0.0105
       1.225       0.022    0.005174    0.007923    0.008904
       1.235     0.02102    0.004975    0.008278    0.007767
       1.245     0.02097    0.004776    0.008634    0.007556
       1.255     0.02294    0.004579    0.009003    0.009354
       1.265     0.02372    0.004379     0.00937    0.009966
       1.275     0.02408    0.004176    0.009738     0.01016
       1.285     0.02501    0.003962     0.01011     0.01094
       1.295     0.02599    0.003755     0.01047     0.01176
       1.305     0.02746    0.003542     0.01084     0.01308
       1.315     0.02846    0.003329     0.01121     0.01393
       1.325     0.02924    0.003116     0.01158     0.01454
       1.335      0.0301     0.00291     0.01196     0.01523
       1.345     0.03078    0.002717     0.01235     0.01571
       1.355     0.03147    0.002538     0.01276     0.01617
       1.365     0.03203    0.002372     0.01319     0.01647
       1.375     0.03239    0.002219     0.01367      0.0165
       1.385       0.031    0.002077     0.01418     0.01474
       1.395     0.03073    0.001947     0.01473     0.01405
       1.405      0.0311    0.001827     0.01533     0.01395
       1.415     0.03148    0.001717     0.01597     0.01378
       1.425     0.03224    0.001617     0.01667     0.01396
       1.435     0.03267    0.001526      0.0174     0.01375
       1.445      0.0337    0.001442     0.01816     0.01409
       1.455     0.03481    0.001367     0.01893     0.01452
       1.465      0.0358    0.001299      0.0197     0.01481
       1.475     0.03699    0.001237     0.02046     0.01529
       1.485     0.03822    0.001181     0.02122     0.01582
       1.495     0.03949     0.00113     0.02195     0.01641
       1.505     0.04074    0.001083     0.02263     0.01702
       1.515     0.04195    0.001041     0.02327     0.01764
       1.525     0.04312    0.001002     0.02387     0.01825
       1.535     0.04419   0.0009662     0.02441     0.01882
       1.545     0.04513   0.0009327     0.02488     0.01932
       1.555     0.04581   0.0009011     0.02528     0.01963
       1.565     0.04642    0.000871     0.02562     0.01992
       1.575     0.04697   0.0008423     0.02589     0.02024
       1.585     0.04773   0.0008145      0.0261     0.02081
       1.595      0.0486   0.0007874     0.02627     0.02155
       1.605     0.04954    0.000761     0.02639     0.02239
       1.615      0.0505   0.0007349     0.02646      0.0233
       1.625      0.0516   0.0007092     0.02651     0.02439
       1.635     0.05284   0.0006838     0.02653     0.02562
       1.645     0.05423   0.0006587     0.02655     0.02702
       1.655     0.05577   0.0006339     0.02655     0.02859
       1.665     0.05751   0.0006095     0.02656     0.03034
       1.675     0.05945   0.0005855     0.02657     0.03229
       1.685      0.0616   0.0005619     0.02659     0.03446
       1.695     0.06398   0.0005387     0.02661     0.03684
       1.705     0.06659    0.000516     0.02663     0.03945
       1.715     0.06942   0.0004938     0.02666     0.04227
       1.725     0.07247    0.000472     0.02669     0.04532
       1.735     0.07573   0.0004508     0.02671     0.04857
       1.745     0.07918   0.0004301     0.02673     0.05202
       1.755     0.08281   0.0004099     0.02673     0.05567
       1.765      0.0866   0.0003904     0.02672     0.05949
       1.775     0.09054   0.0003714     0.02669     0.06348
       1.785     0.09462   0.0003531     0.02663     0.06764
       1.795     0.09883   0.0003354     0.02654     0.07195
       1.805      0.1032   0.0003184     0.02642     0.07643
       1.815      0.1076   0.0003021     0.02627     0.08106
       1.825      0.1122   0.0002865     0.02608     0.08586
       1.835       0.117   0.0002716     0.02587     0.09085
       1.845      0.1219   0.0002575     0.02562     0.09605
       1.855      0.1271    0.000244     0.02534      0.1015
       1.865      0.1324   0.0002313     0.02503      0.1072
       1.875      0.1381   0.0002194     0.02469      0.1132
       1.885       0.144   0.0002081     0.02432      0.1195
       1.895      0.1503   0.0001976     0.02394      0.1262
       1.905      0.1569   0.0001877     0.02352      0.1332
       1.915       0.164   0.0001785     0.02309      0.1407
       1.925      0.1714   0.0001699     0.02264      0.1486
       1.935      0.1793   0.0001618     0.02217       0.157
       1.945      0.1877   0.0001544     0.02169      0.1658
       1.955      0.1965   0.0001474     0.02119      0.1752
       1.965      0.2058   0.0001408     0.02069       0.185
       1.975      0.2155   0.0001347     0.02017      0.1952
       1.985      0.2257   0.0001289     0.01965       0.206
       1.995      0.2364   0.0001235     0.01913      0.2171
       2.005      0.2474   0.0001183     0.01859      0.2287
       2.015      0.2589   0.0001135     0.01806      0.2407
       2.025      0.2707   0.0001088     0.01752      0.2531
       2.035      0.2828   0.0001043     0.01698      0.2658
       2.045      0.2952   9.999e-05     0.01644      0.2787
       2.055      0.3079   9.584e-05     0.01591      0.2919
       2.065      0.3207   9.182e-05     0.01537      0.3052
       2.075      0.3336   8.793e-05     0.01484      0.3186
       2.085      0.3465   8.415e-05     0.01432      0.3321
       2.095      0.3595   8.048e-05     0.01379      0.3456
       2.105      0.3723   7.693e-05     0.01328      0.3589
       2.115       0.385   7.349e-05     0.01277      0.3721
       2.125      0.3974   7.017e-05     0.01228      0.3851
       2.135      0.4096   6.697e-05     0.01178      0.3978
       2.145      0.4214    6.39e-05      0.0113      0.4101
       2.155      0.4328   6.096e-05     0.01083      0.4219
       2.165      0.4437   5.814e-05     0.01037      0.4333
       2.175      0.4541   5.546e-05    0.009919      0.4441
       2.185      0.4638   5.291e-05     0.00948      0.4543
       2.195      0.4729   5.047e-05    0.009056      0.4638
       2.205      0.4813   4.816e-05    0.008643      0.4727
       2.215       0.489   4.597e-05    0.008244      0.4807
       2.225      0.4958   4.389e-05    0.007855      0.4879
       2.235      0.5019    4.19e-05    0.007479      0.4944
       2.245      0.5072   4.002e-05    0.007112         0.5
       2.255      0.5116   3.822e-05    0.006763      0.5048
       2.265      0.5152   3.651e-05    0.006424      0.5088
       2.275      0.5181   3.487e-05      0.0061       0.512
       2.285      0.5202   3.331e-05    0.005784      0.5144
       2.295      0.5216   3.182e-05    0.005488      0.5161
       2.305      0.5224   3.039e-05    0.005199      0.5172
       2.315      0.5227   2.902e-05    0.004921      0.5177
       2.325      0.5225   2.771e-05    0.004657      0.5178
       2.335      0.5218   2.646e-05    0.004404      0.5174
       2.345      0.5205   2.526e-05    0.004161      0.5163
       2.355      0.5184   2.411e-05     0.00393      0.5144
       2.365      0.5151   2.302e-05    0.003711      0.5114
       2.375      0.5106   2.198e-05    0.003502      0.5071
       2.385       0.505   2.099e-05    0.003301      0.5016
       2.395      0.4981   2.004e-05    0.003112       0.495
       2.405      0.4902   1.914e-05     0.00293      0.4873
       2.415      0.4813   1.827e-05    0.002759      0.4786
       2.425      0.4715   1.743e-05    0.002594      0.4689
       2.435      0.4606   1.663e-05    0.002439      0.4582
       2.445      0.4489   1.585e-05    0.002294      0.4466
       2.455      0.4362   1.509e-05    0.002155       0.434
       2.465      0.4226   1.435e-05    0.002023      0.4206
       2.475      0.4084   1.362e-05    0.001897      0.4065
       2.485       0.394    1.29e-05     0.00178      0.3922
       2.495      0.3796   1.219e-05    0.001669      0.3779
       2.505      0.3654   1.149e-05    0.001565      0.3638
       2.515      0.3515   1.079e-05    0.001465        0.35
       2.525      0.3378   1.009e-05    0.001373      0.3364
       2.535      0.3244   9.384e-06    0.001286      0.3231
       2.545      0.3113   8.683e-06    0.001205      0.3101
       2.555      0.2984   7.982e-06    0.001127      0.2973
       2.565      0.2858    7.28e-06    0.001055      0.2847
       2.575      0.2734   6.578e-06   0.0009859      0.2724
       2.585      0.2613   5.877e-06   0.0009218      0.2603
       2.595      0.2494   5.175e-06   0.0008612      0.2485
       2.605      0.2378   4.473e-06   0.0008047       0.237
       2.615      0.2264   3.771e-06   0.0007512      0.2257
       2.625      0.2153   3.069e-06   0.0007013      0.2146
       2.635      0.2045   2.367e-06   0.0006546      0.2038
       2.645      0.1939   1.665e-06   0.0006113      0.1933
       2.655      0.1837   9.626e-07   0.0005701      0.1831
       2.665      0.1738   2.603e-07   0.0005323      0.1733
       2.675      0.1642  -4.421e-07   0.0004967      0.1637
       2.685       0.155  -1.145e-06   0.0004638      0.1545
       2.695       0.146  -1.847e-06    0.000433      0.1456
       2.705      0.1375   -2.55e-06   0.0004039      0.1371
       2.715      0.1292  -3.252e-06    0.000377      0.1289
       2.725      0.1214  -3.955e-06    0.000352       0.121
       2.735      0.1139  -4.658e-06   0.0003282      0.1136
       2.745      0.1068   -5.36e-06   0.0003064      0.1065
       2.755      0.1001  -6.063e-06    0.000286     0.09982
       2.765     0.09377  -6.766e-06   0.0002667     0.09351
       2.775      0.0878  -7.469e-06   0.0002491     0.08756
       2.785     0.08218  -8.172e-06   0.0002324     0.08195
       2.795     0.07688  -8.875e-06   0.0002168     0.07667
       2.805     0.07188  -9.578e-06   0.0002024     0.07169
       2.815     0.06719  -1.028e-05    0.000189     0.06701
       2.825     0.06277  -1.098e-05   0.0001763      0.0626
       2.835     0.05863  -1.169e-05   0.0001646     0.05847
       2.845     0.05474  -1.239e-05   0.0001536     0.05459
       2.855     0.05109  -1.309e-05   0.0001433     0.05096
       2.865     0.04767   -1.38e-05   0.0001338     0.04755
       2.875     0.04447   -1.45e-05   0.0001249     0.04436
       2.885     0.04146   -1.52e-05   0.0001165     0.04136
       2.895     0.03865  -1.591e-05   0.0001087     0.03856
       2.905     0.03603  -1.661e-05   0.0001014     0.03594
       2.915     0.03357  -1.731e-05   9.467e-05     0.03349
       2.925     0.03128  -1.802e-05   8.837e-05     0.03121
       2.935     0.02913  -1.872e-05   8.245e-05     0.02907
       2.945     0.02713  -1.942e-05   7.694e-05     0.02707
       2.955     0.02526  -2.013e-05   7.179e-05     0.02521
       2.965     0.02352  -2.083e-05     6.7e-05     0.02347
       2.975     0.02189  -2.153e-05   6.249e-05     0.02185
       2.985     0.02037  -2.224e-05   5.832e-05     0.02034
       2.995     0.01895  -2.294e-05   5.444e-05     0.01892
       3.005     0.01764  -2.365e-05    5.08e-05     0.01761
       3.015     0.01641  -2.435e-05   4.742e-05     0.01638
       3.025     0.01526  -2.505e-05   4.424e-05     0.01524
       3.035     0.01419  -2.576e-05   4.129e-05     0.01418
       3.045      0.0132  -2.646e-05   3.852e-05     0.01319
       3.055     0.01228  -2.716e-05   3.595e-05     0.01227
       3.065     0.01141  -2.787e-05   3.356e-05     0.01141
       3.075     0.01061  -2.857e-05   3.132e-05     0.01061
       3.085    0.009867  -2.927e-05   2.925e-05    0.009867
       3.095    0.009173  -2.998e-05    2.73e-05    0.009176
       3.105    0.008527  -3.068e-05   2.548e-05    0.008532
       3.115    0.007925  -3.139e-05   2.377e-05    0.007933
       3.125    0.007366  -3.209e-05   2.218e-05    0.007376
       3.135    0.006846  -3.279e-05    2.07e-05    0.006858
       3.145    0.006361   -3.35e-05   1.932e-05    0.006375
       3.155     0.00591   -3.42e-05   1.803e-05    0.005926
       3.165     0.00549   -3.49e-05   1.683e-05    0.005508
       3.175      0.0051  -3.561e-05    1.57e-05     0.00512
       3.185    0.004736  -3.631e-05   1.465e-05    0.004758
       3.195    0.004397  -3.702e-05   1.368e-05    0.004421
       3.205    0.004082  -3.772e-05   1.276e-05    0.004107
       3.215    0.003789  -3.842e-05    1.19e-05    0.003816
       3.225    0.003516  -3.913e-05   1.111e-05    0.003544
       3.235    0.003263  -3.983e-05   1.037e-05    0.003292
       3.245    0.003026  -4.054e-05   9.673e-06    0.003057
       3.255    0.002807  -4.124e-05   9.015e-06    0.002839
       3.265    0.002594  -4.194e-05   4.323e-13    0.002636
       3.275    0.002405  -4.265e-05   4.323e-13    0.002448
       3.285     0.00223  -4.335e-05   4.323e-13    0.002273
       3.295    0.002067  -4.406e-05   4.323e-13    0.002111
       3.305    0.001915  -4.476e-05   4.323e-13     0.00196
       3.315    0.001775  -4.546e-05   4.323e-13     0.00182
       3.325    0.001645  -4.617e-05   4.323e-13    0.001691
       3.335    0.001524  -4.687e-05   4.323e-13     0.00157
       3.345    0.001411  -4.757e-05   4.323e-13    0.001459
       3.355    0.001307  -4.828e-05   4.323e-13    0.001355
       3.365     0.00121  -4.898e-05   4.323e-13    0.001259
       3.375    0.001121  -4.969e-05   4.323e-13    0.001171
       3.385    0.001038  -5.039e-05   4.323e-13    0.001089
       3.395   0.0009612  -5.109e-05   4.323e-13    0.001012
       3.405     0.00089   -5.18e-05   4.323e-13   0.0009418
       3.415    0.000824   -5.25e-05   4.323e-13   0.0008765
       3.425   0.0007626  -5.321e-05   4.323e-13   0.0008158
       3.435   0.0007058  -5.391e-05   4.323e-13   0.0007597
       3.445   0.0006533  -5.461e-05   4.323e-13   0.0007079
       3.455   0.0006046  -5.532e-05   4.323e-13   0.0006599
       3.465   0.0005595  -5.602e-05   4.323e-13   0.0006155
       3.475   0.0005178  -5.673e-05   4.323e-13   0.0005746
       3.485   0.0004791  -5.743e-05   4.323e-13   0.0005366
       3.495   0.0004434  -5.813e-05   4.323e-13   0.0005015
       3.505   0.0004103  -5.884e-05   4.323e-13   0.0004691
       3.515   0.0003795  -5.954e-05   4.323e-13   0.0004391
       3.525   0.0003511  -6.025e-05   4.323e-13   0.0004114
       3.535   0.0003248  -6.095e-05   4.323e-13   0.0003858
       3.545   0.0003005  -6.165e-05   4.323e-13   0.0003622
       3.555    0.000278  -6.236e-05   4.323e-13   0.0003404
       3.565   0.0002572  -6.306e-05   4.323e-13   0.0003203
       3.575   0.0002379  -6.376e-05   4.323e-13   0.0003017
       3.585   0.0002202  -6.447e-05   4.323e-13   0.0002846
       3.595   0.0002037  -6.517e-05   4.323e-13   0.0002689
       3.605   0.0001885  -6.588e-05   4.323e-13   0.0002544
       3.615   0.0001745  -6.658e-05   4.323e-13   0.0002411
       3.625   0.0001615  -6.728e-05   4.323e-13   0.0002288
       3.635   0.0001495  -6.799e-05   4.323e-13   0.0002175
       3.645   0.0001385  -6.869e-05   4.323e-13   0.0002072
       3.655   0.0001283   -6.94e-05   4.323e-13   0.0001977
       3.665   0.0001189   -7.01e-05   4.323e-13    0.000189
       3.675   0.0001102   -7.08e-05   4.323e-13    0.000181
       3.685   0.0001023  -7.151e-05   4.323e-13   0.0001738
       3.695   9.495e-05  -7.221e-05   4.323e-13   0.0001672
       3.705   8.821e-05  -7.292e-05   4.323e-13   0.0001611
       3.715   8.201e-05  -7.362e-05   4.323e-13   0.0001556
       3.725   7.634e-05  -7.432e-05   4.323e-13   0.0001507
       3.735   7.113e-05  -7.503e-05   4.323e-13   0.0001462
       3.745   6.636e-05  -7.573e-05   4.323e-13   0.0001421
       3.755   6.202e-05  -7.644e-05   4.323e-13   0.0001385
       3.765   5.805e-05  -7.714e-05   4.323e-13   0.0001352
       3.775   5.444e-05  -7.784e-05   4.323e-13   0.0001323
       3.785   5.116e-05  -7.855e-05   4.323e-13   0.0001297
       3.795    4.82e-05  -7.925e-05   4.323e-13   0.0001274
       3.805   4.552e-05  -7.996e-05   4.323e-13   0.0001255
       3.815   4.311e-05  -8.066e-05   4.323e-13   0.0001238
       3.825   4.096e-05  -8.136e-05   4.323e-13   0.0001223
       3.835   3.905e-05  -8.207e-05   4.323e-13   0.0001211
       3.845   3.736e-05  -8.277e-05   4.323e-13   0.0001201
       3.855   3.589e-05  -8.347e-05   4.323e-13   0.0001194
       3.865   3.461e-05  -8.418e-05   4.323e-13   0.0001188
       3.875   3.352e-05  -8.488e-05   4.323e-13   0.0001184
       3.885    3.26e-05  -8.559e-05   4.323e-13   0.0001182
       3.895   3.185e-05  -8.629e-05   4.323e-13   0.0001181
       3.905   3.125e-05  -8.699e-05   4.323e-13   0.0001182
       3.915    3.08e-05   -8.77e-05   4.323e-13   0.0001185
       3.925   3.049e-05   -8.84e-05   4.323e-13   0.0001189
       3.935   3.032e-05  -8.911e-05   4.323e-13   0.0001194
       3.945   3.027e-05  -8.981e-05   4.323e-13   0.0001201
       3.955   3.034e-05  -9.051e-05   4.323e-13   0.0001209
       3.965   3.052e-05  -9.122e-05   4.323e-13   0.0001217
       3.975   3.082e-05  -9.192e-05   4.323e-13   0.0001227
       3.985   3.122e-05  -9.263e-05   4.323e-13   0.0001238
       3.995   3.173e-05  -9.333e-05   4.323e-13   0.0001251
       4.005   3.233e-05  -9.403e-05   4.323e-13   0.0001264
       4.015   3.302e-05  -9.474e-05   4.323e-13   0.0001278
       4.025   3.381e-05  -9.544e-05   4.323e-13   0.0001292
       4.035   3.468e-05  -9.614e-05   4.323e-13   0.0001308
       4.045   3.564e-05  -9.685e-05   4.323e-13   0.0001325
       4.055   3.669e-05  -9.755e-05   4.323e-13   0.0001342
       4.065   3.781e-05  -9.826e-05   4.323e-13   0.0001361
       4.075   3.901e-05  -9.896e-05   4.323e-13    0.000138
       4.085   4.029e-05  -9.966e-05   4.323e-13     0.00014
       4.095   4.165e-05  -0.0001004   4.323e-13    0.000142
       4.105   4.308e-05  -0.0001011   4.323e-13   0.0001442
       4.115   4.459e-05  -0.0001018   4.323e-13   0.0001464
       4.125   4.616e-05  -0.0001025   4.323e-13   0.0001486
       4.135   4.781e-05  -0.0001032   4.323e-13    0.000151
       4.145   4.953e-05  -0.0001039   4.323e-13   0.0001534
       4.155   5.133e-05  -0.0001046   4.323e-13   0.0001559
       4.165   5.319e-05  -0.0001053   4.323e-13   0.0001585
       4.175   5.512e-05   -0.000106   4.323e-13   0.0001611
       4.185   5.712e-05  -0.0001067   4.323e-13   0.0001638
       4.195   5.919e-05  -0.0001074   4.323e-13   0.0001666
       4.205   6.133e-05  -0.0001081   4.323e-13   0.0001694
       4.215   6.354e-05  -0.0001088   4.323e-13   0.0001724
       4.225   6.582e-05  -0.0001095   4.323e-13   0.0001753
       4.235   6.817e-05  -0.0001102   4.323e-13   0.0001784
       4.245   7.058e-05  -0.0001109   4.323e-13   0.0001815
       4.255   7.307e-05  -0.0001116   4.323e-13   0.0001847
       4.265   7.563e-05  -0.0001123   4.323e-13    0.000188
       4.275   7.826e-05   -0.000113   4.323e-13   0.0001913
       4.285   8.097e-05  -0.0001137   4.323e-13   0.0001947
       4.295   8.374e-05  -0.0001144   4.323e-13   0.0001982
       4.305    8.66e-05  -0.0001151   4.323e-13   0.0002017
       4.315   8.952e-05  -0.0001159   4.323e-13   0.0002054
       4.325   9.252e-05  -0.0001166   4.323e-13   0.0002091
       4.335    9.56e-05  -0.0001173   4.323e-13   0.0002129
       4.345   9.875e-05   -0.000118   4.323e-13   0.0002167
       4.355    0.000102  -0.0001187   4.323e-13   0.0002206
       4.365   0.0001053  -0.0001194   4.323e-13   0.0002247
       4.375   0.0001087  -0.0001201   4.323e-13   0.0002288
       4.385   0.0001122  -0.0001208   4.323e-13   0.0002329
       4.395   0.0001157  -0.0001215   4.323e-13   0.0002372
       4.405   0.0001194  -0.0001222   4.323e-13   0.0002415
       4.415   0.0001231  -0.0001229   4.323e-13    0.000246
       4.425   0.0001269  -0.0001236   4.323e-13   0.0002505
       4.435   0.0001308  -0.0001243   4.323e-13   0.0002551
       4.445   0.0001348   -0.000125   4.323e-13   0.0002598
       4.455   0.0001389  -0.0001257   4.323e-13   0.0002646
       4.465    0.000143  -0.0001264   4.323e-13   0.0002694
       4.475   0.0001473  -0.0001271   4.323e-13   0.0002744
       4.485   0.0001516  -0.0001278   4.323e-13   0.0002795
       4.495   0.0001561  -0.0001285   4.323e-13   0.0002846
       4.505   0.0001607  -0.0001292   4.323e-13   0.0002899
       4.515   0.0001653  -0.0001299   4.323e-13   0.0002952
       4.525   0.0001701  -0.0001306   4.323e-13   0.0003007
       4.535   0.0001749  -0.0001313   4.323e-13   0.0003063
       4.545   0.0001799   -0.000132   4.323e-13   0.0003119
       4.555    0.000185  -0.0001327   4.323e-13   0.0003177
       4.565   0.0001901  -0.0001334   4.323e-13   0.0003236
       4.575   0.0001954  -0.0001342   4.323e-13   0.0003296
       4.585   0.0002008  -0.0001349   4.323e-13   0.0003357
       4.595   0.0002064  -0.0001356   4.323e-13   0.0003419
       4.605    0.000212  -0.0001363   4.323e-13   0.0003483
       4.615   0.0002177   -0.000137   4.323e-13   0.0003547
       4.625   0.0002236  -0.0001377   4.323e-13   0.0003613
       4.635   0.0002296  -0.0001384   4.323e-13    0.000368
       4.645   0.0002357  -0.0001391   4.323e-13   0.0003748
       4.655    0.000242  -0.0001398   4.323e-13   0.0003818
       4.665   0.0002484  -0.0001405   4.323e-13   0.0003889
       4.675   0.0002549  -0.0001412   4.323e-13   0.0003961
       4.685   0.0002615  -0.0001419   4.323e-13   0.0004034
       4.695   0.0002683  -0.0001426   4.323e-13   0.0004109
       4.705   0.0002753  -0.0001433   4.323e-13   0.0004186
       4.715   0.0002823   -0.000144   4.323e-13   0.0004263
       4.725   0.0002895  -0.0001447   4.323e-13   0.0004342
       4.735   0.0002969  -0.0001454   4.323e-13   0.0004423
       4.745   0.0003044  -0.0001461   4.323e-13   0.0004505
       4.755   0.0003121  -0.0001468   4.323e-13   0.0004589
       4.765   0.0003199  -0.0001475   4.323e-13   0.0004674
       4.775   0.0003279  -0.0001482   4.323e-13   0.0004761
       4.785    0.000336  -0.0001489   4.323e-13    0.000485
       4.795   0.0003443  -0.0001496   4.323e-13    0.000494
       4.805   0.0003528  -0.0001503   4.323e-13   0.0005031
       4.815   0.0003615   -0.000151   4.323e-13   0.0005125
       4.825   0.0003703  -0.0001517   4.323e-13    0.000522
       4.835   0.0003793  -0.0001525   4.323e-13   0.0005317
       4.845   0.0003885  -0.0001532   4.323e-13   0.0005416
       4.855   0.0003978  -0.0001539   4.323e-13   0.0005517
       4.865   0.0004074  -0.0001546   4.323e-13   0.0005619
       4.875   0.0004171  -0.0001553   4.323e-13   0.0005724
       4.885    0.000427   -0.000156   4.323e-13    0.000583
       4.895   0.0004372  -0.0001567   4.323e-13   0.0005938
       4.905   0.0004475  -0.0001574   4.323e-13   0.0006049
       4.915    0.000458  -0.0001581   4.323e-13   0.0006161
       4.925   0.0004688  -0.0001588   4.323e-13   0.0006276
       4.935   0.0004798  -0.0001595   4.323e-13   0.0006392
       4.945   0.0004909  -0.0001602   4.323e-13   0.0006511
       4.955   0.0005023  -0.0001609   4.323e-13   0.0006632
       4.965    0.000514  -0.0001616   4.323e-13   0.0006756
       4.975   0.0005258  -0.0001623   4.323e-13   0.0006881
       4.985   0.0005379   -0.000163   4.323e-13   0.0007009
       4.995   0.0005502  -0.0001637   4.323e-13   0.0007139
       5.005   0.0005628  -0.0001644   4.323e-13   0.0007272
       5.015   0.0005756  -0.0001651   4.323e-13   0.0007407
       5.025   0.0005887  -0.0001658   4.323e-13   0.0007545
       5.035    0.000602  -0.0001665   4.323e-13   0.0007685
       5.045   0.0006156  -0.0001672   4.323e-13   0.0007828
       5.055   0.0006294  -0.0001679   4.323e-13   0.0007974
       5.065   0.0006436  -0.0001686   4.323e-13   0.0008122
       5.075   0.0006579  -0.0001693   4.323e-13   0.0008273
       5.085   0.0006726    -0.00017   4.323e-13   0.0008427
       5.095   0.0006876  -0.0001707   4.323e-13   0.0008583
       5.105   0.0007028  -0.0001715   4.323e-13   0.0008743
       5.115   0.0007184  -0.0001722   4.323e-13   0.0008905
       5.125   0.0007342  -0.0001729   4.323e-13   0.0009071
       5.135   0.0007504  -0.0001736   4.323e-13    0.000924
       5.145   0.0007669  -0.0001743   4.323e-13   0.0009411
       5.155   0.0007837   -0.000175   4.323e-13   0.0009586
       5.165   0.0008008  -0.0001757   4.323e-13   0.0009765
       5.175   0.0008182  -0.0001764   4.323e-13   0.0009946
       5.185    0.000836  -0.0001771   4.323e-13    0.001013
       5.195   0.0008542  -0.0001778   4.323e-13    0.001032
       5.205   0.0008726  -0.0001785   4.323e-13    0.001051
       5.215   0.0008915  -0.0001792   4.323e-13    0.001071
       5.225   0.0009107  -0.0001799   4.323e-13    0.001091
       5.235   0.0009302  -0.0001806   4.323e-13    0.001111
       5.245   0.0009502  -0.0001813   4.323e-13    0.001131
       5.255   0.0009705   -0.000182   4.323e-13    0.001153
       5.265   0.0009912  -0.0001827   4.323e-13    0.001174
       5.275    0.001012  -0.0001834   4.323e-13    0.001196
       5.285    0.001034  -0.0001841   4.323e-13    0.001218
       5.295    0.001056  -0.0001848   4.323e-13    0.001241
       5.305    0.001078  -0.0001855   4.323e-13    0.001264
       5.315    0.001101  -0.0001862   4.323e-13    0.001287
       5.325    0.001124  -0.0001869   4.323e-13    0.001311
       5.335    0.001148  -0.0001876   4.323e-13    0.001336
       5.345    0.001172  -0.0001883   4.323e-13     0.00136
       5.355    0.001197   -0.000189   4.323e-13    0.001386
       5.365    0.001222  -0.0001898   4.323e-13    0.001411
       5.375    0.001247  -0.0001905   4.323e-13    0.001438
       5.385    0.001273  -0.0001912   4.323e-13    0.001464
       5.395      0.0013  -0.0001919   4.323e-13    0.001492
       5.405    0.001327  -0.0001926   4.323e-13    0.001519
       5.415    0.001354  -0.0001933   4.323e-13    0.001548
       5.425    0.001382   -0.000194   4.323e-13    0.001576
       5.435    0.001411  -0.0001947   4.323e-13    0.001606
       5.445     0.00144  -0.0001954   4.323e-13    0.001636
       5.455     0.00147  -0.0001961   4.323e-13    0.001666
       5.465      0.0015  -0.0001968   4.323e-13    0.001697
       5.475    0.001531  -0.0001975   4.323e-13    0.001728
       5.485    0.001562  -0.0001982   4.323e-13    0.001761
       5.495    0.001594  -0.0001989   4.323e-13    0.001793
       5.505    0.001627  -0.0001996   4.323e-13    0.001827
       5.515     0.00166  -0.0002003   4.323e-13    0.001861
       5.525    0.001694   -0.000201   4.323e-13    0.001895
       5.535    0.001729  -0.0002017   4.323e-13     0.00193
       5.545    0.001764  -0.0002024   4.323e-13    0.001966
       5.555      0.0018  -0.0002031   4.323e-13    0.002003
       5.565    0.001836  -0.0002038   4.323e-13     0.00204
       5.575    0.001874  -0.0002045   4.323e-13    0.002078
       5.585    0.001911  -0.0002052   4.323e-13    0.002117
       5.595     0.00195  -0.0002059   4.323e-13    0.002156
       5.605    0.001989  -0.0002066   4.323e-13    0.002196
       5.615     0.00203  -0.0002073   4.323e-13    0.002237
       5.625     0.00207   -0.000208   4.323e-13    0.002279
       5.635    0.002112  -0.0002088   4.323e-13    0.002321
       5.645    0.002155  -0.0002095   4.323e-13    0.002364
       5.655    0.002198  -0.0002102   4.323e-13    0.002408
       5.665    0.002242  -0.0002109   4.323e-13    0.002453
       5.675    0.002287  -0.0002116   4.323e-13    0.002498
       5.685    0.002333  -0.0002123   4.323e-13    0.002545
       5.695    0.002379   -0.000213   4.323e-13    0.002592
       5.705    0.002427  -0.0002137   4.323e-13     0.00264
       5.715    0.002475  -0.0002144   4.323e-13    0.002689
       5.725    0.002524  -0.0002151   4.323e-13    0.002739
       5.735    0.002575  -0.0002158   4.323e-13     0.00279
       5.745    0.002626  -0.0002165   4.323e-13    0.002842
       5.755    0.002678  -0.0002172   4.323e-13    0.002895
       5.765    0.002731  -0.0002179   4.323e-13    0.002949
       5.775    0.002785  -0.0002186   4.323e-13    0.003004
       5.785     0.00284  -0.0002193   4.323e-13     0.00306
       5.795    0.002896    -0.00022   4.323e-13    0.003116
       5.805    0.002954  -0.0002207   4.323e-13    0.003174
       5.815    0.003012  -0.0002214   4.323e-13    0.003233
       5.825    0.003071  -0.0002221   4.323e-13    0.003293
       5.835    0.003132  -0.0002228   4.323e-13    0.003355
       5.845    0.003194  -0.0002235   4.323e-13    0.003417
       5.855    0.003256  -0.0002242   4.323e-13    0.003481
