#      _xxWS        ftot       firac        fagn        fsfr
#
     -0.7087      0.2106   1.584e-10   7.318e-12      0.2106
     -0.6987      0.1669   2.578e-10   7.318e-12      0.1669
     -0.6887      0.1232   4.234e-10   7.318e-12      0.1232
     -0.6787     0.07945   6.897e-10   7.318e-12     0.07945
     -0.6687     0.03575    1.12e-09   7.318e-12     0.03575
     -0.6587    2.64e-08   1.804e-09   7.318e-12   2.459e-08
     -0.6487   2.783e-08    2.78e-09   7.318e-12   2.504e-08
     -0.6387   2.976e-08   4.242e-09   7.318e-12   2.551e-08
     -0.6287   3.214e-08   6.146e-09   7.318e-12   2.598e-08
     -0.6187   3.546e-08    8.99e-09   7.318e-12   2.647e-08
     -0.6087   3.987e-08   1.291e-08   7.318e-12   2.696e-08
     -0.5987   4.592e-08   1.845e-08   7.318e-12   2.746e-08
     -0.5887   5.366e-08   2.568e-08   7.318e-12   2.797e-08
     -0.5787   6.524e-08   3.675e-08   7.318e-12   2.849e-08
     -0.5687   8.087e-08   5.184e-08   7.318e-12   2.902e-08
     -0.5587   1.015e-07   7.193e-08   7.318e-12   2.956e-08
     -0.5487   1.288e-07    9.87e-08   7.318e-12   3.011e-08
     -0.5387   1.639e-07   1.332e-07   7.318e-12   3.067e-08
     -0.5287   2.087e-07   1.774e-07   7.318e-12   3.124e-08
     -0.5187   2.666e-07   2.348e-07   7.318e-12   3.182e-08
     -0.5087   3.416e-07   3.092e-07   7.318e-12   3.241e-08
     -0.4987   4.415e-07   4.085e-07   7.318e-12   3.301e-08
     -0.4887   5.653e-07   5.316e-07   7.318e-12   3.363e-08
     -0.4787   7.257e-07   6.914e-07   7.318e-12   3.425e-08
     -0.4687   9.376e-07   9.027e-07   7.318e-12   3.489e-08
     -0.4587   1.222e-06   1.186e-06   7.318e-12   3.554e-08
     -0.4487    1.56e-06   1.523e-06   7.318e-12    3.62e-08
     -0.4387   1.988e-06   1.951e-06   7.318e-12   3.687e-08
     -0.4287   2.508e-06   2.471e-06   7.318e-12   3.756e-08
     -0.4187   3.141e-06   3.103e-06   7.318e-12   3.826e-08
     -0.4087   3.897e-06   3.858e-06   7.318e-12   3.897e-08
     -0.3987   4.817e-06   4.778e-06   7.318e-12   3.969e-08
     -0.3887   5.935e-06   5.894e-06   7.318e-12   4.043e-08
     -0.3787   7.271e-06   7.229e-06   7.318e-12   4.118e-08
     -0.3687   8.878e-06   8.836e-06   7.318e-12   4.195e-08
     -0.3587   1.081e-05   1.077e-05   7.318e-12   4.273e-08
     -0.3487   1.309e-05   1.304e-05   7.318e-12   4.352e-08
     -0.3387   1.569e-05   1.564e-05   7.318e-12   4.433e-08
     -0.3287   1.878e-05   1.874e-05   7.318e-12   4.515e-08
     -0.3187   2.244e-05   2.239e-05   7.318e-12   4.599e-08
     -0.3087   2.667e-05   2.662e-05   7.318e-12   4.685e-08
     -0.2987   3.159e-05   3.154e-05   7.318e-12   4.772e-08
     -0.2887   3.736e-05   3.731e-05   7.318e-12   4.861e-08
     -0.2787   4.426e-05   4.421e-05   7.318e-12   4.951e-08
     -0.2687   5.214e-05   5.209e-05   7.318e-12   5.043e-08
     -0.2587   6.121e-05   6.116e-05   7.318e-12   5.137e-08
     -0.2487   7.177e-05   7.172e-05   7.318e-12   5.232e-08
     -0.2387    8.36e-05   8.355e-05   7.318e-12    5.33e-08
     -0.2287   9.711e-05   9.706e-05   7.318e-12   5.429e-08
     -0.2187   0.0001123   0.0001122   7.318e-12    5.53e-08
     -0.2087   0.0001301     0.00013   7.318e-12   5.632e-08
     -0.1987   0.0001547   0.0001546   7.318e-12   5.737e-08
     -0.1887   0.0001801   0.0001801   7.318e-12   5.844e-08
     -0.1787   0.0002116   0.0002115   7.318e-12   5.952e-08
     -0.1687   0.0002535   0.0002534   7.318e-12   6.063e-08
     -0.1587   0.0003031    0.000303   7.318e-12   6.176e-08
     -0.1487   0.0003599   0.0003598   7.318e-12   6.291e-08
     -0.1387    0.000424   0.0004239   7.318e-12   6.408e-08
     -0.1287   0.0005002   0.0005002   7.318e-12   6.527e-08
     -0.1187   0.0005903   0.0005902   7.318e-12   6.648e-08
     -0.1087   0.0006923   0.0006922   7.318e-12   6.772e-08
    -0.09874   0.0008078   0.0008078   7.318e-12   6.898e-08
    -0.08874   0.0009383   0.0009382   7.318e-12   7.026e-08
    -0.07874    0.001079    0.001079   7.318e-12   7.156e-08
    -0.06874    0.001215    0.001214   7.318e-12   7.289e-08
    -0.05874     0.00138     0.00138   7.318e-12   7.425e-08
    -0.04874    0.001554    0.001554   7.318e-12   7.563e-08
    -0.03874    0.001717    0.001717   7.318e-12   7.704e-08
    -0.02874    0.001891    0.001891   7.318e-12   7.847e-08
    -0.01874    0.002082    0.002082   7.318e-12   7.993e-08
   -0.008739    0.002289    0.002289   7.318e-12   8.141e-08
    0.001261    0.002508    0.002508   7.318e-12   8.293e-08
     0.01126    0.002726    0.002726   7.318e-12   8.447e-08
     0.02126    0.002965    0.002965   7.318e-12   8.604e-08
     0.03126    0.003223    0.003223   7.318e-12   8.764e-08
     0.04126    0.003503    0.003503   7.318e-12   8.927e-08
     0.05126    0.003815    0.003815   7.318e-12   9.093e-08
     0.06126    0.004146    0.004146   7.318e-12   9.262e-08
     0.07126    0.004485    0.004485   7.318e-12   9.434e-08
     0.08126    0.004842    0.004842   7.318e-12   9.609e-08
     0.09126    0.005234    0.005234   7.318e-12   9.788e-08
      0.1013    0.005656    0.005656   7.318e-12    9.97e-08
      0.1113    0.006088    0.006088   7.318e-12   1.016e-07
      0.1213    0.006547    0.006547   7.318e-12   1.034e-07
      0.1313    0.007024    0.007024   7.318e-12   1.054e-07
      0.1413     0.00754     0.00754   7.318e-12   1.073e-07
      0.1513    0.008056    0.008056   7.318e-12   1.093e-07
      0.1613    0.008661    0.008661   7.318e-12   1.114e-07
      0.1713    0.009295    0.009295   7.318e-12   1.134e-07
      0.1813    0.009978    0.009978   7.318e-12   1.155e-07
      0.1913     0.01068     0.01068   7.318e-12   1.177e-07
      0.2013     0.01136     0.01136   7.318e-12   1.199e-07
      0.2113     0.01214     0.01214   7.318e-12   1.221e-07
      0.2213     0.01296     0.01296   7.318e-12   1.244e-07
      0.2313     0.01378     0.01378   7.318e-12   1.267e-07
      0.2413     0.01465     0.01465   7.318e-12    1.29e-07
      0.2513     0.01558     0.01558   7.318e-12   1.314e-07
      0.2613     0.01643     0.01643   7.318e-12   1.339e-07
      0.2713     0.01741     0.01738   7.318e-12   3.328e-05
      0.2813     0.01847     0.01838   7.318e-12   8.722e-05
      0.2913     0.01941     0.01927   7.318e-12    0.000137
      0.3013     0.02036     0.02018   7.318e-12   0.0001853
      0.3113     0.02131     0.02107   7.318e-12   0.0002353
      0.3213     0.02229       0.022   7.318e-12   0.0002869
      0.3313      0.0234     0.02307   7.318e-12   0.0003328
      0.3413     0.02441     0.02404   7.318e-12   0.0003679
      0.3513     0.02544     0.02505   7.318e-12   0.0003925
      0.3613     0.02651      0.0261   7.318e-12   0.0004054
      0.3713     0.02744     0.02705   7.318e-12   0.0003992
      0.3813     0.02845     0.02805   7.318e-12   0.0003989
      0.3913     0.02961      0.0292   7.318e-12   0.0004094
      0.4013     0.03075     0.03032   7.318e-12    0.000424
      0.4113     0.03202     0.03158   7.318e-12   0.0004397
      0.4213     0.03323     0.03278   7.318e-12   0.0004542
      0.4313     0.03451     0.03404   7.318e-12   0.0004651
      0.4413     0.03585     0.03538   7.318e-12   0.0004693
      0.4513     0.03732     0.03686   7.318e-12   0.0004669
      0.4613     0.03877     0.03831   7.318e-12   0.0004651
      0.4713     0.04016      0.0397   7.318e-12   0.0004688
      0.4813     0.04131     0.04084   7.318e-12   0.0004769
      0.4913     0.04241     0.04192   7.318e-12   0.0004868
      0.5013     0.04379      0.0433   7.318e-12   0.0004975
      0.5113     0.04482      0.0443   7.318e-12   0.0005122
      0.5213     0.04588     0.04535   7.318e-12   0.0005318
      0.5313     0.04672     0.04616   7.318e-12   0.0005555
      0.5413     0.04742     0.04684   7.318e-12   0.0005821
      0.5513     0.04804     0.04743   7.318e-12   0.0006113
      0.5613     0.04836     0.04772   7.318e-12   0.0006425
      0.5713     0.04855     0.04788   7.318e-12    0.000676
      0.5813     0.04816     0.04745   7.318e-12   0.0007115
      0.5913     0.04785      0.0471   7.318e-12   0.0007494
      0.6013     0.04749      0.0467   7.318e-12   0.0007901
      0.6113     0.04676     0.04593   7.318e-12   0.0008344
      0.6213     0.04574     0.04486   7.318e-12   0.0008838
      0.6313     0.04468     0.04375   7.318e-12   0.0009381
      0.6413     0.04412     0.04312   7.318e-12   0.0009937
      0.6513     0.04334     0.04229   7.318e-12    0.001049
      0.6613     0.04289     0.04178   7.318e-12    0.001106
      0.6713     0.04231     0.04114   7.318e-12    0.001166
      0.6813     0.05079     0.04044    0.009118    0.001231
      0.6913     0.05009     0.03958    0.009214    0.001304
      0.7013     0.04928     0.03856    0.009333     0.00139
      0.7113     0.04886     0.03787    0.009484    0.001508
      0.7213     0.04838     0.03699    0.009673    0.001718
      0.7313     0.04835     0.03606    0.009911     0.00237
      0.7413     0.05499     0.03577      0.0102    0.009017
      0.7513     0.05606     0.03587     0.01056    0.009628
      0.7613     0.05666     0.03583     0.01099    0.009839
      0.7713     0.05685     0.03537      0.0115    0.009982
      0.7813     0.05706     0.03485      0.0121      0.0101
      0.7913     0.05692     0.03391      0.0128     0.01021
      0.8013     0.05673     0.03282      0.0136     0.01031
      0.8113      0.0568     0.03187     0.01452     0.01041
      0.8213     0.05735     0.03128     0.01556     0.01051
      0.8313     0.05818     0.03086     0.01673      0.0106
      0.8413     0.05918     0.03048     0.01803     0.01067
      0.8513     0.06034     0.03019     0.01949     0.01065
      0.8613     0.06094     0.02964     0.02109     0.01021
      0.8713     0.05563     0.02898     0.02287    0.003793
      0.8813     0.05629     0.02805     0.02481    0.003429
      0.8913     0.05737     0.02695     0.02693    0.003488
      0.9013     0.05887     0.02601     0.02922    0.003648
      0.9113     0.06064     0.02509     0.03167    0.003876
      0.9213     0.06278     0.02431     0.03428    0.004184
      0.9313     0.06533     0.02364     0.03704    0.004654
      0.9413      0.0685     0.02299     0.03991    0.005608
      0.9513     0.07157      0.0223     0.04287    0.006392
      0.9613     0.07468     0.02157      0.0459    0.007214
      0.9713     0.07844     0.02079     0.04896    0.008686
      0.9813     0.08255     0.01991     0.05201     0.01063
      0.9913     0.08679     0.01934     0.05501     0.01244
       1.001     0.09251     0.01883      0.0579     0.01577
       1.011      0.1068     0.01844     0.06074     0.02763
       1.021      0.1185     0.01802     0.06351     0.03693
       1.031       0.125     0.01757     0.06621     0.04123
       1.041      0.1314     0.01712     0.06883     0.04547
       1.051      0.1381     0.01669     0.07138     0.05001
       1.061      0.1446     0.01625     0.07388     0.05447
       1.071      0.1517     0.01581     0.07637     0.05953
       1.081      0.1615     0.01538      0.0788     0.06728
       1.091      0.1764     0.01493     0.08125     0.08019
       1.101      0.2006     0.01446     0.08371      0.1024
       1.111      0.2247     0.01402     0.08624      0.1245
       1.121      0.2447     0.01355     0.08881      0.1424
       1.131      0.2555      0.0131     0.09151      0.1509
       1.141      0.2557     0.01265     0.09427      0.1488
       1.151      0.2605     0.01224     0.09717      0.1511
       1.161      0.2695     0.01185      0.1002      0.1574
       1.171      0.2741     0.01151      0.1034      0.1592
       1.181      0.2771     0.01116      0.1067      0.1592
       1.191      0.2798     0.01084      0.1103      0.1587
       1.201      0.2817     0.01054      0.1143      0.1569
       1.211      0.2815     0.01024      0.1186      0.1526
       1.221      0.2765    0.009943      0.1234      0.1432
       1.231      0.2624    0.009642      0.1285      0.1242
       1.241      0.2488    0.009325      0.1341      0.1054
       1.251       0.241       0.009      0.1401     0.09191
       1.261      0.2442    0.008672      0.1462     0.08941
       1.271      0.2714    0.008344      0.1524      0.1107
       1.281      0.2845    0.008008      0.1586      0.1179
       1.291      0.2927    0.007662      0.1648      0.1202
       1.301      0.3079    0.007293      0.1711      0.1295
       1.311      0.3234    0.006934      0.1773      0.1391
       1.321      0.3448    0.006562      0.1834      0.1548
       1.331      0.3607    0.006187      0.1897      0.1648
       1.341      0.3739     0.00581       0.196      0.1721
       1.351      0.3881     0.00544      0.2025      0.1802
       1.361      0.4001    0.005095      0.2091      0.1859
       1.371      0.4121    0.004773       0.216      0.1913
       1.381      0.4226    0.004473      0.2233      0.1949
       1.391      0.4308    0.004195      0.2314      0.1953
       1.401      0.4184    0.003938      0.2401      0.1744
       1.411      0.4193      0.0037      0.2493      0.1663
       1.421       0.428    0.003481      0.2594      0.1651
       1.431      0.4368     0.00328      0.2704      0.1631
       1.441      0.4504    0.003096      0.2821      0.1652
       1.451      0.4602    0.002928      0.2945      0.1627
       1.461      0.4769    0.002775      0.3074      0.1668
       1.471      0.4948    0.002635      0.3204      0.1718
       1.481      0.5111    0.002509      0.3334      0.1752
       1.491      0.5297    0.002394      0.3463       0.181
       1.501      0.5487    0.002291      0.3591      0.1873
       1.511      0.5679    0.002196      0.3715      0.1942
       1.521      0.5866    0.002111      0.3831      0.2014
       1.531      0.6046    0.002032      0.3939      0.2087
       1.541      0.6219     0.00196       0.404      0.2159
       1.551      0.6378    0.001893      0.4132      0.2227
       1.561      0.6515    0.001831      0.4211      0.2286
       1.571       0.662    0.001772      0.4279      0.2323
       1.581      0.6712    0.001716      0.4337      0.2358
       1.591      0.6795    0.001662      0.4383      0.2395
       1.601      0.6897     0.00161      0.4419      0.2463
       1.611      0.7012    0.001559      0.4447       0.255
       1.621      0.7131    0.001509      0.4467      0.2649
       1.631      0.7251    0.001459       0.448      0.2757
       1.641      0.7387    0.001411      0.4487      0.2886
       1.651      0.7537    0.001362      0.4492      0.3032
       1.661      0.7704    0.001314      0.4494      0.3197
       1.671       0.789    0.001266      0.4495      0.3383
       1.681      0.8099    0.001219      0.4496       0.359
       1.691      0.8331    0.001173      0.4498      0.3821
       1.701      0.8589    0.001127        0.45      0.4077
       1.711      0.8874    0.001082      0.4504      0.4359
       1.721      0.9186    0.001038      0.4508      0.4668
       1.731      0.9525   0.0009941      0.4513      0.5002
       1.741      0.9889   0.0009515      0.4517      0.5362
       1.751       1.028   0.0009097      0.4522      0.5747
       1.761       1.069   0.0008689      0.4524      0.6156
       1.771       1.112   0.0008292      0.4525      0.6587
       1.781       1.157   0.0007905      0.4523       0.704
       1.791       1.204   0.0007529      0.4518      0.7512
       1.801       1.252   0.0007165      0.4507      0.8004
       1.811       1.301   0.0006814      0.4492      0.8515
       1.821       1.352   0.0006475      0.4472      0.9044
       1.831       1.404   0.0006149      0.4446      0.9592
       1.841       1.458   0.0005837      0.4415       1.016
       1.851       1.513   0.0005539      0.4379       1.075
       1.861       1.571   0.0005255      0.4337       1.137
       1.871        1.63   0.0004985       0.429       1.201
       1.881       1.692    0.000473      0.4237       1.268
       1.891       1.757    0.000449       0.418       1.339
       1.901       1.826   0.0004263      0.4117       1.414
       1.911       1.898    0.000405      0.4052       1.493
       1.921       1.975   0.0003851      0.3982       1.576
       1.931       2.056   0.0003664      0.3909       1.665
       1.941       2.142    0.000349      0.3833       1.759
       1.951       2.233   0.0003328      0.3753       1.858
       1.961        2.33   0.0003176      0.3672       1.962
       1.971       2.432   0.0003034      0.3587       2.073
       1.981       2.539   0.0002902      0.3502       2.189
       1.991       2.652   0.0002777      0.3415        2.31
       2.001        2.77    0.000266      0.3327       2.437
       2.011       2.893    0.000255      0.3237       2.569
       2.021       3.022   0.0002445      0.3147       2.707
       2.031       3.155   0.0002345      0.3057       2.849
       2.041       3.292    0.000225      0.2965       2.995
       2.051       3.432   0.0002159      0.2875       3.145
       2.061       3.576   0.0002071      0.2783       3.298
       2.071       3.723   0.0001986      0.2692       3.454
       2.081       3.872   0.0001904      0.2602       3.611
       2.091       4.022   0.0001824      0.2512        3.77
       2.101       4.173   0.0001746      0.2423        3.93
       2.111       4.323   0.0001671      0.2335       4.089
       2.121       4.472   0.0001598      0.2248       4.248
       2.131        4.62   0.0001527      0.2162       4.404
       2.141       4.765   0.0001459      0.2078       4.557
       2.151       4.907   0.0001393      0.1995       4.707
       2.161       5.044    0.000133      0.1913       4.852
       2.171       5.176   0.0001269      0.1834       4.993
       2.181       5.303   0.0001211      0.1755       5.127
       2.191       5.423   0.0001156      0.1679       5.255
       2.201       5.537   0.0001103      0.1605       5.376
       2.211       5.642   0.0001053      0.1533       5.489
       2.221       5.739   0.0001005      0.1463       5.593
       2.231       5.828   9.597e-05      0.1395       5.688
       2.241       5.907   9.165e-05       0.133       5.774
       2.251       5.977   8.754e-05      0.1266        5.85
       2.261       6.037   8.363e-05      0.1204       5.917
       2.271       6.088   7.991e-05      0.1145       5.973
       2.281       6.129   7.635e-05      0.1087        6.02
       2.291       6.161   7.296e-05      0.1033       6.058
       2.301       6.185   6.971e-05     0.09792       6.087
       2.311         6.2   6.661e-05     0.09289       6.107
       2.321       6.208   6.363e-05     0.08801        6.12
       2.331        6.21   6.079e-05     0.08331       6.126
       2.341       6.206   5.806e-05     0.07882       6.127
       2.351       6.197   5.545e-05     0.07454       6.122
       2.361        6.18   5.296e-05     0.07044        6.11
       2.371       6.154   5.057e-05     0.06653       6.088
       2.381       6.114    4.83e-05     0.06282       6.051
       2.391        6.06   4.613e-05     0.05929       6.001
       2.401       5.992   4.406e-05     0.05589       5.936
       2.411        5.91   4.208e-05     0.05268       5.858
       2.421       5.816   4.019e-05      0.0496       5.766
       2.431        5.71   3.837e-05      0.0467       5.663
       2.441       5.592   3.663e-05     0.04392       5.548
       2.451       5.463   3.494e-05     0.04129       5.422
       2.461       5.323   3.331e-05     0.03884       5.285
       2.471       5.172   3.172e-05     0.03648       5.136
       2.481       5.011   3.017e-05     0.03424       4.977
       2.491       4.843   2.865e-05     0.03211       4.811
       2.501       4.671   2.715e-05     0.03013       4.641
       2.511         4.5   2.566e-05     0.02825       4.472
       2.521       4.332   2.418e-05     0.02648       4.305
       2.531       4.166   2.271e-05      0.0248       4.142
       2.541       4.005   2.124e-05     0.02324       3.981
       2.551       3.846   1.976e-05     0.02177       3.824
       2.561        3.69   1.829e-05      0.0204        3.67
       2.571       3.537   1.681e-05     0.01907       3.518
       2.581       3.387   1.534e-05     0.01785       3.369
       2.591        3.24   1.386e-05     0.01669       3.223
       2.601       3.096   1.239e-05      0.0156       3.081
       2.611       2.955   1.091e-05     0.01458       2.941
       2.621       2.818   9.431e-06     0.01362       2.804
       2.631       2.683   7.952e-06     0.01272        2.67
       2.641       2.551   6.473e-06     0.01187       2.539
       2.651       2.423   4.993e-06     0.01108       2.412
       2.661       2.298   3.512e-06     0.01035       2.288
       2.671       2.177   2.031e-06    0.009651       2.167
       2.681       2.059   5.492e-07    0.009011        2.05
       2.691       1.946  -9.331e-07    0.008408       1.937
       2.701       1.836  -2.416e-06    0.007851       1.828
       2.711        1.73  -3.899e-06     0.00733       1.723
       2.721       1.629  -5.383e-06    0.006838       1.622
       2.731       1.531  -6.867e-06    0.006381       1.525
       2.741       1.438  -8.352e-06    0.005959       1.432
       2.751       1.349  -9.837e-06    0.005556       1.344
       2.761       1.265  -1.132e-05    0.005186        1.26
       2.771       1.186  -1.281e-05    0.004841       1.181
       2.781       1.111   -1.43e-05    0.004515       1.107
       2.791        1.04  -1.578e-05    0.004216       1.036
       2.801      0.9737  -1.727e-05    0.003934      0.9698
       2.811      0.9109  -1.876e-05    0.003671      0.9073
       2.821      0.8517  -2.024e-05    0.003426      0.8483
       2.831      0.7961  -2.173e-05    0.003199      0.7929
       2.841      0.7438  -2.322e-05    0.002984      0.7408
       2.851      0.6947  -2.471e-05    0.002786      0.6919
       2.861      0.6486   -2.62e-05      0.0026       0.646
       2.871      0.6054  -2.769e-05    0.002426       0.603
       2.881      0.5649  -2.918e-05    0.002264      0.5627
       2.891       0.527  -3.067e-05    0.002113      0.5249
       2.901      0.4914  -3.216e-05    0.001971      0.4895
       2.911      0.4581  -3.365e-05     0.00184      0.4563
       2.921       0.427  -3.514e-05    0.001716      0.4253
       2.931      0.3979  -3.663e-05    0.001603      0.3964
       2.941      0.3707  -3.812e-05    0.001496      0.3693
       2.951      0.3454  -3.961e-05    0.001396       0.344
       2.961      0.3216  -4.111e-05    0.001302      0.3204
       2.971      0.2995   -4.26e-05    0.001215      0.2983
       2.981      0.2788  -4.409e-05    0.001134      0.2777
       2.991      0.2596  -4.558e-05    0.001058      0.2585
       3.001      0.2416  -4.707e-05   0.0009871      0.2406
       3.011      0.2248  -4.857e-05   0.0009215      0.2239
       3.021      0.2092  -5.006e-05   0.0008598      0.2084
       3.031      0.1946  -5.155e-05   0.0008028      0.1939
       3.041      0.1811  -5.304e-05   0.0007489      0.1804
       3.051      0.1684  -5.454e-05   0.0006989      0.1678
       3.061      0.1567  -5.603e-05    0.000652      0.1561
       3.071      0.1457  -5.752e-05   0.0006086      0.1452
       3.081      0.1355  -5.902e-05   0.0005681       0.135
       3.091       0.126  -6.051e-05   0.0005302      0.1256
       3.101      0.1172    -6.2e-05   0.0004951      0.1168
       3.111       0.109   -6.35e-05   0.0004621      0.1086
       3.121      0.1013  -6.499e-05   0.0004313       0.101
       3.131     0.09422  -6.649e-05   0.0004025     0.09388
       3.141      0.0876  -6.798e-05   0.0003754     0.08729
       3.151     0.08144  -6.947e-05   0.0003504     0.08116
       3.161      0.0757  -7.097e-05   0.0003271     0.07545
       3.171     0.07037  -7.246e-05   0.0003052     0.07014
       3.181      0.0654  -7.396e-05   0.0002848     0.06519
       3.191     0.06078  -7.545e-05   0.0002658     0.06059
       3.201     0.05648  -7.695e-05    0.000248      0.0563
       3.211     0.05247  -7.844e-05   0.0002315     0.05232
       3.221     0.04875  -7.994e-05    0.000216     0.04861
       3.231     0.04528  -8.143e-05   0.0002014     0.04516
       3.241     0.04205  -8.293e-05    0.000188     0.04195
       3.251     0.03906  -8.442e-05   0.0001755     0.03896
       3.261     0.03626  -8.592e-05   0.0001637     0.03619
       3.271     0.03367  -8.741e-05   0.0001526      0.0336
       3.281     0.03112   -8.89e-05   7.318e-12     0.03121
       3.291     0.02888   -9.04e-05   7.318e-12     0.02898
       3.301     0.02681   -9.19e-05   7.318e-12     0.02691
       3.311     0.02489  -9.339e-05   7.318e-12     0.02499
       3.321     0.02311  -9.489e-05   7.318e-12      0.0232
       3.331     0.02145  -9.638e-05   7.318e-12     0.02155
       3.341     0.01992  -9.788e-05   7.318e-12     0.02002
       3.351     0.01849  -9.937e-05   7.318e-12     0.01859
       3.361     0.01717  -0.0001009   7.318e-12     0.01727
       3.371     0.01595  -0.0001024   7.318e-12     0.01605
       3.381     0.01481  -0.0001039   7.318e-12     0.01491
       3.391     0.01376  -0.0001054   7.318e-12     0.01386
       3.401     0.01278  -0.0001068   7.318e-12     0.01289
       3.411     0.01188  -0.0001083   7.318e-12     0.01199
       3.421     0.01105  -0.0001098   7.318e-12     0.01116
       3.431     0.01027  -0.0001113   7.318e-12     0.01038
       3.441    0.009552  -0.0001128   7.318e-12    0.009665
       3.451    0.008886  -0.0001143   7.318e-12    0.009001
       3.461    0.008272  -0.0001158   7.318e-12    0.008388
       3.471    0.007703  -0.0001173   7.318e-12     0.00782
       3.481    0.007176  -0.0001188   7.318e-12    0.007295
       3.491     0.00669  -0.0001203   7.318e-12    0.006811
       3.501    0.006239  -0.0001218   7.318e-12    0.006361
       3.511    0.005824  -0.0001233   7.318e-12    0.005947
       3.521    0.005439  -0.0001248   7.318e-12    0.005563
       3.531    0.005082  -0.0001263   7.318e-12    0.005208
       3.541    0.004753  -0.0001278   7.318e-12     0.00488
       3.551    0.004449  -0.0001293   7.318e-12    0.004578
       3.561    0.004168  -0.0001308   7.318e-12    0.004299
       3.571    0.003909  -0.0001323   7.318e-12    0.004041
       3.581     0.00367  -0.0001338   7.318e-12    0.003804
       3.591    0.003449  -0.0001353   7.318e-12    0.003584
       3.601    0.003246  -0.0001368   7.318e-12    0.003383
       3.611    0.003058  -0.0001383   7.318e-12    0.003196
       3.621    0.002885  -0.0001397   7.318e-12    0.003025
       3.631    0.002726  -0.0001412   7.318e-12    0.002868
       3.641     0.00258  -0.0001427   7.318e-12    0.002723
       3.651    0.002445  -0.0001442   7.318e-12     0.00259
       3.661    0.002322  -0.0001457   7.318e-12    0.002468
       3.671    0.002208  -0.0001472   7.318e-12    0.002356
       3.681    0.002104  -0.0001487   7.318e-12    0.002253
       3.691    0.002009  -0.0001502   7.318e-12    0.002159
       3.701    0.001922  -0.0001517   7.318e-12    0.002074
       3.711    0.001842  -0.0001532   7.318e-12    0.001996
       3.721     0.00177  -0.0001547   7.318e-12    0.001924
       3.731    0.001704  -0.0001562   7.318e-12     0.00186
       3.741    0.001644  -0.0001577   7.318e-12    0.001801
       3.751    0.001589  -0.0001592   7.318e-12    0.001748
       3.761     0.00154  -0.0001607   7.318e-12    0.001701
       3.771    0.001496  -0.0001622   7.318e-12    0.001658
       3.781    0.001456  -0.0001637   7.318e-12     0.00162
       3.791     0.00142  -0.0001652   7.318e-12    0.001586
       3.801    0.001389  -0.0001667   7.318e-12    0.001556
       3.811    0.001361  -0.0001682   7.318e-12    0.001529
       3.821    0.001337  -0.0001697   7.318e-12    0.001506
       3.831    0.001315  -0.0001712   7.318e-12    0.001486
       3.841    0.001297  -0.0001726   7.318e-12     0.00147
       3.851    0.001282  -0.0001741   7.318e-12    0.001456
       3.861    0.001269  -0.0001756   7.318e-12    0.001445
       3.871    0.001259  -0.0001771   7.318e-12    0.001436
       3.881    0.001251  -0.0001786   7.318e-12     0.00143
       3.891    0.001245  -0.0001801   7.318e-12    0.001425
       3.901    0.001242  -0.0001816   7.318e-12    0.001423
       3.911     0.00124  -0.0001831   7.318e-12    0.001423
       3.921     0.00124  -0.0001846   7.318e-12    0.001425
       3.931    0.001242  -0.0001861   7.318e-12    0.001428
       3.941    0.001246  -0.0001876   7.318e-12    0.001434
       3.951    0.001251  -0.0001891   7.318e-12     0.00144
       3.961    0.001258  -0.0001906   7.318e-12    0.001449
       3.971    0.001266  -0.0001921   7.318e-12    0.001458
       3.981    0.001276  -0.0001936   7.318e-12    0.001469
       3.991    0.001287  -0.0001951   7.318e-12    0.001482
       4.001    0.001299  -0.0001966   7.318e-12    0.001495
       4.011    0.001312  -0.0001981   7.318e-12     0.00151
       4.021    0.001327  -0.0001996   7.318e-12    0.001526
       4.031    0.001342  -0.0002011   7.318e-12    0.001543
       4.041    0.001359  -0.0002026   7.318e-12    0.001562
       4.051    0.001377   -0.000204   7.318e-12    0.001581
       4.061    0.001396  -0.0002055   7.318e-12    0.001601
       4.071    0.001415   -0.000207   7.318e-12    0.001622
       4.081    0.001436  -0.0002085   7.318e-12    0.001645
       4.091    0.001458    -0.00021   7.318e-12    0.001668
       4.101     0.00148  -0.0002115   7.318e-12    0.001692
       4.111    0.001504   -0.000213   7.318e-12    0.001717
       4.121    0.001529  -0.0002145   7.318e-12    0.001743
       4.131    0.001554   -0.000216   7.318e-12     0.00177
       4.141     0.00158  -0.0002175   7.318e-12    0.001798
       4.151    0.001607   -0.000219   7.318e-12    0.001826
       4.161    0.001635  -0.0002205   7.318e-12    0.001856
       4.171    0.001664   -0.000222   7.318e-12    0.001886
       4.181    0.001693  -0.0002235   7.318e-12    0.001917
       4.191    0.001724   -0.000225   7.318e-12    0.001949
       4.201    0.001755  -0.0002265   7.318e-12    0.001982
       4.211    0.001787   -0.000228   7.318e-12    0.002015
       4.221     0.00182  -0.0002295   7.318e-12     0.00205
       4.231    0.001854   -0.000231   7.318e-12    0.002085
       4.241    0.001889  -0.0002324   7.318e-12    0.002121
       4.251    0.001924  -0.0002339   7.318e-12    0.002158
       4.261    0.001961  -0.0002354   7.318e-12    0.002196
       4.271    0.001998  -0.0002369   7.318e-12    0.002235
       4.281    0.002036  -0.0002384   7.318e-12    0.002274
       4.291    0.002075  -0.0002399   7.318e-12    0.002315
       4.301    0.002114  -0.0002414   7.318e-12    0.002356
       4.311    0.002155  -0.0002429   7.318e-12    0.002398
       4.321    0.002197  -0.0002444   7.318e-12    0.002441
       4.331    0.002239  -0.0002459   7.318e-12    0.002485
       4.341    0.002282  -0.0002474   7.318e-12     0.00253
       4.351    0.002327  -0.0002489   7.318e-12    0.002576
       4.361    0.002372  -0.0002504   7.318e-12    0.002622
       4.371    0.002418  -0.0002519   7.318e-12     0.00267
       4.381    0.002465  -0.0002534   7.318e-12    0.002719
       4.391    0.002513  -0.0002549   7.318e-12    0.002768
       4.401    0.002562  -0.0002564   7.318e-12    0.002819
       4.411    0.002612  -0.0002579   7.318e-12     0.00287
       4.421    0.002664  -0.0002594   7.318e-12    0.002923
       4.431    0.002716  -0.0002608   7.318e-12    0.002976
       4.441    0.002769  -0.0002623   7.318e-12    0.003031
       4.451    0.002823  -0.0002638   7.318e-12    0.003087
       4.461    0.002878  -0.0002653   7.318e-12    0.003144
       4.471    0.002935  -0.0002668   7.318e-12    0.003201
       4.481    0.002992  -0.0002683   7.318e-12     0.00326
       4.491    0.003051  -0.0002698   7.318e-12    0.003321
       4.501    0.003111  -0.0002713   7.318e-12    0.003382
       4.511    0.003172  -0.0002728   7.318e-12    0.003444
       4.521    0.003234  -0.0002743   7.318e-12    0.003508
       4.531    0.003297  -0.0002758   7.318e-12    0.003573
       4.541    0.003362  -0.0002773   7.318e-12    0.003639
       4.551    0.003427  -0.0002788   7.318e-12    0.003706
       4.561    0.003495  -0.0002803   7.318e-12    0.003775
       4.571    0.003563  -0.0002818   7.318e-12    0.003845
       4.581    0.003633  -0.0002833   7.318e-12    0.003916
       4.591    0.003704  -0.0002848   7.318e-12    0.003988
       4.601    0.003776  -0.0002863   7.318e-12    0.004062
       4.611     0.00385  -0.0002877   7.318e-12    0.004138
       4.621    0.003925  -0.0002892   7.318e-12    0.004214
       4.631    0.004002  -0.0002907   7.318e-12    0.004293
       4.641     0.00408  -0.0002922   7.318e-12    0.004372
       4.651     0.00416  -0.0002937   7.318e-12    0.004453
       4.661    0.004241  -0.0002952   7.318e-12    0.004536
       4.671    0.004323  -0.0002967   7.318e-12     0.00462
       4.681    0.004408  -0.0002982   7.318e-12    0.004706
       4.691    0.004494  -0.0002997   7.318e-12    0.004793
       4.701    0.004581  -0.0003012   7.318e-12    0.004882
       4.711     0.00467  -0.0003027   7.318e-12    0.004973
       4.721    0.004761  -0.0003042   7.318e-12    0.005065
       4.731    0.004854  -0.0003057   7.318e-12    0.005159
       4.741    0.004948  -0.0003072   7.318e-12    0.005255
       4.751    0.005044  -0.0003087   7.318e-12    0.005353
       4.761    0.005142  -0.0003102   7.318e-12    0.005452
       4.771    0.005242  -0.0003117   7.318e-12    0.005554
       4.781    0.005344  -0.0003132   7.318e-12    0.005657
       4.791    0.005447  -0.0003146   7.318e-12    0.005762
       4.801    0.005553  -0.0003161   7.318e-12    0.005869
       4.811     0.00566  -0.0003176   7.318e-12    0.005978
       4.821     0.00577  -0.0003191   7.318e-12    0.006089
       4.831    0.005882  -0.0003206   7.318e-12    0.006202
       4.841    0.005995  -0.0003221   7.318e-12    0.006317
       4.851    0.006111  -0.0003236   7.318e-12    0.006435
       4.861    0.006229  -0.0003251   7.318e-12    0.006554
       4.871     0.00635  -0.0003266   7.318e-12    0.006676
       4.881    0.006472  -0.0003281   7.318e-12      0.0068
       4.891    0.006597  -0.0003296   7.318e-12    0.006927
       4.901    0.006724  -0.0003311   7.318e-12    0.007055
       4.911    0.006854  -0.0003326   7.318e-12    0.007187
       4.921    0.006986  -0.0003341   7.318e-12     0.00732
       4.931    0.007121  -0.0003356   7.318e-12    0.007456
       4.941    0.007258  -0.0003371   7.318e-12    0.007595
       4.951    0.007397  -0.0003386   7.318e-12    0.007736
       4.961     0.00754    -0.00034   7.318e-12     0.00788
       4.971    0.007685  -0.0003415   7.318e-12    0.008026
       4.981    0.007832   -0.000343   7.318e-12    0.008175
       4.991    0.007983  -0.0003445   7.318e-12    0.008327
       5.001    0.008136   -0.000346   7.318e-12    0.008482
       5.011    0.008292  -0.0003475   7.318e-12     0.00864
       5.021    0.008452   -0.000349   7.318e-12    0.008801
       5.031    0.008614  -0.0003505   7.318e-12    0.008964
       5.041    0.008779   -0.000352   7.318e-12    0.009131
       5.051    0.008947  -0.0003535   7.318e-12    0.009301
       5.061    0.009118   -0.000355   7.318e-12    0.009473
       5.071    0.009293  -0.0003565   7.318e-12     0.00965
       5.081    0.009471   -0.000358   7.318e-12    0.009829
       5.091    0.009652  -0.0003595   7.318e-12     0.01001
       5.101    0.009837   -0.000361   7.318e-12      0.0102
       5.111     0.01002  -0.0003625   7.318e-12     0.01039
       5.121     0.01022   -0.000364   7.318e-12     0.01058
       5.131     0.01041  -0.0003654   7.318e-12     0.01078
       5.141     0.01061  -0.0003669   7.318e-12     0.01098
       5.151     0.01081  -0.0003684   7.318e-12     0.01118
       5.161     0.01102  -0.0003699   7.318e-12     0.01139
       5.171     0.01123  -0.0003714   7.318e-12      0.0116
       5.181     0.01144  -0.0003729   7.318e-12     0.01182
       5.191     0.01166  -0.0003744   7.318e-12     0.01204
       5.201     0.01188  -0.0003759   7.318e-12     0.01226
       5.211     0.01211  -0.0003774   7.318e-12     0.01249
       5.221     0.01234  -0.0003789   7.318e-12     0.01272
       5.231     0.01258  -0.0003804   7.318e-12     0.01296
       5.241     0.01282  -0.0003819   7.318e-12      0.0132
       5.251     0.01306  -0.0003834   7.318e-12     0.01344
       5.261     0.01331  -0.0003849   7.318e-12     0.01369
       5.271     0.01356  -0.0003864   7.318e-12     0.01395
       5.281     0.01382  -0.0003879   7.318e-12     0.01421
       5.291     0.01408  -0.0003894   7.318e-12     0.01447
       5.301     0.01435  -0.0003908   7.318e-12     0.01474
       5.311     0.01462  -0.0003923   7.318e-12     0.01501
       5.321      0.0149  -0.0003938   7.318e-12     0.01529
       5.331     0.01518  -0.0003953   7.318e-12     0.01558
       5.341     0.01547  -0.0003968   7.318e-12     0.01587
       5.351     0.01576  -0.0003983   7.318e-12     0.01616
       5.361     0.01606  -0.0003998   7.318e-12     0.01646
       5.371     0.01637  -0.0004013   7.318e-12     0.01677
       5.381     0.01668  -0.0004028   7.318e-12     0.01708
       5.391     0.01699  -0.0004043   7.318e-12      0.0174
       5.401     0.01732  -0.0004058   7.318e-12     0.01772
       5.411     0.01764  -0.0004073   7.318e-12     0.01805
       5.421     0.01798  -0.0004088   7.318e-12     0.01839
       5.431     0.01832  -0.0004103   7.318e-12     0.01873
       5.441     0.01866  -0.0004118   7.318e-12     0.01908
       5.451     0.01902  -0.0004133   7.318e-12     0.01943
       5.461     0.01938  -0.0004148   7.318e-12     0.01979
       5.471     0.01974  -0.0004162   7.318e-12     0.02016
       5.481     0.02012  -0.0004177   7.318e-12     0.02054
       5.491      0.0205  -0.0004192   7.318e-12     0.02092
       5.501     0.02089  -0.0004207   7.318e-12     0.02131
       5.511     0.02128  -0.0004222   7.318e-12      0.0217
       5.521     0.02168  -0.0004237   7.318e-12     0.02211
       5.531     0.02209  -0.0004252   7.318e-12     0.02252
       5.541     0.02251  -0.0004267   7.318e-12     0.02294
       5.551     0.02293  -0.0004282   7.318e-12     0.02336
       5.561     0.02337  -0.0004297   7.318e-12      0.0238
       5.571     0.02381  -0.0004312   7.318e-12     0.02424
       5.581     0.02426  -0.0004327   7.318e-12     0.02469
       5.591     0.02471  -0.0004342   7.318e-12     0.02515
       5.601     0.02518  -0.0004357   7.318e-12     0.02562
       5.611     0.02565  -0.0004372   7.318e-12     0.02609
       5.621     0.02614  -0.0004387   7.318e-12     0.02658
       5.631     0.02663  -0.0004402   7.318e-12     0.02707
       5.641     0.02713  -0.0004416   7.318e-12     0.02757
       5.651     0.02764  -0.0004431   7.318e-12     0.02809
       5.661     0.02816  -0.0004446   7.318e-12     0.02861
       5.671     0.02869  -0.0004461   7.318e-12     0.02914
       5.681     0.02924  -0.0004476   7.318e-12     0.02968
       5.691     0.02979  -0.0004491   7.318e-12     0.03023
       5.701     0.03035  -0.0004506   7.318e-12      0.0308
       5.711     0.03092  -0.0004521   7.318e-12     0.03137
       5.721      0.0315  -0.0004536   7.318e-12     0.03195
       5.731     0.03209  -0.0004551   7.318e-12     0.03255
       5.741     0.03269  -0.0004566   7.318e-12     0.03315
       5.751     0.03331  -0.0004581   7.318e-12     0.03377
       5.761     0.03394  -0.0004596   7.318e-12      0.0344
       5.771     0.03457  -0.0004611   7.318e-12     0.03504
       5.781     0.03522  -0.0004626   7.318e-12     0.03569
       5.791     0.03589  -0.0004641   7.318e-12     0.03635
       5.801     0.03656  -0.0004655   7.318e-12     0.03703
       5.811     0.03725   -0.000467   7.318e-12     0.03771
       5.821     0.03795  -0.0004685   7.318e-12     0.03842
       5.831     0.03866    -0.00047   7.318e-12     0.03913
       5.841     0.03939  -0.0004715   7.318e-12     0.03986
       5.851     0.04012   -0.000473   7.318e-12      0.0406
       5.861     0.04088  -0.0004745   7.318e-12     0.04135
       5.871     0.04165   -0.000476   7.318e-12     0.04212
