#      _xxWS        ftot       firac        fagn        fsfr
#
     -0.5393      0.3836   1.284e-06   2.375e-13      0.3836
     -0.5293      0.3045   1.675e-06   2.375e-13      0.3045
     -0.5193      0.2254   2.215e-06   2.375e-13      0.2254
     -0.5093      0.1463   2.922e-06   2.375e-13      0.1463
     -0.4993     0.06717    3.86e-06   2.375e-13     0.06717
     -0.4893    5.27e-06   5.079e-06   2.375e-13   1.911e-07
     -0.4793   6.621e-06   6.426e-06   2.375e-13   1.947e-07
     -0.4693   8.288e-06   8.089e-06   2.375e-13   1.983e-07
     -0.4593    9.91e-06   9.708e-06   2.375e-13    2.02e-07
     -0.4493   1.202e-05   1.181e-05   2.375e-13   2.057e-07
     -0.4393   1.438e-05   1.417e-05   2.375e-13   2.096e-07
     -0.4293    1.72e-05   1.699e-05   2.375e-13   2.135e-07
     -0.4193   2.013e-05   1.991e-05   2.375e-13   2.174e-07
     -0.4093   2.431e-05   2.409e-05   2.375e-13   2.215e-07
     -0.3993   2.907e-05   2.884e-05   2.375e-13   2.256e-07
     -0.3893   3.433e-05    3.41e-05   2.375e-13   2.298e-07
     -0.3793   4.023e-05       4e-05   2.375e-13   2.341e-07
     -0.3693   4.656e-05   4.632e-05   2.375e-13   2.384e-07
     -0.3593   5.338e-05   5.313e-05   2.375e-13   2.429e-07
     -0.3493   6.098e-05   6.074e-05   2.375e-13   2.474e-07
     -0.3393   6.959e-05   6.933e-05   2.375e-13    2.52e-07
     -0.3293   7.994e-05   7.968e-05   2.375e-13   2.566e-07
     -0.3193   9.073e-05   9.047e-05   2.375e-13   2.614e-07
     -0.3093   0.0001032    0.000103   2.375e-13   2.663e-07
     -0.2993   0.0001183    0.000118   2.375e-13   2.712e-07
     -0.2893   0.0001368   0.0001365   2.375e-13   2.763e-07
     -0.2793   0.0001551   0.0001548   2.375e-13   2.814e-07
     -0.2693   0.0001759   0.0001756   2.375e-13   2.866e-07
     -0.2593   0.0001977   0.0001974   2.375e-13    2.92e-07
     -0.2493   0.0002211   0.0002208   2.375e-13   2.974e-07
     -0.2393   0.0002454   0.0002451   2.375e-13   3.029e-07
     -0.2293   0.0002719   0.0002716   2.375e-13   3.086e-07
     -0.2193    0.000301   0.0003007   2.375e-13   3.143e-07
     -0.2093   0.0003321   0.0003317   2.375e-13   3.201e-07
     -0.1993   0.0003659   0.0003656   2.375e-13   3.261e-07
     -0.1893   0.0004029   0.0004026   2.375e-13   3.322e-07
     -0.1793   0.0004422   0.0004418   2.375e-13   3.383e-07
     -0.1693   0.0004815   0.0004811   2.375e-13   3.446e-07
     -0.1593   0.0005247   0.0005244   2.375e-13    3.51e-07
     -0.1493   0.0005718   0.0005715   2.375e-13   3.576e-07
     -0.1393   0.0006212   0.0006208   2.375e-13   3.642e-07
     -0.1293   0.0006739   0.0006735   2.375e-13    3.71e-07
     -0.1193   0.0007314    0.000731   2.375e-13   3.779e-07
     -0.1093   0.0007968   0.0007964   2.375e-13   3.849e-07
    -0.09927   0.0008647   0.0008643   2.375e-13    3.92e-07
    -0.08927   0.0009367   0.0009363   2.375e-13   3.993e-07
    -0.07927    0.001016    0.001015   2.375e-13   4.068e-07
    -0.06927    0.001096    0.001095   2.375e-13   4.143e-07
    -0.05927    0.001181     0.00118   2.375e-13    4.22e-07
    -0.04927    0.001269    0.001269   2.375e-13   4.299e-07
    -0.03927    0.001368    0.001368   2.375e-13   4.379e-07
    -0.02927    0.001517    0.001517   2.375e-13    4.46e-07
    -0.01927     0.00165     0.00165   2.375e-13   4.543e-07
   -0.009274    0.001813    0.001813   2.375e-13   4.627e-07
   0.0007263    0.002035    0.002035   2.375e-13   4.713e-07
     0.01073    0.002283    0.002282   2.375e-13   4.801e-07
     0.02073    0.002547    0.002546   2.375e-13    4.89e-07
     0.03073    0.002823    0.002823   2.375e-13   4.981e-07
     0.04073    0.003138    0.003138   2.375e-13   5.074e-07
     0.05073    0.003494    0.003493   2.375e-13   5.168e-07
     0.06073    0.003871     0.00387   2.375e-13   5.264e-07
     0.07073    0.004273    0.004272   2.375e-13   5.362e-07
     0.08073      0.0047      0.0047   2.375e-13   5.462e-07
     0.09073    0.005128    0.005127   2.375e-13   5.563e-07
      0.1007    0.005478    0.005477   2.375e-13   5.667e-07
      0.1107    0.005918    0.005917   2.375e-13   5.772e-07
      0.1207    0.006339    0.006339   2.375e-13   5.879e-07
      0.1307    0.006675    0.006674   2.375e-13   5.989e-07
      0.1407    0.007011     0.00701   2.375e-13     6.1e-07
      0.1507    0.007371     0.00737   2.375e-13   6.214e-07
      0.1607    0.007748    0.007747   2.375e-13   6.329e-07
      0.1707     0.00812    0.008119   2.375e-13   6.447e-07
      0.1807    0.008455    0.008454   2.375e-13   6.567e-07
      0.1907    0.008815    0.008814   2.375e-13   6.689e-07
      0.2007    0.009195    0.009194   2.375e-13   6.813e-07
      0.2107    0.009599    0.009599   2.375e-13    6.94e-07
      0.2207     0.01005     0.01005   2.375e-13   7.069e-07
      0.2307     0.01051     0.01051   2.375e-13     7.2e-07
      0.2407     0.01095     0.01095   2.375e-13   7.334e-07
      0.2507      0.0114      0.0114   2.375e-13    7.47e-07
      0.2607     0.01188     0.01188   2.375e-13   7.609e-07
      0.2707      0.0124      0.0124   2.375e-13   7.751e-07
      0.2807      0.0129      0.0129   2.375e-13   7.895e-07
      0.2907     0.01341     0.01341   2.375e-13   8.042e-07
      0.3007     0.01393     0.01393   2.375e-13   8.191e-07
      0.3107     0.01448     0.01448   2.375e-13   8.343e-07
      0.3207       0.015       0.015   2.375e-13   8.498e-07
      0.3307     0.01564     0.01564   2.375e-13   8.656e-07
      0.3407     0.01629     0.01629   2.375e-13   8.817e-07
      0.3507     0.01698     0.01698   2.375e-13   8.981e-07
      0.3607     0.01766     0.01766   2.375e-13   9.148e-07
      0.3707     0.01827     0.01827   2.375e-13   9.318e-07
      0.3807     0.01901     0.01901   2.375e-13   9.492e-07
      0.3907     0.01976     0.01976   2.375e-13   9.668e-07
      0.4007     0.02046     0.02046   2.375e-13   9.848e-07
      0.4107     0.02121     0.02121   2.375e-13   1.003e-06
      0.4207       0.022       0.022   2.375e-13   1.022e-06
      0.4307     0.02265     0.02265   2.375e-13   1.041e-06
      0.4407     0.02344      0.0234   2.375e-13   4.412e-05
      0.4507      0.0243     0.02418   2.375e-13   0.0001247
      0.4607     0.02498     0.02478   2.375e-13    0.000199
      0.4707     0.02565     0.02538   2.375e-13   0.0002711
      0.4807     0.02628     0.02594   2.375e-13   0.0003457
      0.4907     0.02694     0.02652   2.375e-13   0.0004228
      0.5007     0.02772     0.02723   2.375e-13   0.0004911
      0.5107     0.02836     0.02781   2.375e-13   0.0005432
      0.5207     0.02899     0.02842   2.375e-13   0.0005794
      0.5307     0.02964     0.02904   2.375e-13    0.000598
      0.5407     0.03012     0.02953   2.375e-13   0.0005878
      0.5507     0.03066     0.03007   2.375e-13   0.0005864
      0.5607     0.03135     0.03075   2.375e-13   0.0006012
      0.5707     0.03199     0.03137   2.375e-13   0.0006222
      0.5807     0.03276     0.03212   2.375e-13   0.0006448
      0.5907     0.03345     0.03278   2.375e-13   0.0006657
      0.6007     0.03417     0.03349   2.375e-13    0.000681
      0.6107     0.03494     0.03425   2.375e-13   0.0006862
      0.6207     0.03581     0.03513   2.375e-13   0.0006814
      0.6307     0.03664     0.03596   2.375e-13   0.0006775
      0.6407     0.03739     0.03671   2.375e-13   0.0006819
      0.6507     0.03791     0.03721   2.375e-13   0.0006929
      0.6607     0.03837     0.03766   2.375e-13   0.0007064
      0.6707     0.03908     0.03836   2.375e-13   0.0007213
      0.6807     0.03946     0.03872   2.375e-13   0.0007419
      0.6907     0.03987      0.0391   2.375e-13   0.0007702
      0.7007      0.0401     0.03929   2.375e-13   0.0008043
      0.7107      0.0402     0.03936   2.375e-13   0.0008429
      0.7207     0.04025     0.03936   2.375e-13   0.0008852
      0.7307     0.04006     0.03913   2.375e-13   0.0009307
      0.7407     0.03977     0.03879   2.375e-13   0.0009794
      0.7507     0.03904       0.038   2.375e-13    0.001031
      0.7607     0.03839      0.0373   2.375e-13    0.001087
      0.7707     0.03772     0.03657   2.375e-13    0.001146
      0.7807     0.03679     0.03558   2.375e-13    0.001211
      0.7907     0.03567     0.03439   2.375e-13    0.001284
      0.8007     0.03455     0.03319   2.375e-13    0.001364
      0.8107     0.03383     0.03239   2.375e-13    0.001446
      0.8207     0.03298     0.03145   2.375e-13    0.001528
      0.8307     0.03238     0.03077   2.375e-13    0.001612
      0.8407     0.03172     0.03002   2.375e-13      0.0017
      0.8507     0.03133     0.02923   0.0002959    0.001796
      0.8607     0.03055     0.02835    0.000299    0.001904
      0.8707     0.02972     0.02738   0.0003029    0.002033
      0.8807     0.02918     0.02666   0.0003077    0.002209
      0.8907     0.02866     0.02582   0.0003139    0.002524
      0.9007      0.0288     0.02497   0.0003216    0.003503
      0.9107     0.03839     0.02457   0.0003311     0.01349
      0.9207      0.0392     0.02445   0.0003427     0.01441
      0.9307     0.03932     0.02423   0.0003567     0.01473
      0.9407     0.03906     0.02374   0.0003733     0.01494
      0.9507     0.03874     0.02322   0.0003927     0.01512
      0.9607     0.03814     0.02244   0.0004154     0.01529
      0.9707     0.03745     0.02156   0.0004414     0.01545
      0.9807     0.03687     0.02079   0.0004711      0.0156
      0.9907     0.03653     0.02028   0.0005048     0.01575
       1.001     0.03631     0.01987   0.0005427      0.0159
       1.011     0.03609      0.0195   0.0005852     0.01601
       1.021     0.03583      0.0192   0.0006323       0.016
       1.031     0.03476     0.01873   0.0006845     0.01535
       1.041     0.02466      0.0182    0.000742    0.005715
       1.051     0.02351     0.01752   0.0008051    0.005187
       1.061     0.02291     0.01674   0.0008738    0.005298
       1.071     0.02257     0.01606   0.0009481    0.005563
       1.081     0.02237     0.01541    0.001028    0.005935
       1.091      0.0224     0.01485    0.001113    0.006431
       1.101     0.02275     0.01437    0.001202    0.007178
       1.111     0.02386      0.0139    0.001295     0.00866
       1.121      0.0247     0.01342    0.001391    0.009892
       1.131     0.02559     0.01292     0.00149     0.01119
       1.141     0.02746     0.01239    0.001589     0.01347
       1.151     0.02998     0.01181    0.001688     0.01648
       1.161      0.0325     0.01142    0.001785     0.01929
       1.171     0.03738     0.01107    0.001879     0.02443
       1.181     0.05528      0.0108    0.001971     0.04252
       1.191      0.0693      0.0105    0.002061     0.05674
       1.201     0.07572      0.0102    0.002149     0.06337
       1.211     0.08207    0.009899    0.002234     0.06993
       1.221      0.0889    0.009614    0.002316     0.07697
       1.231     0.09561    0.009326    0.002397     0.08389
       1.241      0.1033    0.009037    0.002478     0.09176
       1.251      0.1151    0.008761    0.002557      0.1038
       1.261      0.1348    0.008471    0.002636      0.1237
       1.271      0.1688    0.008179    0.002716      0.1579
       1.281      0.2026    0.007901    0.002798      0.1919
       1.291      0.2301    0.007612    0.002882      0.2196
       1.301      0.2432    0.007335     0.00297      0.2329
       1.311      0.2401    0.007059    0.003059        0.23
       1.321      0.2438    0.006808    0.003153      0.2339
       1.331      0.2536    0.006573     0.00325      0.2438
       1.341      0.2564    0.006364    0.003354      0.2466
       1.351      0.2564    0.006151    0.003463      0.2467
       1.361      0.2556    0.005961     0.00358       0.246
       1.371      0.2529    0.005779    0.003707      0.2434
       1.381      0.2464    0.005597    0.003849      0.2369
       1.391      0.2321    0.005423    0.004003      0.2227
       1.401      0.2031    0.005245    0.004171      0.1937
       1.411      0.1743    0.005059    0.004352      0.1649
       1.421      0.1539    0.004871    0.004547      0.1445
       1.431      0.1504    0.004682    0.004743       0.141
       1.441      0.1837    0.004495    0.004945      0.1743
       1.451      0.1955    0.004303    0.005147      0.1861
       1.461      0.1997    0.004108    0.005349      0.1902
       1.471      0.2147    0.003902    0.005552      0.2052
       1.481      0.2303    0.003702    0.005754      0.2208
       1.491      0.2555    0.003496    0.005953       0.246
       1.501       0.272    0.003289    0.006155      0.2625
       1.511      0.2841    0.003082    0.006361      0.2746
       1.521      0.2977    0.002881    0.006571      0.2882
       1.531      0.3076    0.002693    0.006786      0.2981
       1.541      0.3171    0.002518    0.007009      0.3075
       1.551      0.3237    0.002355    0.007245      0.3141
       1.561      0.3256    0.002205    0.007507      0.3159
       1.571      0.2947    0.002066     0.00779      0.2848
       1.581      0.2836    0.001938    0.008091      0.2736
       1.591      0.2835     0.00182    0.008418      0.2733
       1.601      0.2825    0.001712    0.008775       0.272
       1.611      0.2882    0.001613    0.009156      0.2774
       1.621      0.2872    0.001523    0.009557      0.2761
       1.631      0.2965    0.001441    0.009975      0.2851
       1.641      0.3075    0.001367      0.0104      0.2957
       1.651      0.3158      0.0013     0.01082      0.3037
       1.661       0.328    0.001239     0.01124      0.3155
       1.671      0.3414    0.001183     0.01165      0.3285
       1.681      0.3558    0.001133     0.01206      0.3426
       1.691       0.371    0.001087     0.01243      0.3574
       1.701      0.3863    0.001046     0.01278      0.3725
       1.711      0.4017    0.001007     0.01311      0.3876
       1.721      0.4165   0.0009716     0.01341      0.4022
       1.731      0.4301   0.0009384     0.01366      0.4155
       1.741      0.4402   0.0009071     0.01389      0.4254
       1.751      0.4502   0.0008774     0.01407      0.4352
       1.761      0.4608   0.0008489     0.01422      0.4458
       1.771      0.4769   0.0008214     0.01434      0.4617
       1.781      0.4967   0.0007945     0.01443      0.4815
       1.791      0.5192   0.0007682      0.0145      0.5039
       1.801      0.5438   0.0007423     0.01454      0.5285
       1.811      0.5729   0.0007167     0.01456      0.5576
       1.821      0.6061   0.0006913     0.01458      0.5908
       1.831      0.6439   0.0006663     0.01458      0.6286
       1.841       0.687   0.0006415     0.01459      0.6717
       1.851      0.7358   0.0006171     0.01459      0.7206
       1.861      0.7912   0.0005931      0.0146       0.776
       1.871      0.8538   0.0005694      0.0146      0.8386
       1.881      0.9241   0.0005462     0.01461       0.909
       1.891       1.003   0.0005234     0.01463      0.9876
       1.901        1.09    0.000501     0.01464       1.075
       1.911       1.186   0.0004791     0.01466       1.171
       1.921       1.291   0.0004577     0.01467       1.276
       1.931       1.405   0.0004369     0.01468        1.39
       1.941       1.528   0.0004166     0.01469       1.513
       1.951       1.659   0.0003969     0.01468       1.643
       1.961       1.797   0.0003777     0.01466       1.782
       1.971       1.944   0.0003592     0.01463       1.929
       1.981       2.097   0.0003413     0.01458       2.082
       1.991       2.257   0.0003241     0.01451       2.242
       2.001       2.422   0.0003076     0.01443       2.408
       2.011       2.594   0.0002918     0.01433       2.579
       2.021       2.771   0.0002768     0.01421       2.757
       2.031       2.953   0.0002624     0.01407       2.939
       2.041       3.141   0.0002488     0.01392       3.127
       2.051       3.334    0.000236     0.01375        3.32
       2.061       3.534   0.0002238     0.01356        3.52
       2.071       3.739   0.0002124     0.01336       3.725
       2.081       3.951   0.0002017     0.01315       3.937
       2.091       4.169   0.0001917     0.01292       4.156
       2.101       4.395   0.0001823     0.01268       4.382
       2.111       4.627   0.0001735     0.01244       4.615
       2.121       4.867   0.0001654     0.01218       4.855
       2.131       5.115   0.0001578     0.01191       5.103
       2.141       5.369   0.0001506     0.01164       5.357
       2.151       5.629    0.000144     0.01137       5.618
       2.161       5.896   0.0001378     0.01108       5.885
       2.171       6.168   0.0001319     0.01079       6.157
       2.181       6.445   0.0001264     0.01051       6.434
       2.191       6.724   0.0001211     0.01021       6.714
       2.201       7.007   0.0001161    0.009918       6.997
       2.211        7.29   0.0001114    0.009623       7.281
       2.221       7.574   0.0001068    0.009328       7.564
       2.231       7.855   0.0001024    0.009032       7.846
       2.241       8.134   9.818e-05    0.008737       8.125
       2.251       8.409   9.408e-05    0.008443         8.4
       2.261       8.677   9.011e-05    0.008152       8.669
       2.271       8.938   8.625e-05    0.007864        8.93
       2.281        9.19   8.251e-05    0.007577       9.182
       2.291       9.431   7.888e-05    0.007294       9.424
       2.301       9.661   7.536e-05    0.007017       9.654
       2.311       9.876   7.197e-05    0.006743        9.87
       2.321       10.08    6.87e-05    0.006473       10.07
       2.331       10.26   6.556e-05    0.006209       10.26
       2.341       10.43   6.255e-05    0.005951       10.43
       2.351       10.58   5.967e-05    0.005696       10.58
       2.361       10.72   5.693e-05    0.005449       10.71
       2.371       10.83   5.431e-05    0.005207       10.83
       2.381       10.93   5.182e-05    0.004974       10.92
       2.391          11   4.946e-05    0.004748          11
       2.401       11.06   4.721e-05    0.004528       11.05
       2.411       11.09   4.508e-05    0.004315       11.09
       2.421       11.11   4.305e-05    0.004108        11.1
       2.431        11.1   4.111e-05    0.003907        11.1
       2.441       11.08   3.927e-05    0.003715       11.08
       2.451       11.04   3.752e-05    0.003529       11.04
       2.461       10.98   3.584e-05    0.003351       10.98
       2.471       10.91   3.424e-05    0.003177       10.91
       2.481       10.83   3.271e-05    0.003014       10.82
       2.491       10.73   3.124e-05    0.002856       10.73
       2.501       10.62   2.984e-05    0.002703       10.62
       2.511        10.5   2.849e-05    0.002558        10.5
       2.521       10.38   2.721e-05    0.002419       10.38
       2.531       10.25   2.598e-05    0.002286       10.25
       2.541        10.1    2.48e-05    0.002159        10.1
       2.551       9.937   2.368e-05    0.002038       9.935
       2.561       9.754   2.261e-05    0.001924       9.752
       2.571       9.555    2.16e-05    0.001813       9.553
       2.581       9.338   2.062e-05     0.00171       9.337
       2.591       9.108   1.969e-05     0.00161       9.106
       2.601       8.863    1.88e-05    0.001515       8.862
       2.611       8.607   1.794e-05    0.001425       8.605
       2.621       8.338   1.711e-05     0.00134       8.337
       2.631       8.058   1.631e-05     0.00126       8.057
       2.641       7.767   1.553e-05    0.001184       7.766
       2.651       7.467   1.477e-05    0.001111       7.465
       2.661        7.16   1.402e-05    0.001042       7.159
       2.671       6.854   1.329e-05   0.0009776       6.853
       2.681       6.554   1.256e-05   0.0009168       6.553
       2.691       6.263   1.183e-05   0.0008594       6.262
       2.701       5.981   1.111e-05   0.0008048        5.98
       2.711       5.708   1.039e-05   0.0007542       5.707
       2.721       5.443   9.666e-06   0.0007064       5.442
       2.731       5.187   8.944e-06   0.0006619       5.186
       2.741       4.938   8.222e-06    0.000619       4.938
       2.751       4.698     7.5e-06   0.0005793       4.697
       2.761       4.465   6.777e-06   0.0005415       4.464
       2.771        4.24   6.055e-06   0.0005063       4.239
       2.781       4.022   5.332e-06   0.0004731       4.022
       2.791       3.811   4.609e-06    0.000442       3.811
       2.801       3.608   3.886e-06   0.0004127       3.607
       2.811       3.411   3.163e-06   0.0003852        3.41
       2.821       3.221   2.439e-06   0.0003596        3.22
       2.831       3.038   1.716e-06   0.0003358       3.037
       2.841       2.862   9.921e-07   0.0003132       2.861
       2.851       2.693   2.683e-07   0.0002924       2.693
       2.861       2.531  -4.557e-07   0.0002729       2.531
       2.871       2.376   -1.18e-06   0.0002548       2.376
       2.881       2.229  -1.904e-06   0.0002379       2.228
       2.891       2.088  -2.628e-06   0.0002219       2.088
       2.901       1.953  -3.353e-06   0.0002071       1.953
       2.911       1.826  -4.077e-06   0.0001934       1.826
       2.921       1.706  -4.802e-06   0.0001803       1.705
       2.931       1.592  -5.527e-06   0.0001683       1.592
       2.941       1.486  -6.252e-06   0.0001571       1.486
       2.951       1.386  -6.977e-06   0.0001465       1.386
       2.961       1.293  -7.702e-06   0.0001368       1.293
       2.971       1.205  -8.427e-06   0.0001277       1.205
       2.981       1.123  -9.152e-06   0.0001191       1.123
       2.991       1.046  -9.877e-06   0.0001112       1.046
       3.001      0.9743   -1.06e-05   0.0001038      0.9742
       3.011       0.907  -1.133e-05   9.684e-05      0.9069
       3.021      0.8442  -1.205e-05    9.04e-05      0.8442
       3.031      0.7856  -1.278e-05   8.438e-05      0.7855
       3.041      0.7309  -1.351e-05   7.874e-05      0.7308
       3.051      0.6798  -1.423e-05   7.347e-05      0.6797
       3.061      0.6322  -1.496e-05   6.858e-05      0.6321
       3.071      0.5877  -1.568e-05   6.397e-05      0.5877
       3.081      0.5463  -1.641e-05   5.971e-05      0.5463
       3.091      0.5078  -1.713e-05   5.569e-05      0.5078
       3.101      0.4719  -1.786e-05     5.2e-05      0.4719
       3.111      0.4385  -1.859e-05   4.854e-05      0.4384
       3.121      0.4074  -1.931e-05   4.529e-05      0.4074
       3.131      0.3784  -2.004e-05   4.226e-05      0.3784
       3.141      0.3515  -2.077e-05   3.944e-05      0.3515
       3.151      0.3265  -2.149e-05    3.68e-05      0.3265
       3.161      0.3032  -2.222e-05   3.433e-05      0.3032
       3.171      0.2816  -2.294e-05   3.203e-05      0.2816
       3.181      0.2615  -2.367e-05    2.99e-05      0.2615
       3.191      0.2428   -2.44e-05    2.79e-05      0.2428
       3.201      0.2254  -2.512e-05   2.605e-05      0.2254
       3.211      0.2093  -2.585e-05    2.43e-05      0.2093
       3.221      0.1944  -2.658e-05   2.268e-05      0.1944
       3.231      0.1805   -2.73e-05   2.116e-05      0.1805
       3.241      0.1676  -2.803e-05   1.975e-05      0.1676
       3.251      0.1556  -2.876e-05   1.843e-05      0.1556
       3.261      0.1444  -2.948e-05    1.72e-05      0.1445
       3.271      0.1341  -3.021e-05   1.607e-05      0.1341
       3.281      0.1245  -3.094e-05   1.499e-05      0.1246
       3.291      0.1156  -3.166e-05     1.4e-05      0.1157
       3.301      0.1074  -3.239e-05   1.306e-05      0.1074
       3.311      0.0997  -3.312e-05   1.218e-05     0.09972
       3.321     0.09258  -3.384e-05   1.137e-05     0.09261
       3.331     0.08597  -3.457e-05   1.061e-05       0.086
       3.341     0.07984   -3.53e-05   9.904e-06     0.07987
       3.351     0.07413  -3.602e-05   9.242e-06     0.07416
       3.361     0.06884  -3.675e-05   8.626e-06     0.06887
       3.371     0.06392  -3.748e-05   8.049e-06     0.06395
       3.381     0.05936  -3.821e-05   7.513e-06     0.05939
       3.391     0.05512  -3.893e-05   7.008e-06     0.05515
       3.401     0.05118  -3.966e-05   6.534e-06     0.05121
       3.411     0.04752  -4.039e-05   6.101e-06     0.04756
       3.421     0.04413  -4.111e-05   5.696e-06     0.04417
       3.431     0.04098  -4.184e-05   5.314e-06     0.04102
       3.441     0.03806  -4.257e-05   4.952e-06     0.03809
       3.451     0.03534  -4.329e-05   2.375e-13     0.03539
       3.461     0.03283  -4.402e-05   2.375e-13     0.03287
       3.471      0.0305  -4.475e-05   2.375e-13     0.03054
       3.481     0.02834  -4.548e-05   2.375e-13     0.02839
       3.491     0.02634   -4.62e-05   2.375e-13     0.02639
       3.501     0.02449  -4.693e-05   2.375e-13     0.02454
       3.511     0.02277  -4.766e-05   2.375e-13     0.02282
       3.521     0.02119  -4.838e-05   2.375e-13     0.02124
       3.531     0.01972  -4.911e-05   2.375e-13     0.01977
       3.541     0.01836  -4.984e-05   2.375e-13     0.01841
       3.551      0.0171  -5.057e-05   2.375e-13     0.01715
       3.561     0.01594  -5.129e-05   2.375e-13     0.01599
       3.571     0.01487  -5.202e-05   2.375e-13     0.01492
       3.581     0.01388  -5.275e-05   2.375e-13     0.01393
       3.591     0.01296  -5.347e-05   2.375e-13     0.01301
       3.601     0.01211   -5.42e-05   2.375e-13     0.01217
       3.611     0.01133  -5.493e-05   2.375e-13     0.01138
       3.621     0.01061  -5.566e-05   2.375e-13     0.01066
       3.631     0.00994  -5.638e-05   2.375e-13    0.009997
       3.641    0.009326  -5.711e-05   2.375e-13    0.009383
       3.651    0.008759  -5.784e-05   2.375e-13    0.008817
       3.661    0.008237  -5.856e-05   2.375e-13    0.008295
       3.671    0.007756  -5.929e-05   2.375e-13    0.007815
       3.681    0.007313  -6.002e-05   2.375e-13    0.007373
       3.691    0.006906  -6.075e-05   2.375e-13    0.006967
       3.701     0.00653  -6.147e-05   2.375e-13    0.006592
       3.711    0.006186   -6.22e-05   2.375e-13    0.006248
       3.721    0.005869  -6.293e-05   2.375e-13    0.005932
       3.731    0.005579  -6.365e-05   2.375e-13    0.005643
       3.741    0.005313  -6.438e-05   2.375e-13    0.005377
       3.751     0.00507  -6.511e-05   2.375e-13    0.005135
       3.761    0.004847  -6.584e-05   2.375e-13    0.004913
       3.771    0.004644  -6.656e-05   2.375e-13    0.004711
       3.781    0.004458  -6.729e-05   2.375e-13    0.004526
       3.791     0.00429  -6.802e-05   2.375e-13    0.004358
       3.801    0.004137  -6.874e-05   2.375e-13    0.004205
       3.811    0.003998  -6.947e-05   2.375e-13    0.004067
       3.821    0.003872   -7.02e-05   2.375e-13    0.003943
       3.831    0.003759  -7.093e-05   2.375e-13     0.00383
       3.841    0.003658  -7.165e-05   2.375e-13     0.00373
       3.851    0.003567  -7.238e-05   2.375e-13     0.00364
       3.861    0.003487  -7.311e-05   2.375e-13     0.00356
       3.871    0.003415  -7.384e-05   2.375e-13    0.003489
       3.881    0.003353  -7.456e-05   2.375e-13    0.003427
       3.891    0.003298  -7.529e-05   2.375e-13    0.003373
       3.901    0.003251  -7.602e-05   2.375e-13    0.003327
       3.911    0.003211  -7.674e-05   2.375e-13    0.003288
       3.921    0.003178  -7.747e-05   2.375e-13    0.003255
       3.931     0.00315   -7.82e-05   2.375e-13    0.003229
       3.941    0.003129  -7.893e-05   2.375e-13    0.003208
       3.951    0.003113  -7.965e-05   2.375e-13    0.003193
       3.961    0.003102  -8.038e-05   2.375e-13    0.003183
       3.971    0.003096  -8.111e-05   2.375e-13    0.003177
       3.981    0.003095  -8.183e-05   2.375e-13    0.003177
       3.991    0.003097  -8.256e-05   2.375e-13     0.00318
       4.001    0.003104  -8.329e-05   2.375e-13    0.003188
       4.011    0.003115  -8.402e-05   2.375e-13    0.003199
       4.021    0.003129  -8.474e-05   2.375e-13    0.003214
       4.031    0.003147  -8.547e-05   2.375e-13    0.003232
       4.041    0.003168   -8.62e-05   2.375e-13    0.003254
       4.051    0.003192  -8.692e-05   2.375e-13    0.003279
       4.061    0.003219  -8.765e-05   2.375e-13    0.003306
       4.071    0.003249  -8.838e-05   2.375e-13    0.003337
       4.081    0.003281   -8.91e-05   2.375e-13     0.00337
       4.091    0.003317  -8.983e-05   2.375e-13    0.003406
       4.101    0.003354  -9.056e-05   2.375e-13    0.003445
       4.111    0.003395  -9.129e-05   2.375e-13    0.003486
       4.121    0.003437  -9.201e-05   2.375e-13    0.003529
       4.131    0.003482  -9.274e-05   2.375e-13    0.003575
       4.141    0.003529  -9.347e-05   2.375e-13    0.003623
       4.151    0.003579  -9.419e-05   2.375e-13    0.003673
       4.161     0.00363  -9.492e-05   2.375e-13    0.003725
       4.171    0.003684  -9.565e-05   2.375e-13     0.00378
       4.181    0.003739  -9.638e-05   2.375e-13    0.003836
       4.191    0.003797   -9.71e-05   2.375e-13    0.003894
       4.201    0.003857  -9.783e-05   2.375e-13    0.003955
       4.211    0.003918  -9.856e-05   2.375e-13    0.004017
       4.221    0.003982  -9.928e-05   2.375e-13    0.004081
       4.231    0.004047     -0.0001   2.375e-13    0.004147
       4.241    0.004114  -0.0001007   2.375e-13    0.004215
       4.251    0.004183  -0.0001015   2.375e-13    0.004285
       4.261    0.004255  -0.0001022   2.375e-13    0.004357
       4.271    0.004327  -0.0001029   2.375e-13     0.00443
       4.281    0.004402  -0.0001036   2.375e-13    0.004506
       4.291    0.004479  -0.0001044   2.375e-13    0.004583
       4.301    0.004557  -0.0001051   2.375e-13    0.004662
       4.311    0.004638  -0.0001058   2.375e-13    0.004744
       4.321     0.00472  -0.0001066   2.375e-13    0.004826
       4.331    0.004804  -0.0001073   2.375e-13    0.004911
       4.341     0.00489   -0.000108   2.375e-13    0.004998
       4.351    0.004978  -0.0001087   2.375e-13    0.005087
       4.361    0.005068  -0.0001095   2.375e-13    0.005177
       4.371     0.00516  -0.0001102   2.375e-13     0.00527
       4.381    0.005254  -0.0001109   2.375e-13    0.005365
       4.391    0.005349  -0.0001116   2.375e-13    0.005461
       4.401    0.005447  -0.0001124   2.375e-13     0.00556
       4.411    0.005547  -0.0001131   2.375e-13     0.00566
       4.421    0.005649  -0.0001138   2.375e-13    0.005763
       4.431    0.005753  -0.0001146   2.375e-13    0.005867
       4.441    0.005859  -0.0001153   2.375e-13    0.005974
       4.451    0.005967   -0.000116   2.375e-13    0.006083
       4.461    0.006078  -0.0001167   2.375e-13    0.006194
       4.471     0.00619  -0.0001175   2.375e-13    0.006308
       4.481    0.006305  -0.0001182   2.375e-13    0.006423
       4.491    0.006422  -0.0001189   2.375e-13    0.006541
       4.501    0.006541  -0.0001196   2.375e-13    0.006661
       4.511    0.006663  -0.0001204   2.375e-13    0.006783
       4.521    0.006787  -0.0001211   2.375e-13    0.006908
       4.531    0.006913  -0.0001218   2.375e-13    0.007035
       4.541    0.007042  -0.0001225   2.375e-13    0.007165
       4.551    0.007174  -0.0001233   2.375e-13    0.007297
       4.561    0.007307   -0.000124   2.375e-13    0.007431
       4.571    0.007444  -0.0001247   2.375e-13    0.007569
       4.581    0.007583  -0.0001255   2.375e-13    0.007708
       4.591    0.007725  -0.0001262   2.375e-13    0.007851
       4.601    0.007869  -0.0001269   2.375e-13    0.007996
       4.611    0.008016  -0.0001276   2.375e-13    0.008144
       4.621    0.008166  -0.0001284   2.375e-13    0.008295
       4.631    0.008319  -0.0001291   2.375e-13    0.008448
       4.641    0.008475  -0.0001298   2.375e-13    0.008605
       4.651    0.008634  -0.0001305   2.375e-13    0.008764
       4.661    0.008795  -0.0001313   2.375e-13    0.008927
       4.671     0.00896   -0.000132   2.375e-13    0.009092
       4.681    0.009128  -0.0001327   2.375e-13    0.009261
       4.691    0.009299  -0.0001335   2.375e-13    0.009432
       4.701    0.009473  -0.0001342   2.375e-13    0.009607
       4.711    0.009651  -0.0001349   2.375e-13    0.009786
       4.721    0.009832  -0.0001356   2.375e-13    0.009967
       4.731     0.01002  -0.0001364   2.375e-13     0.01015
       4.741      0.0102  -0.0001371   2.375e-13     0.01034
       4.751     0.01039  -0.0001378   2.375e-13     0.01053
       4.761     0.01059  -0.0001385   2.375e-13     0.01073
       4.771     0.01079  -0.0001393   2.375e-13     0.01093
       4.781     0.01099    -0.00014   2.375e-13     0.01113
       4.791      0.0112  -0.0001407   2.375e-13     0.01134
       4.801     0.01141  -0.0001414   2.375e-13     0.01155
       4.811     0.01162  -0.0001422   2.375e-13     0.01176
       4.821     0.01184  -0.0001429   2.375e-13     0.01198
       4.831     0.01206  -0.0001436   2.375e-13      0.0122
       4.841     0.01229  -0.0001444   2.375e-13     0.01243
       4.851     0.01252  -0.0001451   2.375e-13     0.01266
       4.861     0.01275  -0.0001458   2.375e-13      0.0129
       4.871     0.01299  -0.0001465   2.375e-13     0.01314
       4.881     0.01323  -0.0001473   2.375e-13     0.01338
       4.891     0.01348   -0.000148   2.375e-13     0.01363
       4.901     0.01373  -0.0001487   2.375e-13     0.01388
       4.911     0.01399  -0.0001494   2.375e-13     0.01414
       4.921     0.01425  -0.0001502   2.375e-13      0.0144
       4.931     0.01452  -0.0001509   2.375e-13     0.01467
       4.941     0.01479  -0.0001516   2.375e-13     0.01494
       4.951     0.01507  -0.0001524   2.375e-13     0.01522
       4.961     0.01535  -0.0001531   2.375e-13      0.0155
       4.971     0.01564  -0.0001538   2.375e-13     0.01579
       4.981     0.01593  -0.0001545   2.375e-13     0.01609
       4.991     0.01623  -0.0001553   2.375e-13     0.01638
       5.001     0.01653   -0.000156   2.375e-13     0.01669
       5.011     0.01684  -0.0001567   2.375e-13       0.017
       5.021     0.01716  -0.0001574   2.375e-13     0.01731
       5.031     0.01748  -0.0001582   2.375e-13     0.01764
       5.041     0.01781  -0.0001589   2.375e-13     0.01796
       5.051     0.01814  -0.0001596   2.375e-13      0.0183
       5.061     0.01848  -0.0001603   2.375e-13     0.01864
       5.071     0.01882  -0.0001611   2.375e-13     0.01899
       5.081     0.01918  -0.0001618   2.375e-13     0.01934
       5.091     0.01953  -0.0001625   2.375e-13      0.0197
       5.101      0.0199  -0.0001633   2.375e-13     0.02006
       5.111     0.02027   -0.000164   2.375e-13     0.02044
       5.121     0.02065  -0.0001647   2.375e-13     0.02082
       5.131     0.02104  -0.0001654   2.375e-13      0.0212
       5.141     0.02143  -0.0001662   2.375e-13      0.0216
       5.151     0.02183  -0.0001669   2.375e-13       0.022
       5.161     0.02224  -0.0001676   2.375e-13     0.02241
       5.171     0.02266  -0.0001683   2.375e-13     0.02282
       5.181     0.02308  -0.0001691   2.375e-13     0.02325
       5.191     0.02351  -0.0001698   2.375e-13     0.02368
       5.201     0.02395  -0.0001705   2.375e-13     0.02412
       5.211      0.0244  -0.0001712   2.375e-13     0.02457
       5.221     0.02485   -0.000172   2.375e-13     0.02503
       5.231     0.02532  -0.0001727   2.375e-13     0.02549
       5.241     0.02579  -0.0001734   2.375e-13     0.02597
       5.251     0.02627  -0.0001742   2.375e-13     0.02645
       5.261     0.02677  -0.0001749   2.375e-13     0.02694
       5.271     0.02727  -0.0001756   2.375e-13     0.02744
       5.281     0.02778  -0.0001763   2.375e-13     0.02795
       5.291     0.02829  -0.0001771   2.375e-13     0.02847
       5.301     0.02882  -0.0001778   2.375e-13       0.029
       5.311     0.02936  -0.0001785   2.375e-13     0.02954
       5.321     0.02991  -0.0001792   2.375e-13     0.03009
       5.331     0.03047    -0.00018   2.375e-13     0.03065
       5.341     0.03104  -0.0001807   2.375e-13     0.03122
       5.351     0.03162  -0.0001814   2.375e-13      0.0318
       5.361     0.03221  -0.0001822   2.375e-13     0.03239
       5.371     0.03281  -0.0001829   2.375e-13     0.03299
       5.381     0.03342  -0.0001836   2.375e-13      0.0336
       5.391     0.03405  -0.0001843   2.375e-13     0.03423
       5.401     0.03468  -0.0001851   2.375e-13     0.03487
       5.411     0.03533  -0.0001858   2.375e-13     0.03551
       5.421     0.03599  -0.0001865   2.375e-13     0.03617
       5.431     0.03666  -0.0001872   2.375e-13     0.03685
       5.441     0.03734   -0.000188   2.375e-13     0.03753
       5.451     0.03804  -0.0001887   2.375e-13     0.03823
       5.461     0.03875  -0.0001894   2.375e-13     0.03894
       5.471     0.03947  -0.0001901   2.375e-13     0.03966
       5.481     0.04021  -0.0001909   2.375e-13      0.0404
       5.491     0.04096  -0.0001916   2.375e-13     0.04115
       5.501     0.04173  -0.0001923   2.375e-13     0.04192
       5.511      0.0425  -0.0001931   2.375e-13      0.0427
       5.521      0.0433  -0.0001938   2.375e-13     0.04349
       5.531     0.04411  -0.0001945   2.375e-13      0.0443
       5.541     0.04493  -0.0001952   2.375e-13     0.04512
       5.551     0.04577   -0.000196   2.375e-13     0.04596
       5.561     0.04662  -0.0001967   2.375e-13     0.04682
       5.571     0.04749  -0.0001974   2.375e-13     0.04769
       5.581     0.04838  -0.0001981   2.375e-13     0.04857
       5.591     0.04928  -0.0001989   2.375e-13     0.04948
       5.601      0.0502  -0.0001996   2.375e-13      0.0504
       5.611     0.05113  -0.0002003   2.375e-13     0.05133
       5.621     0.05209   -0.000201   2.375e-13     0.05229
       5.631     0.05306  -0.0002018   2.375e-13     0.05326
       5.641     0.05405  -0.0002025   2.375e-13     0.05425
       5.651     0.05506  -0.0002032   2.375e-13     0.05526
       5.661     0.05608   -0.000204   2.375e-13     0.05629
       5.671     0.05713  -0.0002047   2.375e-13     0.05733
       5.681     0.05819  -0.0002054   2.375e-13      0.0584
       5.691     0.05928  -0.0002061   2.375e-13     0.05948
       5.701     0.06038  -0.0002069   2.375e-13     0.06059
       5.711     0.06151  -0.0002076   2.375e-13     0.06172
       5.721     0.06266  -0.0002083   2.375e-13     0.06286
       5.731     0.06382   -0.000209   2.375e-13     0.06403
       5.741     0.06501  -0.0002098   2.375e-13     0.06522
       5.751     0.06623  -0.0002105   2.375e-13     0.06644
       5.761     0.06746  -0.0002112   2.375e-13     0.06767
       5.771     0.06872   -0.000212   2.375e-13     0.06893
       5.781        0.07  -0.0002127   2.375e-13     0.07021
       5.791      0.0713  -0.0002134   2.375e-13     0.07152
       5.801     0.07263  -0.0002141   2.375e-13     0.07285
       5.811     0.07399  -0.0002149   2.375e-13      0.0742
       5.821     0.07536  -0.0002156   2.375e-13     0.07558
       5.831     0.07677  -0.0002163   2.375e-13     0.07698
       5.841      0.0782   -0.000217   2.375e-13     0.07842
       5.851     0.07966  -0.0002178   2.375e-13     0.07987
       5.861     0.08114  -0.0002185   2.375e-13     0.08136
       5.871     0.08265  -0.0002192   2.375e-13     0.08287
       5.881     0.08419  -0.0002199   2.375e-13     0.08441
       5.891     0.08576  -0.0002207   2.375e-13     0.08598
       5.901     0.08736  -0.0002214   2.375e-13     0.08758
       5.911     0.08899  -0.0002221   2.375e-13     0.08921
       5.921     0.09064  -0.0002229   2.375e-13     0.09087
       5.931     0.09233  -0.0002236   2.375e-13     0.09256
       5.941     0.09405  -0.0002243   2.375e-13     0.09428
       5.951      0.0958   -0.000225   2.375e-13     0.09603
       5.961     0.09759  -0.0002258   2.375e-13     0.09781
       5.971     0.09941  -0.0002265   2.375e-13     0.09963
       5.981      0.1013  -0.0002272   2.375e-13      0.1015
       5.991      0.1031  -0.0002279   2.375e-13      0.1034
       6.001      0.1051  -0.0002287   2.375e-13      0.1053
       6.011       0.107  -0.0002294   2.375e-13      0.1073
       6.021       0.109  -0.0002301   2.375e-13      0.1092
       6.031       0.111  -0.0002308   2.375e-13      0.1113
       6.041      0.1131  -0.0002316   2.375e-13      0.1133
