#      _xxWS        ftot       firac        fagn        fsfr
#
     -0.4332     0.03676   1.675e-06           0     0.03676
     -0.4232     0.02909   2.068e-06           0     0.02909
     -0.4132     0.02143   2.592e-06           0     0.02143
     -0.4032     0.01376   3.242e-06           0     0.01376
     -0.3932    0.006102   4.068e-06           0    0.006098
     -0.3832   5.122e-06   5.089e-06           0   3.274e-08
     -0.3732   6.163e-06   6.129e-06           0   3.335e-08
     -0.3632   7.386e-06   7.353e-06           0   3.397e-08
     -0.3532   8.452e-06   8.418e-06           0    3.46e-08
     -0.3432   9.817e-06   9.782e-06           0   3.524e-08
     -0.3332   1.125e-05   1.122e-05           0    3.59e-08
     -0.3232   1.291e-05   1.287e-05           0   3.657e-08
     -0.3132   1.449e-05   1.445e-05           0   3.725e-08
     -0.3032   1.681e-05   1.677e-05           0   3.794e-08
     -0.2932   1.931e-05   1.927e-05           0   3.864e-08
     -0.2832   2.192e-05   2.188e-05           0   3.936e-08
     -0.2732   2.473e-05   2.469e-05           0   4.009e-08
     -0.2632   2.755e-05   2.751e-05           0   4.084e-08
     -0.2532   3.044e-05    3.04e-05           0    4.16e-08
     -0.2432   3.355e-05   3.351e-05           0   4.237e-08
     -0.2332   3.695e-05   3.691e-05           0   4.316e-08
     -0.2232     4.1e-05   4.096e-05           0   4.396e-08
     -0.2132   4.499e-05   4.494e-05           0   4.478e-08
     -0.2032   4.952e-05   4.948e-05           0   4.561e-08
     -0.1932   5.494e-05   5.489e-05           0   4.646e-08
     -0.1832   6.155e-05    6.15e-05           0   4.732e-08
     -0.1732   6.767e-05   6.762e-05           0    4.82e-08
     -0.1632   7.445e-05    7.44e-05           0    4.91e-08
     -0.1532   8.125e-05    8.12e-05           0   5.001e-08
     -0.1432   8.826e-05   8.821e-05           0   5.094e-08
     -0.1332   9.522e-05   9.517e-05           0   5.189e-08
     -0.1232   0.0001026   0.0001026           0   5.285e-08
     -0.1132   0.0001106   0.0001105           0   5.384e-08
     -0.1032   0.0001188   0.0001188           0   5.484e-08
    -0.09325   0.0001276   0.0001275           0   5.586e-08
    -0.08325    0.000137   0.0001369           0   5.689e-08
    -0.07325   0.0001467   0.0001466           0   5.795e-08
    -0.06325   0.0001559   0.0001558           0   5.903e-08
    -0.05325    0.000166   0.0001659           0   6.013e-08
    -0.04325   0.0001767   0.0001767           0   6.124e-08
    -0.03325   0.0001877   0.0001877           0   6.238e-08
    -0.02325   0.0001992   0.0001991           0   6.354e-08
    -0.01325   0.0002116   0.0002115           0   6.472e-08
   -0.003249   0.0002257   0.0002257           0   6.593e-08
    0.006751     0.00024   0.0002399           0   6.715e-08
     0.01675   0.0002548   0.0002548           0    6.84e-08
     0.02675   0.0002709   0.0002708           0   6.967e-08
     0.03675   0.0002867   0.0002866           0   7.097e-08
     0.04675   0.0003033   0.0003032           0   7.229e-08
     0.05675     0.00032   0.0003199           0   7.363e-08
     0.06675   0.0003389   0.0003389           0     7.5e-08
     0.07675   0.0003694   0.0003693           0    7.64e-08
     0.08675   0.0003949   0.0003948           0   7.782e-08
     0.09675   0.0004267   0.0004266           0   7.926e-08
      0.1068   0.0004711   0.0004711           0   8.074e-08
      0.1168   0.0005202   0.0005201           0   8.224e-08
      0.1268   0.0005714   0.0005713           0   8.377e-08
      0.1368   0.0006237   0.0006236           0   8.532e-08
      0.1468   0.0006831    0.000683           0   8.691e-08
      0.1568   0.0007495   0.0007494           0   8.853e-08
      0.1668   0.0008187   0.0008186           0   9.017e-08
      0.1768   0.0008913   0.0008912           0   9.185e-08
      0.1868   0.0009672   0.0009671           0   9.356e-08
      0.1968    0.001041    0.001041           0   9.529e-08
      0.2068    0.001098    0.001098           0   9.707e-08
      0.2168    0.001171    0.001171           0   9.887e-08
      0.2268    0.001239    0.001239           0   1.007e-07
      0.2368    0.001289    0.001289           0   1.026e-07
      0.2468    0.001338    0.001338           0   1.045e-07
      0.2568    0.001391    0.001391           0   1.064e-07
      0.2668    0.001445    0.001445           0   1.084e-07
      0.2768    0.001498    0.001498           0   1.104e-07
      0.2868    0.001543    0.001543           0   1.125e-07
      0.2968    0.001592    0.001592           0   1.146e-07
      0.3068    0.001644    0.001644           0   1.167e-07
      0.3168    0.001699    0.001699           0   1.189e-07
      0.3268    0.001761    0.001761           0   1.211e-07
      0.3368    0.001825    0.001824           0   1.233e-07
      0.3468    0.001883    0.001883           0   1.256e-07
      0.3568    0.001942    0.001942           0    1.28e-07
      0.3668    0.002007    0.002007           0   1.303e-07
      0.3768    0.002076    0.002075           0   1.328e-07
      0.3868     0.00214     0.00214           0   1.352e-07
      0.3968    0.002208    0.002207           0   1.377e-07
      0.4068    0.002273    0.002273           0   1.403e-07
      0.4168    0.002345    0.002345           0   1.429e-07
      0.4268    0.002409    0.002409           0   1.456e-07
      0.4368    0.002493    0.002493           0   1.483e-07
      0.4468    0.002578    0.002578           0    1.51e-07
      0.4568    0.002668    0.002668           0   1.538e-07
      0.4668    0.002755    0.002754           0   1.567e-07
      0.4768     0.00283     0.00283           0   1.596e-07
      0.4868    0.002925    0.002925           0   1.626e-07
      0.4968     0.00302     0.00302           0   1.656e-07
      0.5068    0.003107    0.003107           0   1.687e-07
      0.5168      0.0032      0.0032           0   1.718e-07
      0.5268    0.003299    0.003299           0    1.75e-07
      0.5368    0.003377    0.003376           0   1.783e-07
      0.5468    0.003473    0.003467           0   5.888e-06
      0.5568    0.003578    0.003562           0   1.648e-05
      0.5668    0.003656     0.00363           0   2.624e-05
      0.5768    0.003733    0.003697           0   3.573e-05
      0.5868    0.003804    0.003758           0   4.554e-05
      0.5968    0.003877    0.003822           0   5.568e-05
      0.6068    0.003969    0.003905           0   6.469e-05
      0.6168    0.004039    0.003968           0   7.156e-05
      0.6268     0.00411    0.004034           0   7.636e-05
      0.6368    0.004182    0.004103           0   7.884e-05
      0.6468     0.00423    0.004153           0   7.755e-05
      0.6568    0.004287    0.004209           0   7.743e-05
      0.6668    0.004364    0.004285           0   7.943e-05
      0.6768    0.004434    0.004352           0   8.224e-05
      0.6868    0.004522    0.004436           0   8.528e-05
      0.6968    0.004597    0.004509           0    8.81e-05
      0.7068    0.004678    0.004588           0    9.02e-05
      0.7168    0.004764    0.004673           0   9.097e-05
      0.7268    0.004865    0.004774           0   9.043e-05
      0.7368    0.004958    0.004868           0   9.003e-05
      0.7468    0.005042    0.004951           0   9.072e-05
      0.7568    0.005093    0.005001           0   9.229e-05
      0.7668    0.005138    0.005043           0   9.421e-05
      0.7768    0.005215    0.005118           0   9.631e-05
      0.7868    0.005248    0.005149           0   9.919e-05
      0.7968    0.005286    0.005183           0   0.0001031
      0.8068    0.005299    0.005191           0   0.0001078
      0.8168    0.005297    0.005184           0   0.0001131
      0.8268    0.005287    0.005168           0   0.0001189
      0.8368    0.005247    0.005122           0   0.0001251
      0.8468    0.005194    0.005062           0   0.0001318
      0.8568    0.005084    0.004945           0   0.0001389
      0.8668    0.004986     0.00484           0   0.0001466
      0.8768    0.004887    0.004732           0   0.0001548
      0.8868    0.004755    0.004591           0   0.0001638
      0.8968    0.004599    0.004426           0   0.0001738
      0.9068    0.004445     0.00426           0   0.0001848
      0.9168    0.004343    0.004147           0   0.0001962
      0.9268    0.004225    0.004017           0   0.0002076
      0.9368     0.00414    0.003921           0   0.0002194
      0.9468    0.004048    0.003816           0   0.0002319
      0.9568    0.003953    0.003708           0   0.0002455
      0.9668    0.003848    0.003588           0   0.0002609
      0.9768    0.003736    0.003457           0   0.0002793
      0.9868    0.003663    0.003359           0   0.0003042
      0.9968    0.003595    0.003247           0   0.0003483
       1.007    0.003617    0.003133           0   0.0004834
       1.017    0.004926    0.003076           0     0.00185
       1.027    0.005033    0.003055           0    0.001978
       1.037    0.005046    0.003023           0    0.002024
       1.047    0.005012    0.002955           0    0.002056
       1.057    0.004971    0.002886           0    0.002085
       1.067    0.004894    0.002783           0    0.002111
       1.077    0.004808     0.00267           0    0.002138
       1.087    0.004736    0.002571           0    0.002166
       1.097    0.004696    0.002502           0    0.002194
       1.107     0.00467    0.002448           0    0.002222
       1.117    0.004647    0.002399           0    0.002247
       1.127    0.004616    0.002358           0    0.002258
       1.137     0.00448    0.002297           0    0.002184
       1.147    0.003113    0.002229           0   0.0008835
       1.157    0.002972    0.002142           0     0.00083
       1.167    0.002911    0.002044           0   0.0008667
       1.177    0.002886    0.001959           0   0.0009278
       1.187    0.002884    0.001877           0    0.001007
       1.197    0.002914    0.001806           0    0.001108
       1.207    0.002993    0.001745           0    0.001248
       1.217    0.003184    0.001686           0    0.001498
       1.227    0.003342    0.001626           0    0.001716
       1.237    0.003512    0.001563           0    0.001949
       1.247    0.003829    0.001498           0    0.002331
       1.257    0.004248    0.001426           0    0.002822
       1.267     0.00467    0.001377           0    0.003293
       1.277    0.005442    0.001334           0    0.004108
       1.287    0.008118    0.001299           0    0.006819
       1.297     0.01024    0.001263           0    0.008978
       1.307     0.01126    0.001225           0     0.01004
       1.317     0.01229    0.001187           0      0.0111
       1.327     0.01339    0.001152           0     0.01224
       1.337     0.01449    0.001116           0     0.01337
       1.347     0.01574    0.001081           0     0.01466
       1.357     0.01762    0.001047           0     0.01657
       1.367     0.02068    0.001011           0     0.01967
       1.377     0.02591   0.0009756           0     0.02493
       1.387     0.03113   0.0009416           0     0.03019
       1.397     0.03542   0.0009064           0     0.03452
       1.407     0.03757   0.0008727           0     0.03669
       1.417     0.03735   0.0008392           0     0.03651
       1.427     0.03813   0.0008088           0     0.03732
       1.437     0.03981   0.0007802           0     0.03903
       1.447     0.04047   0.0007548           0     0.03971
       1.457     0.04075   0.0007291           0     0.04002
       1.467     0.04093    0.000706           0     0.04022
       1.477     0.04086    0.000684           0     0.04017
       1.487     0.04023    0.000662           0     0.03957
       1.497     0.03846   0.0006409           0     0.03782
       1.507     0.03449   0.0006195           0     0.03387
       1.517     0.03056   0.0005973           0     0.02996
       1.527     0.02785   0.0005747           0     0.02728
       1.537     0.02765    0.000552           0     0.02709
       1.547     0.03265   0.0005296           0     0.03212
       1.557     0.03466   0.0005068           0     0.03415
       1.567     0.03557   0.0004835           0     0.03508
       1.577     0.03803    0.000459           0     0.03758
       1.587      0.0406   0.0004352           0     0.04016
       1.597     0.04447   0.0004108           0     0.04406
       1.607     0.04714   0.0003863           0     0.04675
       1.617     0.04918   0.0003618           0     0.04882
       1.627     0.05143    0.000338           0     0.05109
       1.637     0.05316   0.0003158           0     0.05284
       1.647     0.05485   0.0002951           0     0.05456
       1.657     0.05619   0.0002759           0     0.05592
       1.667     0.05694   0.0002582           0     0.05668
       1.677     0.05318   0.0002418           0     0.05293
       1.687     0.05224   0.0002267           0     0.05201
       1.697     0.05302   0.0002129           0      0.0528
       1.707     0.05382   0.0002002           0     0.05362
       1.717     0.05571   0.0001886           0     0.05552
       1.727     0.05685    0.000178           0     0.05667
       1.737     0.05965   0.0001683           0     0.05948
       1.747     0.06291   0.0001596           0     0.06275
       1.757     0.06604   0.0001517           0     0.06589
       1.767     0.06994   0.0001445           0      0.0698
       1.777     0.07418    0.000138           0     0.07404
       1.787     0.07872   0.0001321           0     0.07859
       1.797     0.08347   0.0001267           0     0.08335
       1.807     0.08836   0.0001218           0     0.08824
       1.817     0.09337   0.0001173           0     0.09326
       1.827     0.09844   0.0001131           0     0.09833
       1.837      0.1035   0.0001092           0      0.1034
       1.847      0.1082   0.0001055           0      0.1081
       1.857       0.113   0.0001021           0      0.1129
       1.867      0.1182   9.871e-05           0      0.1181
       1.877      0.1243   9.548e-05           0      0.1243
       1.887      0.1313   9.234e-05           0      0.1312
       1.897      0.1389   8.926e-05           0      0.1388
       1.907      0.1473   8.622e-05           0      0.1472
       1.917      0.1568   8.322e-05           0      0.1567
       1.927      0.1675   8.026e-05           0      0.1674
       1.937      0.1794   7.733e-05           0      0.1793
       1.947      0.1927   7.445e-05           0      0.1926
       1.957      0.2074    7.16e-05           0      0.2073
       1.967      0.2236   6.879e-05           0      0.2235
       1.977      0.2413   6.603e-05           0      0.2413
       1.987      0.2605   6.332e-05           0      0.2604
       1.997      0.2811   6.067e-05           0       0.281
       2.007      0.3028   5.806e-05           0      0.3028
       2.017      0.3256   5.552e-05           0      0.3255
       2.027      0.3491   5.303e-05           0       0.349
       2.037      0.3731    5.06e-05           0       0.373
       2.047      0.3972   4.824e-05           0      0.3972
       2.057      0.4213   4.595e-05           0      0.4212
       2.067      0.4449   4.373e-05           0      0.4449
       2.077      0.4679   4.158e-05           0      0.4679
       2.087      0.4901    3.95e-05           0        0.49
       2.097      0.5112    3.75e-05           0      0.5112
       2.107      0.5312   3.559e-05           0      0.5311
       2.117      0.5499   3.376e-05           0      0.5499
       2.127      0.5675   3.201e-05           0      0.5675
       2.137       0.584   3.034e-05           0      0.5839
       2.147      0.5995   2.877e-05           0      0.5995
       2.157      0.6142   2.727e-05           0      0.6141
       2.167      0.6282   2.587e-05           0      0.6282
       2.177      0.6419   2.455e-05           0      0.6418
       2.187      0.6552    2.33e-05           0      0.6552
       2.197      0.6685   2.214e-05           0      0.6684
       2.207      0.6817   2.106e-05           0      0.6817
       2.217      0.6951   2.004e-05           0      0.6951
       2.227      0.7086    1.91e-05           0      0.7086
       2.237      0.7223   1.822e-05           0      0.7223
       2.247      0.7362   1.739e-05           0      0.7362
       2.257      0.7503   1.662e-05           0      0.7503
       2.267      0.7646    1.59e-05           0      0.7646
       2.277      0.7789   1.522e-05           0      0.7789
       2.287      0.7932   1.458e-05           0      0.7932
       2.297      0.8074   1.398e-05           0      0.8074
       2.307      0.8213    1.34e-05           0      0.8213
       2.317       0.835   1.285e-05           0       0.835
       2.327      0.8482   1.232e-05           0      0.8482
       2.337      0.8609   1.181e-05           0      0.8609
       2.347       0.873   1.132e-05           0       0.873
       2.357      0.8843   1.085e-05           0      0.8843
       2.367      0.8948   1.039e-05           0      0.8948
       2.377      0.9044   9.946e-06           0      0.9043
       2.387      0.9128   9.513e-06           0      0.9128
       2.397      0.9202   9.094e-06           0      0.9202
       2.407      0.9264   8.688e-06           0      0.9264
       2.417      0.9314   8.296e-06           0      0.9313
       2.427       0.935   7.918e-06           0       0.935
       2.437      0.9372   7.556e-06           0      0.9372
       2.447      0.9382   7.208e-06           0      0.9382
       2.457      0.9377   6.876e-06           0      0.9377
       2.467      0.9358   6.559e-06           0      0.9358
       2.477      0.9325   6.258e-06           0      0.9325
       2.487      0.9279   5.971e-06           0      0.9279
       2.497      0.9218   5.698e-06           0      0.9218
       2.507      0.9145   5.438e-06           0      0.9145
       2.517      0.9058   5.192e-06           0      0.9058
       2.527       0.896   4.958e-06           0       0.896
       2.537      0.8849   4.735e-06           0      0.8849
       2.547      0.8728   4.523e-06           0      0.8728
       2.557      0.8597    4.32e-06           0      0.8597
       2.567      0.8458   4.127e-06           0      0.8458
       2.577      0.8312   3.942e-06           0      0.8311
       2.587      0.8159   3.766e-06           0      0.8159
       2.597      0.8001   3.597e-06           0      0.8001
       2.607       0.784   3.435e-06           0       0.784
       2.617      0.7677    3.28e-06           0      0.7677
       2.627      0.7512   3.132e-06           0      0.7512
       2.637      0.7345    2.99e-06           0      0.7345
       2.647      0.7173   2.855e-06           0      0.7173
       2.657      0.6993   2.726e-06           0      0.6993
       2.667      0.6805   2.603e-06           0      0.6805
       2.677       0.661   2.485e-06           0       0.661
       2.687      0.6408   2.373e-06           0      0.6408
       2.697      0.6201   2.266e-06           0      0.6201
       2.707      0.5989   2.163e-06           0      0.5989
       2.717      0.5773   2.065e-06           0      0.5773
       2.727      0.5553   1.969e-06           0      0.5553
       2.737       0.533   1.877e-06           0       0.533
       2.747      0.5103   1.787e-06           0      0.5103
       2.757      0.4874   1.699e-06           0      0.4874
       2.767      0.4644   1.613e-06           0      0.4644
       2.777      0.4418   1.529e-06           0      0.4418
       2.787      0.4199   1.445e-06           0      0.4199
       2.797      0.3989   1.361e-06           0      0.3989
       2.807      0.3788   1.278e-06           0      0.3788
       2.817      0.3595   1.195e-06           0      0.3595
       2.827      0.3409   1.112e-06           0      0.3409
       2.837      0.3232   1.029e-06           0      0.3232
       2.847      0.3061   9.457e-07           0      0.3061
       2.857      0.2897   8.626e-07           0      0.2897
       2.867       0.274   7.795e-07           0       0.274
       2.877      0.2589   6.964e-07           0      0.2589
       2.887      0.2445   6.132e-07           0      0.2445
       2.897      0.2306   5.301e-07           0      0.2306
       2.907      0.2173   4.469e-07           0      0.2173
       2.917      0.2046   3.637e-07           0      0.2046
       2.927      0.1924   2.805e-07           0      0.1924
       2.937      0.1807   1.973e-07           0      0.1807
       2.947      0.1696   1.141e-07           0      0.1696
       2.957      0.1589   3.085e-08           0      0.1589
       2.967      0.1488   -5.24e-08           0      0.1488
       2.977      0.1392  -1.357e-07           0      0.1392
       2.987      0.1301  -2.189e-07           0      0.1301
       2.997      0.1214  -3.022e-07           0      0.1214
       3.007      0.1132  -3.855e-07           0      0.1132
       3.017      0.1055  -4.688e-07           0      0.1055
       3.027     0.09823  -5.521e-07           0     0.09823
       3.037     0.09141  -6.354e-07           0     0.09141
       3.047     0.08505  -7.187e-07           0     0.08505
       3.057     0.07911  -8.021e-07           0     0.07911
       3.067     0.07356  -8.854e-07           0     0.07356
       3.077     0.06839  -9.687e-07           0     0.06839
       3.087     0.06356  -1.052e-06           0     0.06356
       3.097     0.05905  -1.135e-06           0     0.05905
       3.107     0.05486  -1.219e-06           0     0.05486
       3.117     0.05095  -1.302e-06           0     0.05095
       3.127     0.04731  -1.386e-06           0     0.04731
       3.137     0.04392  -1.469e-06           0     0.04392
       3.147     0.04077  -1.552e-06           0     0.04077
       3.157     0.03784  -1.636e-06           0     0.03784
       3.167     0.03512  -1.719e-06           0     0.03512
       3.177     0.03258  -1.803e-06           0     0.03258
       3.187     0.03023  -1.886e-06           0     0.03023
       3.197     0.02804  -1.969e-06           0     0.02805
       3.207     0.02601  -2.053e-06           0     0.02602
       3.217     0.02413  -2.136e-06           0     0.02413
       3.227     0.02238   -2.22e-06           0     0.02238
       3.237     0.02076  -2.303e-06           0     0.02076
       3.247     0.01925  -2.387e-06           0     0.01925
       3.257     0.01786   -2.47e-06           0     0.01786
       3.267     0.01656  -2.554e-06           0     0.01656
       3.277     0.01536  -2.637e-06           0     0.01536
       3.287     0.01424   -2.72e-06           0     0.01425
       3.297     0.01321  -2.804e-06           0     0.01321
       3.307     0.01225  -2.887e-06           0     0.01225
       3.317     0.01136  -2.971e-06           0     0.01137
       3.327     0.01054  -3.054e-06           0     0.01054
       3.337    0.009777  -3.138e-06           0     0.00978
       3.347     0.00907  -3.221e-06           0    0.009073
       3.357    0.008415  -3.305e-06           0    0.008418
       3.367    0.007808  -3.388e-06           0    0.007811
       3.377    0.007245  -3.472e-06           0    0.007249
       3.387    0.006724  -3.555e-06           0    0.006728
       3.397    0.006241  -3.639e-06           0    0.006244
       3.407    0.005793  -3.722e-06           0    0.005797
       3.417    0.005378  -3.806e-06           0    0.005382
       3.427    0.004993  -3.889e-06           0    0.004997
       3.437    0.004637  -3.973e-06           0    0.004641
       3.447    0.004307  -4.056e-06           0    0.004311
       3.457       0.004   -4.14e-06           0    0.004004
       3.467    0.003716  -4.223e-06           0     0.00372
       3.477    0.003452  -4.307e-06           0    0.003456
       3.487    0.003208   -4.39e-06           0    0.003212
       3.497    0.002981  -4.474e-06           0    0.002986
       3.507    0.002771  -4.557e-06           0    0.002776
       3.517    0.002576  -4.641e-06           0    0.002581
       3.527    0.002396  -4.724e-06           0    0.002401
       3.537    0.002228  -4.808e-06           0    0.002233
       3.547    0.002074  -4.891e-06           0    0.002078
       3.557     0.00193  -4.975e-06           0    0.001935
       3.567    0.001797  -5.058e-06           0    0.001802
       3.577    0.001674  -5.142e-06           0     0.00168
       3.587    0.001561  -5.225e-06           0    0.001566
       3.597    0.001456  -5.309e-06           0    0.001461
       3.607    0.001359  -5.392e-06           0    0.001364
       3.617    0.001269  -5.476e-06           0    0.001275
       3.627    0.001186  -5.559e-06           0    0.001192
       3.637     0.00111  -5.643e-06           0    0.001115
       3.647    0.001039  -5.726e-06           0    0.001045
       3.657   0.0009742   -5.81e-06           0     0.00098
       3.667   0.0009143  -5.893e-06           0   0.0009202
       3.677   0.0008591  -5.977e-06           0    0.000865
       3.687   0.0008082   -6.06e-06           0   0.0008142
       3.697   0.0007614  -6.144e-06           0   0.0007675
       3.707   0.0007183  -6.227e-06           0   0.0007245
       3.717   0.0006786  -6.311e-06           0   0.0006849
       3.727   0.0006421  -6.394e-06           0   0.0006485
       3.737   0.0006088  -6.478e-06           0   0.0006152
       3.747   0.0005781  -6.562e-06           0   0.0005847
       3.757     0.00055  -6.645e-06           0   0.0005567
       3.767   0.0005244  -6.729e-06           0   0.0005311
       3.777   0.0005009  -6.812e-06           0   0.0005077
       3.787   0.0004795  -6.896e-06           0   0.0004864
       3.797     0.00046  -6.979e-06           0    0.000467
       3.807   0.0004422  -7.063e-06           0   0.0004492
       3.817    0.000426  -7.146e-06           0   0.0004332
       3.827   0.0004114   -7.23e-06           0   0.0004186
       3.837   0.0003982  -7.313e-06           0   0.0004056
       3.847   0.0003863  -7.397e-06           0   0.0003937
       3.857   0.0003757   -7.48e-06           0   0.0003832
       3.867   0.0003661  -7.564e-06           0   0.0003737
       3.877   0.0003577  -7.647e-06           0   0.0003653
       3.887   0.0003502  -7.731e-06           0   0.0003579
       3.897   0.0003436  -7.814e-06           0   0.0003514
       3.907   0.0003379  -7.898e-06           0   0.0003458
       3.917    0.000333  -7.981e-06           0   0.0003409
       3.927   0.0003288  -8.065e-06           0   0.0003368
       3.937   0.0003253  -8.148e-06           0   0.0003335
       3.947   0.0003225  -8.232e-06           0   0.0003307
       3.957   0.0003202  -8.315e-06           0   0.0003286
       3.967   0.0003186  -8.399e-06           0    0.000327
       3.977   0.0003175  -8.483e-06           0    0.000326
       3.987   0.0003168  -8.566e-06           0   0.0003254
       3.997   0.0003167   -8.65e-06           0   0.0003254
       4.007    0.000317  -8.733e-06           0   0.0003257
       4.017   0.0003177  -8.817e-06           0   0.0003265
       4.027   0.0003188    -8.9e-06           0   0.0003277
       4.037   0.0003203  -8.984e-06           0   0.0003293
       4.047   0.0003222  -9.067e-06           0   0.0003313
       4.057   0.0003244  -9.151e-06           0   0.0003335
       4.067   0.0003269  -9.234e-06           0   0.0003361
       4.077   0.0003297  -9.318e-06           0    0.000339
       4.087   0.0003328  -9.401e-06           0   0.0003422
       4.097   0.0003362  -9.485e-06           0   0.0003457
       4.107   0.0003399  -9.568e-06           0   0.0003495
       4.117   0.0003438  -9.652e-06           0   0.0003535
       4.127    0.000348  -9.735e-06           0   0.0003577
       4.137   0.0003524  -9.819e-06           0   0.0003622
       4.147   0.0003571  -9.902e-06           0    0.000367
       4.157    0.000362  -9.986e-06           0    0.000372
       4.167   0.0003671  -1.007e-05           0   0.0003772
       4.177   0.0003724  -1.015e-05           0   0.0003826
       4.187    0.000378  -1.024e-05           0   0.0003882
       4.197   0.0003837  -1.032e-05           0   0.0003941
       4.207   0.0003897   -1.04e-05           0   0.0004001
       4.217   0.0003959  -1.049e-05           0   0.0004063
       4.227   0.0004022  -1.057e-05           0   0.0004128
       4.237   0.0004088  -1.065e-05           0   0.0004194
       4.247   0.0004155  -1.074e-05           0   0.0004263
       4.257   0.0004225  -1.082e-05           0   0.0004333
       4.267   0.0004296   -1.09e-05           0   0.0004405
       4.277    0.000437  -1.099e-05           0   0.0004479
       4.287   0.0004445  -1.107e-05           0   0.0004555
       4.297   0.0004522  -1.116e-05           0   0.0004633
       4.307   0.0004601  -1.124e-05           0   0.0004713
       4.317   0.0004682  -1.132e-05           0   0.0004795
       4.327   0.0004765  -1.141e-05           0   0.0004879
       4.337    0.000485  -1.149e-05           0   0.0004965
       4.347   0.0004936  -1.157e-05           0   0.0005052
       4.357   0.0005025  -1.166e-05           0   0.0005142
       4.367   0.0005116  -1.174e-05           0   0.0005233
       4.377   0.0005209  -1.182e-05           0   0.0005327
       4.387   0.0005303  -1.191e-05           0   0.0005422
       4.397     0.00054  -1.199e-05           0    0.000552
       4.407   0.0005499  -1.207e-05           0   0.0005619
       4.417   0.0005599  -1.216e-05           0   0.0005721
       4.427   0.0005702  -1.224e-05           0   0.0005825
       4.437   0.0005807  -1.232e-05           0    0.000593
       4.447   0.0005914  -1.241e-05           0   0.0006038
       4.457   0.0006023  -1.249e-05           0   0.0006148
       4.467   0.0006135  -1.257e-05           0   0.0006261
       4.477   0.0006248  -1.266e-05           0   0.0006375
       4.487   0.0006364  -1.274e-05           0   0.0006492
       4.497   0.0006483  -1.283e-05           0   0.0006611
       4.507   0.0006603  -1.291e-05           0   0.0006732
       4.517   0.0006726  -1.299e-05           0   0.0006856
       4.527   0.0006852  -1.308e-05           0   0.0006982
       4.537   0.0006979  -1.316e-05           0   0.0007111
       4.547    0.000711  -1.324e-05           0   0.0007242
       4.557   0.0007242  -1.333e-05           0   0.0007375
       4.567   0.0007377  -1.341e-05           0   0.0007511
       4.577   0.0007515  -1.349e-05           0    0.000765
       4.587   0.0007656  -1.358e-05           0   0.0007791
       4.597   0.0007799  -1.366e-05           0   0.0007935
       4.607   0.0007945  -1.374e-05           0   0.0008082
       4.617   0.0008093  -1.383e-05           0   0.0008232
       4.627   0.0008245  -1.391e-05           0   0.0008384
       4.637   0.0008399  -1.399e-05           0   0.0008539
       4.647   0.0008556  -1.408e-05           0   0.0008697
       4.657   0.0008717  -1.416e-05           0   0.0008858
       4.667    0.000888  -1.424e-05           0   0.0009022
       4.677   0.0009046  -1.433e-05           0    0.000919
       4.687   0.0009216  -1.441e-05           0    0.000936
       4.697   0.0009389   -1.45e-05           0   0.0009534
       4.707   0.0009565  -1.458e-05           0    0.000971
       4.717   0.0009744  -1.466e-05           0   0.0009891
       4.727   0.0009927  -1.475e-05           0    0.001007
       4.737    0.001011  -1.483e-05           0    0.001026
       4.747     0.00103  -1.491e-05           0    0.001045
       4.757     0.00105    -1.5e-05           0    0.001065
       4.767    0.001069  -1.508e-05           0    0.001084
       4.777    0.001089  -1.516e-05           0    0.001104
       4.787     0.00111  -1.525e-05           0    0.001125
       4.797    0.001131  -1.533e-05           0    0.001146
       4.807    0.001152  -1.541e-05           0    0.001167
       4.817    0.001173   -1.55e-05           0    0.001189
       4.827    0.001195  -1.558e-05           0    0.001211
       4.837    0.001218  -1.566e-05           0    0.001233
       4.847    0.001241  -1.575e-05           0    0.001256
       4.857    0.001264  -1.583e-05           0     0.00128
       4.867    0.001288  -1.591e-05           0    0.001303
       4.877    0.001312    -1.6e-05           0    0.001328
       4.887    0.001336  -1.608e-05           0    0.001352
       4.897    0.001361  -1.617e-05           0    0.001377
       4.907    0.001387  -1.625e-05           0    0.001403
       4.917    0.001413  -1.633e-05           0    0.001429
       4.927    0.001439  -1.642e-05           0    0.001456
       4.937    0.001466   -1.65e-05           0    0.001483
       4.947    0.001494  -1.658e-05           0     0.00151
       4.957    0.001522  -1.667e-05           0    0.001538
       4.967     0.00155  -1.675e-05           0    0.001567
       4.977    0.001579  -1.683e-05           0    0.001596
       4.987    0.001609  -1.692e-05           0    0.001626
       4.997    0.001639    -1.7e-05           0    0.001656
       5.007     0.00167  -1.708e-05           0    0.001687
       5.017    0.001701  -1.717e-05           0    0.001718
       5.027    0.001733  -1.725e-05           0     0.00175
       5.037    0.001765  -1.733e-05           0    0.001783
       5.047    0.001798  -1.742e-05           0    0.001816
       5.057    0.001832   -1.75e-05           0    0.001849
       5.067    0.001866  -1.758e-05           0    0.001884
       5.077    0.001901  -1.767e-05           0    0.001919
       5.087    0.001937  -1.775e-05           0    0.001955
       5.097    0.001973  -1.784e-05           0    0.001991
       5.107     0.00201  -1.792e-05           0    0.002028
       5.117    0.002048    -1.8e-05           0    0.002066
       5.127    0.002086  -1.809e-05           0    0.002104
       5.137    0.002125  -1.817e-05           0    0.002143
       5.147    0.002165  -1.825e-05           0    0.002183
       5.157    0.002205  -1.834e-05           0    0.002224
       5.167    0.002246  -1.842e-05           0    0.002265
       5.177    0.002288   -1.85e-05           0    0.002307
       5.187    0.002331  -1.859e-05           0     0.00235
       5.197    0.002375  -1.867e-05           0    0.002394
       5.207    0.002419  -1.875e-05           0    0.002438
       5.217    0.002465  -1.884e-05           0    0.002483
       5.227    0.002511  -1.892e-05           0     0.00253
       5.237    0.002558    -1.9e-05           0    0.002577
       5.247    0.002605  -1.909e-05           0    0.002624
       5.257    0.002654  -1.917e-05           0    0.002673
       5.267    0.002704  -1.925e-05           0    0.002723
       5.277    0.002754  -1.934e-05           0    0.002774
       5.287    0.002806  -1.942e-05           0    0.002825
       5.297    0.002858  -1.951e-05           0    0.002878
       5.307    0.002912  -1.959e-05           0    0.002931
       5.317    0.002966  -1.967e-05           0    0.002986
       5.327    0.003021  -1.976e-05           0    0.003041
       5.337    0.003078  -1.984e-05           0    0.003098
       5.347    0.003135  -1.992e-05           0    0.003155
       5.357    0.003194  -2.001e-05           0    0.003214
       5.367    0.003254  -2.009e-05           0    0.003274
       5.377    0.003314  -2.017e-05           0    0.003335
       5.387    0.003376  -2.026e-05           0    0.003397
       5.397    0.003439  -2.034e-05           0     0.00346
       5.407    0.003504  -2.042e-05           0    0.003524
       5.417    0.003569  -2.051e-05           0     0.00359
       5.427    0.003636  -2.059e-05           0    0.003656
       5.437    0.003704  -2.067e-05           0    0.003724
       5.447    0.003773  -2.076e-05           0    0.003793
       5.457    0.003843  -2.084e-05           0    0.003864
       5.467    0.003915  -2.092e-05           0    0.003936
       5.477    0.003988  -2.101e-05           0    0.004009
       5.487    0.004062  -2.109e-05           0    0.004084
       5.497    0.004138  -2.118e-05           0    0.004159
       5.507    0.004216  -2.126e-05           0    0.004237
       5.517    0.004294  -2.134e-05           0    0.004316
       5.527    0.004374  -2.143e-05           0    0.004396
       5.537    0.004456  -2.151e-05           0    0.004478
       5.547    0.004539  -2.159e-05           0    0.004561
       5.557    0.004624  -2.168e-05           0    0.004646
       5.567     0.00471  -2.176e-05           0    0.004732
       5.577    0.004798  -2.184e-05           0     0.00482
       5.587    0.004888  -2.193e-05           0    0.004909
       5.597    0.004979  -2.201e-05           0    0.005001
       5.607    0.005072  -2.209e-05           0    0.005094
       5.617    0.005166  -2.218e-05           0    0.005188
       5.627    0.005263  -2.226e-05           0    0.005285
       5.637    0.005361  -2.234e-05           0    0.005383
       5.647    0.005461  -2.243e-05           0    0.005483
       5.657    0.005563  -2.251e-05           0    0.005585
       5.667    0.005666  -2.259e-05           0    0.005689
       5.677    0.005772  -2.268e-05           0    0.005795
       5.687     0.00588  -2.276e-05           0    0.005903
       5.697    0.005989  -2.284e-05           0    0.006012
       5.707    0.006101  -2.293e-05           0    0.006124
       5.717    0.006215  -2.301e-05           0    0.006238
       5.727    0.006331   -2.31e-05           0    0.006354
       5.737    0.006449  -2.318e-05           0    0.006472
       5.747    0.006569  -2.326e-05           0    0.006592
       5.757    0.006692  -2.335e-05           0    0.006715
       5.767    0.006816  -2.343e-05           0     0.00684
       5.777    0.006943  -2.351e-05           0    0.006967
       5.787    0.007073   -2.36e-05           0    0.007096
       5.797    0.007205  -2.368e-05           0    0.007228
       5.807    0.007339  -2.376e-05           0    0.007363
       5.817    0.007476  -2.385e-05           0      0.0075
       5.827    0.007615  -2.393e-05           0    0.007639
       5.837    0.007757  -2.401e-05           0    0.007781
       5.847    0.007902   -2.41e-05           0    0.007926
       5.857    0.008049  -2.418e-05           0    0.008073
       5.867    0.008199  -2.426e-05           0    0.008223
       5.877    0.008352  -2.435e-05           0    0.008376
       5.887    0.008507  -2.443e-05           0    0.008532
       5.897    0.008666  -2.451e-05           0     0.00869
       5.907    0.008827   -2.46e-05           0    0.008852
       5.917    0.008992  -2.468e-05           0    0.009016
       5.927    0.009159  -2.477e-05           0    0.009184
       5.937     0.00933  -2.485e-05           0    0.009355
       5.947    0.009504  -2.493e-05           0    0.009529
       5.957    0.009681  -2.502e-05           0    0.009706
       5.967    0.009861   -2.51e-05           0    0.009886
       5.977     0.01004  -2.518e-05           0     0.01007
       5.987     0.01023  -2.527e-05           0     0.01026
       5.997     0.01042  -2.535e-05           0     0.01045
       6.007     0.01062  -2.543e-05           0     0.01064
       6.017     0.01081  -2.552e-05           0     0.01084
       6.027     0.01102   -2.56e-05           0     0.01104
       6.037     0.01122  -2.568e-05           0     0.01125
       6.047     0.01143  -2.577e-05           0     0.01146
       6.057     0.01164  -2.585e-05           0     0.01167
       6.067     0.01186  -2.593e-05           0     0.01189
       6.077     0.01208  -2.602e-05           0     0.01211
       6.087     0.01231   -2.61e-05           0     0.01233
       6.097     0.01254  -2.618e-05           0     0.01256
       6.107     0.01277  -2.627e-05           0     0.01279
       6.117     0.01301  -2.635e-05           0     0.01303
       6.127     0.01325  -2.644e-05           0     0.01328
       6.137      0.0135  -2.652e-05           0     0.01352
       6.147     0.01375   -2.66e-05           0     0.01377
