#      _xxWS        ftot       firac        fagn        fsfr
#
     -0.6707      0.1667   9.156e-08   1.095e-13      0.1667
     -0.6607       0.132   1.263e-07   1.095e-13       0.132
     -0.6507     0.09736   1.763e-07   1.095e-13     0.09736
     -0.6407      0.0627   2.451e-07   1.095e-13      0.0627
     -0.6307     0.02804    3.41e-07   1.095e-13     0.02804
     -0.6207   5.043e-07   4.719e-07   1.095e-13   3.248e-08
     -0.6107   6.603e-07   6.272e-07   1.095e-13   3.309e-08
     -0.6007   8.621e-07   8.284e-07   1.095e-13    3.37e-08
     -0.5907   1.076e-06   1.042e-06   1.095e-13   3.433e-08
     -0.5807   1.363e-06   1.328e-06   1.095e-13   3.497e-08
     -0.5707   1.701e-06   1.666e-06   1.095e-13   3.562e-08
     -0.5607   2.123e-06   2.087e-06   1.095e-13   3.628e-08
     -0.5507   2.591e-06   2.554e-06   1.095e-13   3.695e-08
     -0.5407    3.26e-06   3.222e-06   1.095e-13   3.764e-08
     -0.5307   4.057e-06   4.019e-06   1.095e-13   3.834e-08
     -0.5207   4.984e-06   4.945e-06   1.095e-13   3.905e-08
     -0.5107   6.073e-06   6.033e-06   1.095e-13   3.978e-08
     -0.5007     7.3e-06   7.259e-06   1.095e-13   4.052e-08
     -0.4907   8.686e-06   8.644e-06   1.095e-13   4.127e-08
     -0.4807   1.029e-05   1.025e-05   1.095e-13   4.204e-08
     -0.4707   1.217e-05   1.213e-05   1.095e-13   4.282e-08
     -0.4607   1.447e-05   1.443e-05   1.095e-13   4.362e-08
     -0.4507     1.7e-05   1.695e-05   1.095e-13   4.443e-08
     -0.4407   1.999e-05   1.995e-05   1.095e-13   4.525e-08
     -0.4307   2.367e-05   2.362e-05   1.095e-13    4.61e-08
     -0.4207   2.825e-05    2.82e-05   1.095e-13   4.695e-08
     -0.4107   3.305e-05     3.3e-05   1.095e-13   4.783e-08
     -0.4007   3.863e-05   3.858e-05   1.095e-13   4.871e-08
     -0.3907   4.474e-05   4.469e-05   1.095e-13   4.962e-08
     -0.3807    5.15e-05   5.145e-05   1.095e-13   5.054e-08
     -0.3707    5.88e-05   5.875e-05   1.095e-13   5.148e-08
     -0.3607     6.7e-05   6.694e-05   1.095e-13   5.244e-08
     -0.3507   7.619e-05   7.614e-05   1.095e-13   5.341e-08
     -0.3407   8.631e-05   8.626e-05   1.095e-13   5.441e-08
     -0.3307   9.761e-05   9.755e-05   1.095e-13   5.542e-08
     -0.3207   0.0001102   0.0001102   1.095e-13   5.645e-08
     -0.3107    0.000124   0.0001239   1.095e-13    5.75e-08
     -0.3007   0.0001383   0.0001383   1.095e-13   5.857e-08
     -0.2907   0.0001544   0.0001543   1.095e-13   5.966e-08
     -0.2807   0.0001721   0.0001721   1.095e-13   6.077e-08
     -0.2707   0.0001912   0.0001912   1.095e-13    6.19e-08
     -0.2607   0.0002121    0.000212   1.095e-13   6.305e-08
     -0.2507   0.0002352   0.0002351   1.095e-13   6.422e-08
     -0.2407   0.0002617   0.0002616   1.095e-13   6.541e-08
     -0.2307   0.0002899   0.0002898   1.095e-13   6.663e-08
     -0.2207   0.0003204   0.0003203   1.095e-13   6.787e-08
     -0.2107   0.0003543   0.0003542   1.095e-13   6.913e-08
     -0.2007   0.0003896   0.0003895   1.095e-13   7.041e-08
     -0.1907   0.0004278   0.0004278   1.095e-13   7.172e-08
     -0.1807   0.0004683   0.0004682   1.095e-13   7.306e-08
     -0.1707   0.0005141    0.000514   1.095e-13   7.441e-08
     -0.1607   0.0005802   0.0005801   1.095e-13    7.58e-08
     -0.1507   0.0006418   0.0006418   1.095e-13   7.721e-08
     -0.1407   0.0007171   0.0007171   1.095e-13   7.864e-08
     -0.1307    0.000818    0.000818   1.095e-13    8.01e-08
     -0.1207   0.0009325   0.0009324   1.095e-13   8.159e-08
     -0.1107    0.001057    0.001057   1.095e-13   8.311e-08
     -0.1007    0.001189    0.001189   1.095e-13   8.466e-08
    -0.09069    0.001342    0.001342   1.095e-13   8.623e-08
    -0.08069    0.001516    0.001516   1.095e-13   8.783e-08
    -0.07069    0.001703    0.001703   1.095e-13   8.947e-08
    -0.06069    0.001907    0.001907   1.095e-13   9.113e-08
    -0.05069    0.002126    0.002126   1.095e-13   9.282e-08
    -0.04069     0.00235     0.00235   1.095e-13   9.455e-08
    -0.03069    0.002544    0.002544   1.095e-13   9.631e-08
    -0.02069    0.002783    0.002783   1.095e-13    9.81e-08
    -0.01069    0.003018    0.003018   1.095e-13   9.992e-08
  -0.0006857    0.003217    0.003217   1.095e-13   1.018e-07
    0.009314    0.003419    0.003419   1.095e-13   1.037e-07
     0.01931    0.003636    0.003636   1.095e-13   1.056e-07
     0.02931    0.003866    0.003865   1.095e-13   1.076e-07
     0.03931    0.004096    0.004096   1.095e-13   1.096e-07
     0.04931    0.004312    0.004311   1.095e-13   1.116e-07
     0.05931    0.004543    0.004543   1.095e-13   1.137e-07
     0.06931    0.004788    0.004788   1.095e-13   1.158e-07
     0.07931    0.005049    0.005049   1.095e-13   1.179e-07
     0.08931    0.005339    0.005338   1.095e-13   1.201e-07
     0.09931    0.005638    0.005637   1.095e-13   1.224e-07
      0.1093    0.005928    0.005928   1.095e-13   1.246e-07
      0.1193    0.006227    0.006227   1.095e-13    1.27e-07
      0.1293    0.006552    0.006552   1.095e-13   1.293e-07
      0.1393    0.006896    0.006896   1.095e-13   1.317e-07
      0.1493    0.007235    0.007235   1.095e-13   1.342e-07
      0.1593    0.007588    0.007587   1.095e-13   1.367e-07
      0.1693    0.007943    0.007943   1.095e-13   1.392e-07
      0.1793    0.008325    0.008324   1.095e-13   1.418e-07
      0.1893    0.008688    0.008688   1.095e-13   1.444e-07
      0.1993    0.009129    0.009129   1.095e-13   1.471e-07
      0.2093    0.009581     0.00958   1.095e-13   1.499e-07
      0.2193     0.01006     0.01006   1.095e-13   1.526e-07
      0.2293     0.01054     0.01054   1.095e-13   1.555e-07
      0.2393     0.01098     0.01098   1.095e-13   1.584e-07
      0.2493      0.0115      0.0115   1.095e-13   1.613e-07
      0.2593     0.01203     0.01203   1.095e-13   1.643e-07
      0.2693     0.01254     0.01254   1.095e-13   1.674e-07
      0.2793     0.01308     0.01308   1.095e-13   1.705e-07
      0.2893     0.01366     0.01366   1.095e-13   1.736e-07
      0.2993     0.01415     0.01415   1.095e-13   1.769e-07
      0.3093     0.01473      0.0147   1.095e-13   2.743e-05
      0.3193     0.01535     0.01528   1.095e-13    7.23e-05
      0.3293     0.01586     0.01575   1.095e-13   0.0001137
      0.3393     0.01637     0.01622   1.095e-13   0.0001538
      0.3493     0.01686     0.01667   1.095e-13   0.0001954
      0.3593     0.01737     0.01713   1.095e-13   0.0002383
      0.3693     0.01796     0.01768   1.095e-13   0.0002765
      0.3793     0.01846     0.01815   1.095e-13   0.0003057
      0.3893     0.01896     0.01863   1.095e-13   0.0003261
      0.3993     0.01947     0.01914   1.095e-13   0.0003368
      0.4093     0.01988     0.01955   1.095e-13   0.0003317
      0.4193     0.02033        0.02   1.095e-13   0.0003314
      0.4293     0.02088     0.02054   1.095e-13   0.0003401
      0.4393      0.0214     0.02105   1.095e-13   0.0003523
      0.4493     0.02201     0.02164   1.095e-13   0.0003653
      0.4593     0.02256     0.02218   1.095e-13   0.0003774
      0.4693     0.02314     0.02276   1.095e-13   0.0003865
      0.4793     0.02376     0.02337   1.095e-13   0.0003899
      0.4893     0.02445     0.02406   1.095e-13   0.0003879
      0.4993     0.02511     0.02472   1.095e-13   0.0003864
      0.5093     0.02572     0.02533   1.095e-13   0.0003895
      0.5193     0.02617     0.02578   1.095e-13   0.0003963
      0.5293     0.02659     0.02618   1.095e-13   0.0004045
      0.5393     0.02717     0.02676   1.095e-13   0.0004134
      0.5493     0.02753      0.0271   1.095e-13   0.0004256
      0.5593      0.0279     0.02746   1.095e-13    0.000442
      0.5693     0.02815     0.02768   1.095e-13   0.0004616
      0.5793      0.0283     0.02782   1.095e-13   0.0004837
      0.5893     0.02842     0.02791   1.095e-13   0.0005079
      0.5993     0.02836     0.02783   1.095e-13   0.0005339
      0.6093     0.02823     0.02767   1.095e-13   0.0005617
      0.6193     0.02778     0.02719   1.095e-13   0.0005912
      0.6293     0.02738     0.02676   1.095e-13   0.0006227
      0.6393     0.02697     0.02631   1.095e-13   0.0006565
      0.6493     0.02636     0.02567   1.095e-13   0.0006933
      0.6593      0.0256     0.02487   1.095e-13   0.0007343
      0.6693     0.02484     0.02407   1.095e-13   0.0007794
      0.6793     0.02437     0.02354   1.095e-13   0.0008256
      0.6893     0.02379     0.02292   1.095e-13   0.0008718
      0.6993      0.0234     0.02248   1.095e-13   0.0009191
      0.7093     0.02295     0.02198   1.095e-13   0.0009689
      0.7193     0.02262     0.02146   0.0001362    0.001023
      0.7293     0.02208     0.02086   0.0001376    0.001083
      0.7393     0.02148     0.02019   0.0001393    0.001155
      0.7493     0.02109      0.0197   0.0001415    0.001253
      0.7593     0.02069     0.01912   0.0001443    0.001428
      0.7693     0.02064     0.01853   0.0001478    0.001969
      0.7793     0.02591     0.01826   0.0001522    0.007491
      0.7893     0.02636     0.01821   0.0001575    0.007998
      0.7993     0.02642     0.01808   0.0001639    0.008174
      0.8093     0.02621     0.01775   0.0001715    0.008293
      0.8193     0.02597      0.0174   0.0001804    0.008391
      0.8293     0.02551     0.01684   0.0001909    0.008481
      0.8393     0.02498     0.01621   0.0002029    0.008566
      0.8493     0.02452     0.01566   0.0002166    0.008649
      0.8593     0.02426     0.01529   0.0002321     0.00873
      0.8693     0.02407     0.01501   0.0002496    0.008805
      0.8793     0.02389     0.01476   0.0002692    0.008862
      0.8893     0.02369     0.01455   0.0002909    0.008851
      0.8993     0.02302     0.01422    0.000315    0.008484
      0.9093     0.01733     0.01384   0.0003416    0.003152
      0.9193     0.01656     0.01334   0.0003707     0.00285
      0.9293     0.01606     0.01276   0.0004025    0.002899
      0.9393     0.01573     0.01226   0.0004368    0.003032
      0.9493     0.01548     0.01178   0.0004737    0.003221
      0.9593     0.01536     0.01137   0.0005128    0.003477
      0.9693     0.01543     0.01101   0.0005541    0.003868
      0.9793     0.01593     0.01067   0.0005972    0.004661
      0.9893     0.01627     0.01031   0.0006416    0.005313
      0.9993     0.01662    0.009936   0.0006871    0.005996
       1.009      0.0175    0.009546   0.0007329    0.007219
       1.019     0.01872     0.00911   0.0007786    0.008833
       1.029     0.01998    0.008818   0.0008234     0.01034
       1.039     0.02253    0.008557   0.0008667     0.01311
       1.049     0.03222    0.008353   0.0009092     0.02296
       1.059     0.03977    0.008135    0.000952     0.03068
       1.069     0.04316    0.007909   0.0009958     0.03425
       1.079      0.0465    0.007682    0.001039     0.03778
       1.089      0.0501    0.007468    0.001083     0.04155
       1.099     0.05363    0.007251    0.001127     0.04525
       1.109     0.05766    0.007033    0.001172     0.04946
       1.119     0.06394    0.006825    0.001217      0.0559
       1.129     0.07449    0.006605    0.001261     0.06662
       1.139     0.09275    0.006383    0.001303     0.08506
       1.149      0.1109    0.006171    0.001344      0.1034
       1.159      0.1256     0.00595    0.001383      0.1183
       1.169      0.1325    0.005739    0.001417      0.1253
       1.179      0.1306    0.005527    0.001445      0.1236
       1.189      0.1324    0.005335    0.001467      0.1256
       1.199      0.1375    0.005154    0.001482      0.1308
       1.209      0.1388    0.004994     0.00149      0.1323
       1.219      0.1386    0.004831     0.00149      0.1323
       1.229       0.138    0.004685    0.001485      0.1319
       1.239      0.1364    0.004545    0.001481      0.1304
       1.249      0.1327    0.004405     0.00148      0.1268
       1.259      0.1248     0.00427    0.001487      0.1191
       1.269      0.1089    0.004133    0.001502      0.1033
       1.279     0.09313    0.003989    0.001529     0.08761
       1.289     0.08185    0.003843    0.001572     0.07643
       1.299     0.07968    0.003696    0.001626     0.07436
       1.309     0.09732    0.003551      0.0017     0.09207
       1.319      0.1033    0.003401    0.001789     0.09809
       1.329      0.1052    0.003249    0.001894         0.1
       1.339      0.1129    0.003087    0.002021      0.1078
       1.349      0.1208    0.002931    0.002165      0.1158
       1.359      0.1339    0.002769    0.002322      0.1288
       1.369      0.1423    0.002607    0.002493      0.1372
       1.379      0.1483    0.002444    0.002676      0.1432
       1.389      0.1551    0.002285    0.002865        0.15
       1.399        0.16    0.002137    0.003062      0.1548
       1.409      0.1646    0.001999    0.003262      0.1593
       1.419      0.1676    0.001871    0.003461      0.1623
       1.429      0.1681    0.001752    0.003663      0.1626
       1.439      0.1508    0.001643    0.003864      0.1453
       1.449      0.1442    0.001541     0.00406      0.1386
       1.459      0.1433    0.001448    0.004254      0.1376
       1.469      0.1419    0.001363    0.004444      0.1361
       1.479      0.1437    0.001285    0.004632      0.1378
       1.489      0.1419    0.001214    0.004818      0.1359
       1.499      0.1455    0.001149       0.005      0.1394
       1.509      0.1499     0.00109    0.005174      0.1437
       1.519      0.1529    0.001037    0.005342      0.1466
       1.529      0.1579   0.0009884    0.005507      0.1514
       1.539      0.1634   0.0009445    0.005676      0.1568
       1.549      0.1694   0.0009047    0.005848      0.1626
       1.559      0.1757   0.0008686    0.006019      0.1688
       1.569       0.182   0.0008355    0.006194      0.1749
       1.579      0.1882    0.000805    0.006375      0.1811
       1.589      0.1941   0.0007769    0.006556      0.1868
       1.599      0.1993   0.0007505    0.006741      0.1918
       1.609      0.2027   0.0007257    0.006925       0.195
       1.619      0.2058   0.0007022    0.007112       0.198
       1.629      0.2092   0.0006796    0.007295      0.2013
       1.639      0.2152   0.0006577    0.007479       0.207
       1.649      0.2228   0.0006364    0.007662      0.2145
       1.659      0.2314   0.0006155    0.007841      0.2229
       1.669      0.2407   0.0005948    0.008009      0.2321
       1.679      0.2519   0.0005745    0.008169      0.2431
       1.689      0.2645   0.0005543    0.008326      0.2556
       1.699      0.2788   0.0005343    0.008474      0.2698
       1.709      0.2949   0.0005146    0.008616      0.2858
       1.719       0.313   0.0004952    0.008755      0.3038
       1.729      0.3333    0.000476    0.008888      0.3239
       1.739      0.3559   0.0004571     0.00902      0.3464
       1.749      0.3809   0.0004385    0.009151      0.3713
       1.759      0.4085   0.0004203    0.009284      0.3988
       1.769      0.4387   0.0004024    0.009418      0.4289
       1.779      0.4715   0.0003849    0.009554      0.4615
       1.789      0.5068   0.0003678    0.009695      0.4968
       1.799      0.5448   0.0003511    0.009843      0.5346
       1.809      0.5851   0.0003349    0.009997      0.5748
       1.819      0.6278   0.0003191     0.01015      0.6173
       1.829      0.6728   0.0003037     0.01032      0.6622
       1.839        0.72   0.0002889     0.01048      0.7092
       1.849      0.7693   0.0002746     0.01065      0.7584
       1.859      0.8206   0.0002608     0.01082      0.8095
       1.869       0.874   0.0002475     0.01099      0.8627
       1.879      0.9294   0.0002349     0.01115       0.918
       1.889       0.987   0.0002228     0.01131      0.9754
       1.899       1.047   0.0002113     0.01146       1.035
       1.909       1.109   0.0002003      0.0116       1.097
       1.919       1.174     0.00019     0.01172       1.162
       1.929       1.242   0.0001803     0.01184        1.23
       1.939       1.313   0.0001711     0.01194       1.301
       1.949       1.387   0.0001625     0.01202       1.375
       1.959       1.466   0.0001544     0.01209       1.453
       1.969       1.547   0.0001469     0.01213       1.535
       1.979       1.633   0.0001399     0.01216       1.621
       1.989       1.723   0.0001333     0.01217       1.711
       1.999       1.817   0.0001272     0.01216       1.805
       2.009       1.916   0.0001215     0.01213       1.903
       2.019       2.018   0.0001161     0.01209       2.006
       2.029       2.124   0.0001111     0.01202       2.112
       2.039       2.234   0.0001064     0.01194       2.222
       2.049       2.347   0.0001019     0.01184       2.335
       2.059       2.464    9.77e-05     0.01172       2.452
       2.069       2.583   9.369e-05     0.01159       2.572
       2.079       2.705   8.986e-05     0.01144       2.694
       2.089       2.829   8.619e-05     0.01128       2.818
       2.099       2.954   8.265e-05      0.0111       2.943
       2.109        3.08   7.924e-05     0.01091       3.069
       2.119       3.206   7.594e-05     0.01071       3.195
       2.129       3.332   7.274e-05     0.01049       3.321
       2.139       3.456   6.963e-05     0.01026       3.446
       2.149       3.579   6.661e-05     0.01003       3.569
       2.159         3.7   6.369e-05    0.009782        3.69
       2.169       3.817   6.085e-05    0.009531       3.808
       2.179       3.931   5.812e-05    0.009278       3.921
       2.189        4.04   5.548e-05    0.009016       4.031
       2.199       4.144   5.295e-05    0.008751       4.135
       2.209       4.242   5.052e-05    0.008483       4.234
       2.219       4.334    4.82e-05    0.008212       4.326
       2.229        4.42   4.599e-05    0.007941       4.412
       2.239       4.499   4.388e-05    0.007669       4.491
       2.249        4.57   4.187e-05    0.007398       4.563
       2.259       4.633   3.996e-05    0.007129       4.626
       2.269       4.688   3.815e-05    0.006865       4.682
       2.279       4.735   3.643e-05    0.006602       4.729
       2.289       4.774   3.479e-05     0.00634       4.767
       2.299       4.804   3.323e-05    0.006083       4.798
       2.309       4.826   3.174e-05    0.005833        4.82
       2.319        4.84   3.033e-05    0.005586       4.834
       2.329       4.846   2.897e-05    0.005345       4.841
       2.339       4.845   2.768e-05    0.005109        4.84
       2.349       4.838   2.644e-05    0.004881       4.833
       2.359       4.824   2.526e-05    0.004657       4.819
       2.369       4.805   2.412e-05    0.004439       4.801
       2.379       4.782   2.304e-05    0.004229       4.778
       2.389       4.755     2.2e-05    0.004026       4.751
       2.399       4.723   2.101e-05    0.003828       4.719
       2.409       4.683   2.006e-05    0.003637       4.679
       2.419       4.634   1.915e-05    0.003455        4.63
       2.429       4.574   1.829e-05     0.00328       4.571
       2.439       4.505   1.747e-05    0.003108       4.501
       2.449       4.426   1.668e-05    0.002946       4.423
       2.459       4.338   1.593e-05    0.002787       4.336
       2.469       4.243   1.521e-05    0.002637        4.24
       2.479        4.14   1.451e-05    0.002492       4.137
       2.489        4.03   1.385e-05    0.002354       4.027
       2.499       3.912    1.32e-05    0.002224        3.91
       2.509       3.787   1.257e-05    0.002097       3.785
       2.519       3.656   1.195e-05    0.001977       3.654
       2.529       3.521   1.135e-05    0.001863       3.519
       2.539       3.384   1.075e-05    0.001755       3.382
       2.549       3.249   1.016e-05    0.001652       3.247
       2.559       3.117   9.574e-06    0.001555       3.115
       2.569       2.988   8.989e-06    0.001462       2.987
       2.579       2.863   8.406e-06    0.001374       2.861
       2.589        2.74   7.822e-06    0.001292       2.739
       2.599       2.621   7.238e-06    0.001214        2.62
       2.609       2.504   6.654e-06    0.001138       2.503
       2.619       2.391    6.07e-06    0.001068        2.39
       2.629        2.28   5.485e-06       0.001       2.279
       2.639       2.173     4.9e-06   0.0009365       2.172
       2.649       2.068   4.316e-06    0.000876       2.067
       2.659       1.966   3.731e-06   0.0008191       1.965
       2.669       1.867   3.145e-06   0.0007651       1.866
       2.679        1.77    2.56e-06   0.0007147       1.769
       2.689       1.677   1.975e-06   0.0006673       1.676
       2.699       1.586   1.389e-06    0.000623       1.585
       2.709       1.498   8.031e-07   0.0005809       1.498
       2.719       1.414   2.172e-07   0.0005422       1.413
       2.729       1.332  -3.689e-07    0.000506       1.332
       2.739       1.254  -9.551e-07   0.0004724       1.254
       2.749       1.179  -1.541e-06    0.000441       1.179
       2.759       1.108  -2.128e-06   0.0004115       1.107
       2.769       1.039  -2.714e-06    0.000384       1.038
       2.779      0.9734  -3.301e-06   0.0003585       0.973
       2.789      0.9112  -3.888e-06   0.0003344      0.9109
       2.799      0.8526  -4.475e-06    0.000312      0.8523
       2.809      0.7974  -5.062e-06   0.0002912      0.7972
       2.819      0.7455  -5.649e-06   0.0002716      0.7453
       2.829      0.6967  -6.236e-06   0.0002536      0.6965
       2.839      0.6508  -6.823e-06   0.0002367      0.6506
       2.849      0.6077  -7.411e-06   0.0002209      0.6075
       2.859      0.5671  -7.998e-06   0.0002062       0.567
       2.869      0.5291  -8.586e-06   0.0001925       0.529
       2.879      0.4935  -9.173e-06   0.0001795      0.4934
       2.889      0.4602  -9.761e-06   0.0001676        0.46
       2.899       0.429  -1.035e-05   0.0001564      0.4288
       2.909      0.3998  -1.094e-05    0.000146      0.3996
       2.919      0.3724  -1.152e-05   0.0001362      0.3723
       2.929      0.3469  -1.211e-05   0.0001272      0.3468
       2.939       0.323   -1.27e-05   0.0001187      0.3229
       2.949      0.3007  -1.329e-05   0.0001107      0.3006
       2.959      0.2799  -1.388e-05   0.0001033      0.2798
       2.969      0.2605  -1.446e-05   9.646e-05      0.2604
       2.979      0.2423  -1.505e-05   9.003e-05      0.2423
       2.989      0.2255  -1.564e-05   8.399e-05      0.2254
       2.999      0.2097  -1.623e-05   7.842e-05      0.2096
       3.009       0.195  -1.682e-05   7.319e-05       0.195
       3.019      0.1814  -1.741e-05   6.829e-05      0.1813
       3.029      0.1686    -1.8e-05   6.371e-05      0.1686
       3.039      0.1568  -1.858e-05   5.946e-05      0.1568
       3.049      0.1458  -1.917e-05    5.55e-05      0.1457
       3.059      0.1355  -1.976e-05   5.179e-05      0.1354
       3.069      0.1259  -2.035e-05   4.834e-05      0.1259
       3.079       0.117  -2.094e-05   4.511e-05       0.117
       3.089      0.1088  -2.153e-05    4.21e-05      0.1088
       3.099      0.1011  -2.212e-05   3.929e-05      0.1011
       3.109     0.09394   -2.27e-05   3.666e-05     0.09392
       3.119     0.08729  -2.329e-05    3.42e-05     0.08728
       3.129     0.08111  -2.388e-05   3.192e-05      0.0811
       3.139     0.07537  -2.447e-05    2.98e-05     0.07536
       3.149     0.07004  -2.506e-05   2.781e-05     0.07003
       3.159     0.06508  -2.565e-05   2.596e-05     0.06508
       3.169     0.06046  -2.624e-05   2.422e-05     0.06046
       3.179     0.05618  -2.683e-05    2.26e-05     0.05618
       3.189     0.05219  -2.742e-05    2.11e-05      0.0522
       3.199     0.04849    -2.8e-05   1.969e-05      0.0485
       3.209     0.04505  -2.859e-05   1.837e-05     0.04506
       3.219     0.04185  -2.918e-05   1.715e-05     0.04186
       3.229     0.03887  -2.977e-05     1.6e-05     0.03888
       3.239      0.0361  -3.036e-05   1.493e-05     0.03612
       3.249     0.03353  -3.095e-05   1.394e-05     0.03355
       3.259     0.03114  -3.154e-05     1.3e-05     0.03116
       3.269     0.02892  -3.213e-05   1.212e-05     0.02894
       3.279     0.02685  -3.272e-05   1.132e-05     0.02687
       3.289     0.02493  -3.331e-05   1.057e-05     0.02495
       3.299     0.02314   -3.39e-05   9.861e-06     0.02317
       3.309     0.02149  -3.449e-05   9.194e-06     0.02151
       3.319     0.01994  -3.507e-05   1.095e-13     0.01997
       3.329     0.01851  -3.566e-05   1.095e-13     0.01855
       3.339     0.01718  -3.625e-05   1.095e-13     0.01722
       3.349     0.01596  -3.684e-05   1.095e-13     0.01599
       3.359     0.01482  -3.743e-05   1.095e-13     0.01485
       3.369     0.01376  -3.802e-05   1.095e-13      0.0138
       3.379     0.01278  -3.861e-05   1.095e-13     0.01282
       3.389     0.01187   -3.92e-05   1.095e-13     0.01191
       3.399     0.01103  -3.979e-05   1.095e-13     0.01107
       3.409     0.01025  -4.038e-05   1.095e-13     0.01029
       3.419    0.009528  -4.097e-05   1.095e-13    0.009569
       3.429    0.008861  -4.156e-05   1.095e-13    0.008903
       3.439    0.008243  -4.215e-05   1.095e-13    0.008285
       3.449     0.00767  -4.273e-05   1.095e-13    0.007713
       3.459    0.007141  -4.332e-05   1.095e-13    0.007185
       3.469    0.006651  -4.391e-05   1.095e-13    0.006695
       3.479    0.006197   -4.45e-05   1.095e-13    0.006241
       3.489    0.005777  -4.509e-05   1.095e-13    0.005822
       3.499    0.005389  -4.568e-05   1.095e-13    0.005435
       3.509    0.005031  -4.627e-05   1.095e-13    0.005077
       3.519      0.0047  -4.686e-05   1.095e-13    0.004746
       3.529    0.004394  -4.745e-05   1.095e-13    0.004441
       3.539    0.004111  -4.804e-05   1.095e-13    0.004159
       3.549    0.003851  -4.863e-05   1.095e-13    0.003899
       3.559     0.00361  -4.922e-05   1.095e-13    0.003659
       3.569    0.003387  -4.981e-05   1.095e-13    0.003437
       3.579    0.003182   -5.04e-05   1.095e-13    0.003232
       3.589    0.002992  -5.099e-05   1.095e-13    0.003043
       3.599    0.002818  -5.157e-05   1.095e-13     0.00287
       3.609    0.002658  -5.216e-05   1.095e-13     0.00271
       3.619     0.00251  -5.275e-05   1.095e-13    0.002563
       3.629    0.002374  -5.334e-05   1.095e-13    0.002427
       3.639    0.002249  -5.393e-05   1.095e-13    0.002303
       3.649    0.002134  -5.452e-05   1.095e-13    0.002188
       3.659    0.002028  -5.511e-05   1.095e-13    0.002083
       3.669    0.001932   -5.57e-05   1.095e-13    0.001987
       3.679    0.001843  -5.629e-05   1.095e-13    0.001899
       3.689    0.001762  -5.688e-05   1.095e-13    0.001819
       3.699    0.001688  -5.747e-05   1.095e-13    0.001745
       3.709     0.00162  -5.806e-05   1.095e-13    0.001678
       3.719    0.001559  -5.865e-05   1.095e-13    0.001618
       3.729    0.001503  -5.924e-05   1.095e-13    0.001562
       3.739    0.001452  -5.982e-05   1.095e-13    0.001512
       3.749    0.001406  -6.041e-05   1.095e-13    0.001467
       3.759    0.001365    -6.1e-05   1.095e-13    0.001426
       3.769    0.001327  -6.159e-05   1.095e-13    0.001389
       3.779    0.001294  -6.218e-05   1.095e-13    0.001356
       3.789    0.001264  -6.277e-05   1.095e-13    0.001327
       3.799    0.001238  -6.336e-05   1.095e-13    0.001301
       3.809    0.001215  -6.395e-05   1.095e-13    0.001279
       3.819    0.001195  -6.454e-05   1.095e-13    0.001259
       3.829    0.001177  -6.513e-05   1.095e-13    0.001242
       3.839    0.001162  -6.572e-05   1.095e-13    0.001228
       3.849     0.00115  -6.631e-05   1.095e-13    0.001216
       3.859    0.001139   -6.69e-05   1.095e-13    0.001206
       3.869    0.001131  -6.749e-05   1.095e-13    0.001199
       3.879    0.001125  -6.808e-05   1.095e-13    0.001193
       3.889    0.001121  -6.866e-05   1.095e-13    0.001189
       3.899    0.001118  -6.925e-05   1.095e-13    0.001188
       3.909    0.001117  -6.984e-05   1.095e-13    0.001187
       3.919    0.001118  -7.043e-05   1.095e-13    0.001189
       3.929     0.00112  -7.102e-05   1.095e-13    0.001191
       3.939    0.001124  -7.161e-05   1.095e-13    0.001196
       3.949    0.001129   -7.22e-05   1.095e-13    0.001201
       3.959    0.001135  -7.279e-05   1.095e-13    0.001208
       3.969    0.001143  -7.338e-05   1.095e-13    0.001216
       3.979    0.001151  -7.397e-05   1.095e-13    0.001225
       3.989    0.001161  -7.456e-05   1.095e-13    0.001236
       3.999    0.001172  -7.515e-05   1.095e-13    0.001247
       4.009    0.001184  -7.574e-05   1.095e-13    0.001259
       4.019    0.001196  -7.632e-05   1.095e-13    0.001273
       4.029     0.00121  -7.691e-05   1.095e-13    0.001287
       4.039    0.001225   -7.75e-05   1.095e-13    0.001302
       4.049     0.00124  -7.809e-05   1.095e-13    0.001318
       4.059    0.001256  -7.868e-05   1.095e-13    0.001335
       4.069    0.001274  -7.927e-05   1.095e-13    0.001353
       4.079    0.001292  -7.986e-05   1.095e-13    0.001372
       4.089     0.00131  -8.045e-05   1.095e-13    0.001391
       4.099     0.00133  -8.104e-05   1.095e-13    0.001411
       4.109     0.00135  -8.163e-05   1.095e-13    0.001432
       4.119    0.001371  -8.222e-05   1.095e-13    0.001454
       4.129    0.001393  -8.281e-05   1.095e-13    0.001476
       4.139    0.001416   -8.34e-05   1.095e-13    0.001499
       4.149    0.001439  -8.398e-05   1.095e-13    0.001523
       4.159    0.001463  -8.457e-05   1.095e-13    0.001548
       4.169    0.001488  -8.516e-05   1.095e-13    0.001573
       4.179    0.001513  -8.575e-05   1.095e-13    0.001599
       4.189    0.001539  -8.634e-05   1.095e-13    0.001626
       4.199    0.001566  -8.693e-05   1.095e-13    0.001653
       4.209    0.001594  -8.752e-05   1.095e-13    0.001681
       4.219    0.001622  -8.811e-05   1.095e-13     0.00171
       4.229    0.001651   -8.87e-05   1.095e-13    0.001739
       4.239     0.00168  -8.929e-05   1.095e-13     0.00177
       4.249    0.001711  -8.988e-05   1.095e-13      0.0018
       4.259    0.001742  -9.047e-05   1.095e-13    0.001832
       4.269    0.001773  -9.105e-05   1.095e-13    0.001864
       4.279    0.001806  -9.164e-05   1.095e-13    0.001897
       4.289    0.001839  -9.223e-05   1.095e-13    0.001931
       4.299    0.001873  -9.282e-05   1.095e-13    0.001966
       4.309    0.001907  -9.341e-05   1.095e-13    0.002001
       4.319    0.001943    -9.4e-05   1.095e-13    0.002037
       4.329    0.001979  -9.459e-05   1.095e-13    0.002073
       4.339    0.002016  -9.518e-05   1.095e-13    0.002111
       4.349    0.002053  -9.577e-05   1.095e-13    0.002149
       4.359    0.002092  -9.636e-05   1.095e-13    0.002188
       4.369    0.002131  -9.695e-05   1.095e-13    0.002228
       4.379    0.002171  -9.753e-05   1.095e-13    0.002268
       4.389    0.002212  -9.812e-05   1.095e-13     0.00231
       4.399    0.002253  -9.871e-05   1.095e-13    0.002352
       4.409    0.002296   -9.93e-05   1.095e-13    0.002395
       4.419    0.002339  -9.989e-05   1.095e-13    0.002439
       4.429    0.002383  -0.0001005   1.095e-13    0.002484
       4.439    0.002428  -0.0001011   1.095e-13    0.002529
       4.449    0.002474  -0.0001017   1.095e-13    0.002576
       4.459    0.002521  -0.0001022   1.095e-13    0.002623
       4.469    0.002569  -0.0001028   1.095e-13    0.002671
       4.479    0.002617  -0.0001034   1.095e-13    0.002721
       4.489    0.002667   -0.000104   1.095e-13    0.002771
       4.499    0.002717  -0.0001046   1.095e-13    0.002822
       4.509    0.002769  -0.0001052   1.095e-13    0.002874
       4.519    0.002821  -0.0001058   1.095e-13    0.002927
       4.529    0.002875  -0.0001064   1.095e-13    0.002981
       4.539    0.002929   -0.000107   1.095e-13    0.003036
       4.549    0.002985  -0.0001075   1.095e-13    0.003093
       4.559    0.003042  -0.0001081   1.095e-13     0.00315
       4.569    0.003099  -0.0001087   1.095e-13    0.003208
       4.579    0.003158  -0.0001093   1.095e-13    0.003268
       4.589    0.003218  -0.0001099   1.095e-13    0.003328
       4.599    0.003279  -0.0001105   1.095e-13     0.00339
       4.609    0.003342  -0.0001111   1.095e-13    0.003453
       4.619    0.003405  -0.0001117   1.095e-13    0.003517
       4.629     0.00347  -0.0001123   1.095e-13    0.003582
       4.639    0.003536  -0.0001129   1.095e-13    0.003648
       4.649    0.003603  -0.0001134   1.095e-13    0.003716
       4.659    0.003671   -0.000114   1.095e-13    0.003785
       4.669    0.003741  -0.0001146   1.095e-13    0.003855
       4.679    0.003812  -0.0001152   1.095e-13    0.003927
       4.689    0.003884  -0.0001158   1.095e-13       0.004
       4.699    0.003958  -0.0001164   1.095e-13    0.004074
       4.709    0.004033   -0.000117   1.095e-13     0.00415
       4.719    0.004109  -0.0001176   1.095e-13    0.004227
       4.729    0.004187  -0.0001182   1.095e-13    0.004305
       4.739    0.004266  -0.0001187   1.095e-13    0.004385
       4.749    0.004347  -0.0001193   1.095e-13    0.004467
       4.759     0.00443  -0.0001199   1.095e-13     0.00455
       4.769    0.004514  -0.0001205   1.095e-13    0.004634
       4.779    0.004599  -0.0001211   1.095e-13     0.00472
       4.789    0.004686  -0.0001217   1.095e-13    0.004808
       4.799    0.004775  -0.0001223   1.095e-13    0.004897
       4.809    0.004865  -0.0001229   1.095e-13    0.004988
       4.819    0.004958  -0.0001235   1.095e-13    0.005081
       4.829    0.005051   -0.000124   1.095e-13    0.005175
       4.839    0.005147  -0.0001246   1.095e-13    0.005272
       4.849    0.005244  -0.0001252   1.095e-13     0.00537
       4.859    0.005344  -0.0001258   1.095e-13    0.005469
       4.869    0.005445  -0.0001264   1.095e-13    0.005571
       4.879    0.005548   -0.000127   1.095e-13    0.005675
       4.889    0.005652  -0.0001276   1.095e-13     0.00578
       4.899    0.005759  -0.0001282   1.095e-13    0.005888
       4.909    0.005868  -0.0001288   1.095e-13    0.005997
       4.919    0.005979  -0.0001293   1.095e-13    0.006108
       4.929    0.006092  -0.0001299   1.095e-13    0.006222
       4.939    0.006207  -0.0001305   1.095e-13    0.006338
       4.949    0.006324  -0.0001311   1.095e-13    0.006455
       4.959    0.006444  -0.0001317   1.095e-13    0.006575
       4.969    0.006565  -0.0001323   1.095e-13    0.006698
       4.979    0.006689  -0.0001329   1.095e-13    0.006822
       4.989    0.006815  -0.0001335   1.095e-13    0.006949
       4.999    0.006944  -0.0001341   1.095e-13    0.007078
       5.009    0.007075  -0.0001346   1.095e-13     0.00721
       5.019    0.007209  -0.0001352   1.095e-13    0.007344
       5.029    0.007344  -0.0001358   1.095e-13     0.00748
       5.039    0.007483  -0.0001364   1.095e-13    0.007619
       5.049    0.007624   -0.000137   1.095e-13    0.007761
       5.059    0.007768  -0.0001376   1.095e-13    0.007905
       5.069    0.007914  -0.0001382   1.095e-13    0.008052
       5.079    0.008063  -0.0001388   1.095e-13    0.008202
       5.089    0.008215  -0.0001394   1.095e-13    0.008354
       5.099     0.00837  -0.0001399   1.095e-13     0.00851
       5.109    0.008527  -0.0001405   1.095e-13    0.008668
       5.119    0.008688  -0.0001411   1.095e-13    0.008829
       5.129    0.008851  -0.0001417   1.095e-13    0.008993
       5.139    0.009018  -0.0001423   1.095e-13     0.00916
       5.149    0.009188  -0.0001429   1.095e-13    0.009331
       5.159    0.009361  -0.0001435   1.095e-13    0.009504
       5.169    0.009537  -0.0001441   1.095e-13    0.009681
       5.179    0.009716  -0.0001447   1.095e-13    0.009861
       5.189    0.009899  -0.0001452   1.095e-13     0.01004
       5.199     0.01009  -0.0001458   1.095e-13     0.01023
       5.209     0.01027  -0.0001464   1.095e-13     0.01042
       5.219     0.01047   -0.000147   1.095e-13     0.01061
       5.229     0.01066  -0.0001476   1.095e-13     0.01081
       5.239     0.01086  -0.0001482   1.095e-13     0.01101
       5.249     0.01107  -0.0001488   1.095e-13     0.01122
       5.259     0.01128  -0.0001494   1.095e-13     0.01143
       5.269     0.01149    -0.00015   1.095e-13     0.01164
       5.279      0.0117  -0.0001505   1.095e-13     0.01186
       5.289     0.01192  -0.0001511   1.095e-13     0.01208
       5.299     0.01215  -0.0001517   1.095e-13      0.0123
       5.309     0.01238  -0.0001523   1.095e-13     0.01253
       5.319     0.01261  -0.0001529   1.095e-13     0.01276
       5.329     0.01285  -0.0001535   1.095e-13       0.013
       5.339     0.01309  -0.0001541   1.095e-13     0.01324
       5.349     0.01333  -0.0001547   1.095e-13     0.01349
       5.359     0.01358  -0.0001553   1.095e-13     0.01374
       5.369     0.01384  -0.0001558   1.095e-13     0.01399
       5.379      0.0141  -0.0001564   1.095e-13     0.01425
       5.389     0.01436   -0.000157   1.095e-13     0.01452
       5.399     0.01463  -0.0001576   1.095e-13     0.01479
       5.409      0.0149  -0.0001582   1.095e-13     0.01506
       5.419     0.01518  -0.0001588   1.095e-13     0.01534
       5.429     0.01547  -0.0001594   1.095e-13     0.01563
       5.439     0.01576    -0.00016   1.095e-13     0.01592
       5.449     0.01605  -0.0001606   1.095e-13     0.01621
       5.459     0.01636  -0.0001611   1.095e-13     0.01652
       5.469     0.01666  -0.0001617   1.095e-13     0.01682
       5.479     0.01697  -0.0001623   1.095e-13     0.01714
       5.489     0.01729  -0.0001629   1.095e-13     0.01745
       5.499     0.01762  -0.0001635   1.095e-13     0.01778
       5.509     0.01795  -0.0001641   1.095e-13     0.01811
       5.519     0.01828  -0.0001647   1.095e-13     0.01845
       5.529     0.01862  -0.0001653   1.095e-13     0.01879
       5.539     0.01897  -0.0001659   1.095e-13     0.01914
       5.549     0.01933  -0.0001664   1.095e-13     0.01949
       5.559     0.01969   -0.000167   1.095e-13     0.01986
       5.569     0.02006  -0.0001676   1.095e-13     0.02023
       5.579     0.02043  -0.0001682   1.095e-13      0.0206
       5.589     0.02082  -0.0001688   1.095e-13     0.02099
       5.599     0.02121  -0.0001694   1.095e-13     0.02138
       5.609      0.0216    -0.00017   1.095e-13     0.02177
       5.619     0.02201  -0.0001706   1.095e-13     0.02218
       5.629     0.02242  -0.0001712   1.095e-13     0.02259
       5.639     0.02284  -0.0001718   1.095e-13     0.02301
       5.649     0.02327  -0.0001723   1.095e-13     0.02344
       5.659      0.0237  -0.0001729   1.095e-13     0.02387
       5.669     0.02414  -0.0001735   1.095e-13     0.02432
       5.679      0.0246  -0.0001741   1.095e-13     0.02477
       5.689     0.02505  -0.0001747   1.095e-13     0.02523
       5.699     0.02552  -0.0001753   1.095e-13      0.0257
       5.709       0.026  -0.0001759   1.095e-13     0.02618
       5.719     0.02649  -0.0001765   1.095e-13     0.02666
       5.729     0.02698  -0.0001771   1.095e-13     0.02716
       5.739     0.02749  -0.0001776   1.095e-13     0.02766
       5.749       0.028  -0.0001782   1.095e-13     0.02818
       5.759     0.02852  -0.0001788   1.095e-13      0.0287
       5.769     0.02906  -0.0001794   1.095e-13     0.02924
       5.779      0.0296    -0.00018   1.095e-13     0.02978
       5.789     0.03015  -0.0001806   1.095e-13     0.03033
       5.799     0.03072  -0.0001812   1.095e-13      0.0309
       5.809     0.03129  -0.0001818   1.095e-13     0.03147
       5.819     0.03187  -0.0001824   1.095e-13     0.03206
       5.829     0.03247  -0.0001829   1.095e-13     0.03265
       5.839     0.03308  -0.0001835   1.095e-13     0.03326
       5.849     0.03369  -0.0001841   1.095e-13     0.03388
       5.859     0.03432  -0.0001847   1.095e-13     0.03451
       5.869     0.03496  -0.0001853   1.095e-13     0.03515
       5.879     0.03562  -0.0001859   1.095e-13      0.0358
       5.889     0.03628  -0.0001865   1.095e-13     0.03647
       5.899     0.03696  -0.0001871   1.095e-13     0.03715
       5.909     0.03765  -0.0001877   1.095e-13     0.03784
