#      _xxWS        ftot       firac        fagn        fsfr
#
     -0.6048     0.01812   1.589e-07   5.722e-13     0.01812
     -0.5948     0.01435   2.073e-07   5.722e-13     0.01435
     -0.5848     0.01058   2.742e-07   5.722e-13     0.01058
     -0.5748    0.006815   3.616e-07   5.722e-13    0.006815
     -0.5648    0.003048   4.778e-07   5.722e-13    0.003048
     -0.5548   6.357e-07   6.286e-07   5.722e-13   7.081e-09
     -0.5448   8.026e-07   7.954e-07   5.722e-13   7.213e-09
     -0.5348   1.009e-06   1.001e-06   5.722e-13   7.347e-09
     -0.5248   1.209e-06   1.201e-06   5.722e-13   7.483e-09
     -0.5148    1.47e-06   1.462e-06   5.722e-13   7.623e-09
     -0.5048   1.761e-06   1.753e-06   5.722e-13   7.764e-09
     -0.4948    2.11e-06   2.103e-06   5.722e-13   7.909e-09
     -0.4848   2.473e-06   2.465e-06   5.722e-13   8.056e-09
     -0.4748    2.99e-06   2.982e-06   5.722e-13   8.205e-09
     -0.4648   3.578e-06    3.57e-06   5.722e-13   8.358e-09
     -0.4548   4.229e-06    4.22e-06   5.722e-13   8.513e-09
     -0.4448   4.959e-06   4.951e-06   5.722e-13   8.672e-09
     -0.4348   5.742e-06   5.733e-06   5.722e-13   8.833e-09
     -0.4248   6.585e-06   6.576e-06   5.722e-13   8.997e-09
     -0.4148   7.526e-06   7.517e-06   5.722e-13   9.164e-09
     -0.4048   8.591e-06   8.581e-06   5.722e-13   9.335e-09
     -0.3948   9.871e-06   9.862e-06   5.722e-13   9.508e-09
     -0.3848   1.121e-05    1.12e-05   5.722e-13   9.685e-09
     -0.3748   1.275e-05   1.274e-05   5.722e-13   9.865e-09
     -0.3648   1.462e-05   1.461e-05   5.722e-13   1.005e-08
     -0.3548   1.691e-05    1.69e-05   5.722e-13   1.024e-08
     -0.3448   1.917e-05   1.916e-05   5.722e-13   1.043e-08
     -0.3348   2.174e-05   2.173e-05   5.722e-13   1.062e-08
     -0.3248   2.445e-05   2.444e-05   5.722e-13   1.082e-08
     -0.3148   2.734e-05   2.733e-05   5.722e-13   1.102e-08
     -0.3048   3.035e-05   3.033e-05   5.722e-13   1.122e-08
     -0.2948   3.363e-05   3.362e-05   5.722e-13   1.143e-08
     -0.2848   3.723e-05   3.721e-05   5.722e-13   1.164e-08
     -0.2748   4.107e-05   4.106e-05   5.722e-13   1.186e-08
     -0.2648   4.526e-05   4.525e-05   5.722e-13   1.208e-08
     -0.2548   4.984e-05   4.983e-05   5.722e-13   1.231e-08
     -0.2448    5.47e-05   5.468e-05   5.722e-13   1.253e-08
     -0.2348   5.956e-05   5.955e-05   5.722e-13   1.277e-08
     -0.2248   6.491e-05    6.49e-05   5.722e-13     1.3e-08
     -0.2148   7.074e-05   7.073e-05   5.722e-13   1.325e-08
     -0.2048   7.685e-05   7.684e-05   5.722e-13   1.349e-08
     -0.1948   8.337e-05   8.336e-05   5.722e-13   1.374e-08
     -0.1848   9.049e-05   9.047e-05   5.722e-13     1.4e-08
     -0.1748   9.858e-05   9.857e-05   5.722e-13   1.426e-08
     -0.1648    0.000107    0.000107   5.722e-13   1.452e-08
     -0.1548   0.0001159   0.0001159   5.722e-13   1.479e-08
     -0.1448   0.0001257   0.0001256   5.722e-13   1.507e-08
     -0.1348   0.0001356   0.0001355   5.722e-13   1.535e-08
     -0.1248   0.0001461   0.0001461   5.722e-13   1.564e-08
     -0.1148    0.000157    0.000157   5.722e-13   1.593e-08
     -0.1048   0.0001693   0.0001693   5.722e-13   1.622e-08
    -0.09476   0.0001878   0.0001878   5.722e-13   1.652e-08
    -0.08476   0.0002042   0.0002042   5.722e-13   1.683e-08
    -0.07476   0.0002244   0.0002244   5.722e-13   1.714e-08
    -0.06476   0.0002518   0.0002518   5.722e-13   1.746e-08
    -0.05476   0.0002825   0.0002825   5.722e-13   1.779e-08
    -0.04476   0.0003152   0.0003152   5.722e-13   1.812e-08
    -0.03476   0.0003494   0.0003493   5.722e-13   1.845e-08
    -0.02476   0.0003884   0.0003883   5.722e-13    1.88e-08
    -0.01476   0.0004324   0.0004324   5.722e-13   1.915e-08
    -0.00476    0.000479    0.000479   5.722e-13    1.95e-08
     0.00524   0.0005288   0.0005288   5.722e-13   1.987e-08
     0.01524   0.0005817   0.0005817   5.722e-13   2.023e-08
     0.02524   0.0006346   0.0006346   5.722e-13   2.061e-08
     0.03524   0.0006779   0.0006779   5.722e-13   2.099e-08
     0.04524   0.0007324   0.0007323   5.722e-13   2.138e-08
     0.05524   0.0007845   0.0007845   5.722e-13   2.178e-08
     0.06524   0.0008261   0.0008261   5.722e-13   2.219e-08
     0.07524   0.0008676   0.0008676   5.722e-13    2.26e-08
     0.08524   0.0009122   0.0009122   5.722e-13   2.302e-08
     0.09524   0.0009588   0.0009588   5.722e-13   2.345e-08
      0.1052    0.001005    0.001005   5.722e-13   2.388e-08
      0.1152    0.001046    0.001046   5.722e-13   2.433e-08
      0.1252    0.001091    0.001091   5.722e-13   2.478e-08
      0.1352    0.001138    0.001138   5.722e-13   2.524e-08
      0.1452    0.001188    0.001188   5.722e-13   2.571e-08
      0.1552    0.001244    0.001244   5.722e-13   2.619e-08
      0.1652    0.001301    0.001301   5.722e-13   2.667e-08
      0.1752    0.001355    0.001355   5.722e-13   2.717e-08
      0.1852    0.001411     0.00141   5.722e-13   2.768e-08
      0.1952    0.001471    0.001471   5.722e-13   2.819e-08
      0.2052    0.001535    0.001535   5.722e-13   2.871e-08
      0.2152    0.001596    0.001596   5.722e-13   2.925e-08
      0.2252     0.00166     0.00166   5.722e-13   2.979e-08
      0.2352    0.001724    0.001724   5.722e-13   3.035e-08
      0.2452    0.001792    0.001792   5.722e-13   3.091e-08
      0.2552    0.001856    0.001856   5.722e-13   3.148e-08
      0.2652    0.001935    0.001935   5.722e-13   3.207e-08
      0.2752    0.002016    0.002016   5.722e-13   3.267e-08
      0.2852    0.002102    0.002102   5.722e-13   3.327e-08
      0.2952    0.002186    0.002186   5.722e-13   3.389e-08
      0.3052    0.002261    0.002261   5.722e-13   3.452e-08
      0.3152    0.002353    0.002353   5.722e-13   3.516e-08
      0.3252    0.002445    0.002445   5.722e-13   3.582e-08
      0.3352    0.002533    0.002533   5.722e-13   3.648e-08
      0.3452    0.002625    0.002625   5.722e-13   3.716e-08
      0.3552    0.002723    0.002723   5.722e-13   3.785e-08
      0.3652    0.002804    0.002804   5.722e-13   3.856e-08
      0.3752    0.002899    0.002896   5.722e-13   3.001e-06
      0.3852       0.003    0.002993   5.722e-13   7.878e-06
      0.3952    0.003079    0.003067   5.722e-13   1.237e-05
      0.4052    0.003158    0.003141   5.722e-13   1.674e-05
      0.4152    0.003232     0.00321   5.722e-13   2.126e-05
      0.4252    0.003308    0.003282   5.722e-13   2.593e-05
      0.4352    0.003401    0.003371   5.722e-13   3.007e-05
      0.4452    0.003476    0.003443   5.722e-13   3.324e-05
      0.4552    0.003552    0.003517   5.722e-13   3.547e-05
      0.4652    0.003631    0.003595   5.722e-13   3.663e-05
      0.4752    0.003691    0.003655   5.722e-13   3.607e-05
      0.4852    0.003758    0.003722   5.722e-13   3.605e-05
      0.4952    0.003843    0.003806   5.722e-13   3.699e-05
      0.5052    0.003921    0.003883   5.722e-13   3.831e-05
      0.5152    0.004015    0.003975   5.722e-13   3.973e-05
      0.5252    0.004098    0.004057   5.722e-13   4.105e-05
      0.5352    0.004187    0.004145   5.722e-13   4.203e-05
      0.5452    0.004282    0.004239   5.722e-13   4.241e-05
      0.5552     0.00439    0.004348   5.722e-13   4.219e-05
      0.5652    0.004492     0.00445   5.722e-13   4.203e-05
      0.5752    0.004585    0.004543   5.722e-13   4.236e-05
      0.5852    0.004649    0.004606   5.722e-13    4.31e-05
      0.5952    0.004705    0.004661   5.722e-13   4.399e-05
      0.6052    0.004792    0.004747   5.722e-13   4.496e-05
      0.6152    0.004838    0.004792   5.722e-13   4.629e-05
      0.6252    0.004888     0.00484   5.722e-13   4.806e-05
      0.6352    0.004913    0.004863   5.722e-13    5.02e-05
      0.6452    0.004924    0.004871   5.722e-13   5.261e-05
      0.6552    0.004927    0.004872   5.722e-13   5.524e-05
      0.6652    0.004901    0.004843   5.722e-13   5.806e-05
      0.6752    0.004862    0.004801   5.722e-13   6.108e-05
      0.6852    0.004768    0.004704   5.722e-13   6.429e-05
      0.6952    0.004684    0.004617   5.722e-13   6.772e-05
      0.7052    0.004598    0.004526   5.722e-13   7.138e-05
      0.7152    0.004479    0.004404   5.722e-13   7.539e-05
      0.7252    0.004336    0.004256   5.722e-13   7.985e-05
      0.7352    0.004192    0.004108   5.722e-13   8.475e-05
      0.7452    0.004098    0.004008   5.722e-13   8.977e-05
      0.7552    0.003987    0.003893   5.722e-13   9.479e-05
      0.7652    0.003908    0.003808   5.722e-13   9.993e-05
      0.7752     0.00382    0.003715   5.722e-13   0.0001053
      0.7852    0.004442    0.003618    0.000713   0.0001112
      0.7952    0.004347    0.003509   0.0007205   0.0001177
      0.8052    0.004244    0.003389   0.0007298   0.0001256
      0.8152    0.004177      0.0033   0.0007415   0.0001362
      0.8252    0.004108    0.003196   0.0007564   0.0001552
      0.8352     0.00408    0.003091   0.0007749   0.0002141
      0.8452    0.004653    0.003041   0.0007979   0.0008142
      0.8552    0.004721    0.003026   0.0008258   0.0008693
      0.8652    0.004747    0.002999   0.0008595   0.0008884
      0.8752    0.004739    0.002938   0.0008994   0.0009013
      0.8852    0.004733    0.002874   0.0009463    0.000912
      0.8952    0.004699    0.002777    0.001001   0.0009218
      0.9052    0.004663    0.002668    0.001064    0.000931
      0.9152    0.004649    0.002574    0.001135   0.0009401
      0.9252    0.004675     0.00251    0.001216   0.0009489
      0.9352    0.004724    0.002459    0.001308    0.000957
      0.9452    0.004787    0.002414     0.00141   0.0009632
      0.9552    0.004862    0.002376    0.001524    0.000962
      0.9652     0.00489    0.002318    0.001649   0.0009222
      0.9752    0.004384    0.002253    0.001788   0.0003426
      0.9852    0.004418    0.002168     0.00194   0.0003098
      0.9952    0.004492    0.002072    0.002105   0.0003152
       1.005    0.004602    0.001988    0.002284   0.0003296
       1.015    0.004734    0.001907    0.002476   0.0003502
       1.025    0.004897    0.001838    0.002681    0.000378
       1.035    0.005095    0.001778    0.002896   0.0004205
       1.045    0.005348    0.001721     0.00312   0.0005066
       1.055    0.005591    0.001661    0.003352   0.0005775
       1.065     0.00584    0.001598    0.003589   0.0006517
       1.075    0.006147    0.001534    0.003829   0.0007847
       1.085    0.006489    0.001462    0.004067   0.0009601
       1.095    0.006839    0.001414    0.004301    0.001124
       1.105    0.007322     0.00137    0.004527    0.001425
       1.115    0.008581    0.001336     0.00475    0.002495
       1.125      0.0096      0.0013    0.004966    0.003335
       1.135     0.01016    0.001263    0.005177    0.003723
       1.145     0.01071    0.001225    0.005382    0.004106
       1.155     0.01129     0.00119    0.005581    0.004516
       1.165     0.01185    0.001154    0.005777    0.004919
       1.175     0.01247    0.001118    0.005971    0.005376
       1.185     0.01332    0.001084    0.006162    0.006076
       1.195     0.01464    0.001048    0.006353    0.007241
       1.205      0.0168    0.001012    0.006545    0.009245
       1.215     0.01896   0.0009779    0.006743     0.01124
       1.225     0.02074   0.0009421    0.006944     0.01286
       1.235     0.02169   0.0009078    0.007155     0.01362
       1.245     0.02168   0.0008737    0.007371     0.01343
       1.255     0.02209   0.0008427    0.007598     0.01365
       1.265     0.02286   0.0008135    0.007832     0.01422
       1.275     0.02325   0.0007876    0.008081     0.01438
       1.285     0.02348   0.0007613    0.008345     0.01438
       1.295      0.0237   0.0007377    0.008627     0.01433
       1.305     0.02382   0.0007152    0.008933     0.01417
       1.315     0.02375   0.0006927    0.009275     0.01379
       1.325     0.02326   0.0006711    0.009645     0.01294
       1.335     0.02192   0.0006491     0.01005     0.01122
       1.345     0.02064   0.0006262     0.01049    0.009522
       1.355     0.01987   0.0006029     0.01096    0.008307
       1.365     0.02009   0.0005795     0.01143    0.008082
       1.375     0.02248   0.0005563     0.01192     0.01001
       1.385      0.0236   0.0005326      0.0124     0.01066
       1.395     0.02427   0.0005085     0.01289     0.01087
       1.405     0.02557   0.0004829     0.01338     0.01171
       1.415      0.0269   0.0004581     0.01386     0.01258
       1.425     0.02877   0.0004326     0.01434       0.014
       1.435     0.03015    0.000407     0.01483     0.01491
       1.445     0.03127   0.0003815     0.01533     0.01556
       1.455     0.03249   0.0003565     0.01583      0.0163
       1.465     0.03351   0.0003332     0.01635     0.01682
       1.475     0.03451   0.0003116     0.01689     0.01731
       1.485     0.03538   0.0002915     0.01746     0.01763
       1.495     0.03604   0.0002729     0.01809     0.01768
       1.505     0.03482   0.0002557     0.01877     0.01579
       1.515      0.0348   0.0002398      0.0195     0.01506
       1.525     0.03547   0.0002253     0.02028     0.01496
       1.535     0.03614   0.0002119     0.02114     0.01479
       1.545     0.03724   0.0001997     0.02206     0.01498
       1.555     0.03799   0.0001885     0.02303     0.01477
       1.565     0.03936   0.0001784     0.02404     0.01515
       1.575     0.04083   0.0001692     0.02505     0.01561
       1.585     0.04216   0.0001609     0.02607     0.01593
       1.595     0.04369   0.0001533     0.02708     0.01646
       1.605     0.04527   0.0001464     0.02808     0.01704
       1.615     0.04686   0.0001402     0.02905     0.01768
       1.625     0.04843   0.0001346     0.02995     0.01834
       1.635     0.04994   0.0001294      0.0308     0.01901
       1.645     0.05139   0.0001247     0.03159     0.01968
       1.655     0.05273   0.0001202     0.03231      0.0203
       1.665     0.05389   0.0001161     0.03293     0.02085
       1.675     0.05477   0.0001123     0.03346      0.0212
       1.685     0.05554   0.0001086     0.03391     0.02152
       1.695     0.05625   0.0001051     0.03427     0.02188
       1.705     0.05715   0.0001017     0.03455      0.0225
       1.715     0.05818   9.834e-05     0.03477     0.02331
       1.725     0.05925   9.508e-05     0.03493     0.02423
       1.735     0.06035   9.187e-05     0.03503     0.02523
       1.745      0.0616    8.87e-05     0.03508     0.02643
       1.755     0.06299   8.556e-05     0.03512     0.02778
       1.765     0.06455   8.246e-05     0.03514     0.02932
       1.775     0.06629    7.94e-05     0.03515     0.03106
       1.785     0.06825   7.638e-05     0.03516     0.03302
       1.795     0.07045    7.34e-05     0.03517     0.03521
       1.805     0.07291   7.048e-05     0.03519     0.03765
       1.815     0.07564    6.76e-05     0.03521     0.04036
       1.825     0.07865   6.478e-05     0.03524     0.04334
       1.835     0.08196   6.201e-05     0.03529     0.04661
       1.845     0.08554    5.93e-05     0.03532     0.05016
       1.855      0.0894   5.665e-05     0.03536     0.05399
       1.865     0.09353   5.407e-05     0.03538      0.0581
       1.875      0.0979   5.156e-05     0.03539     0.06247
       1.885      0.1025   4.912e-05     0.03537      0.0671
       1.895      0.1073   4.675e-05     0.03532     0.07197
       1.905      0.1124   4.446e-05     0.03524     0.07708
       1.915      0.1176   4.225e-05     0.03513     0.08242
       1.925       0.123   4.012e-05     0.03497     0.08798
       1.935      0.1286   3.808e-05     0.03476     0.09377
       1.945      0.1343   3.612e-05     0.03452     0.09977
       1.955      0.1403   3.425e-05     0.03424       0.106
       1.965      0.1464   3.248e-05     0.03391      0.1125
       1.975      0.1528    3.08e-05     0.03354      0.1193
       1.985      0.1595    2.92e-05     0.03313      0.1263
       1.995      0.1664    2.77e-05     0.03268      0.1337
       2.005      0.1736   2.629e-05     0.03219      0.1414
       2.015      0.1812   2.496e-05     0.03168      0.1495
       2.025      0.1891   2.372e-05     0.03113       0.158
       2.035      0.1974   2.256e-05     0.03056      0.1668
       2.045      0.2062   2.148e-05     0.02997      0.1762
       2.055      0.2153   2.047e-05     0.02935      0.1859
       2.065      0.2249   1.953e-05     0.02871      0.1962
       2.075      0.2349   1.865e-05     0.02805      0.2069
       2.085      0.2454   1.782e-05     0.02739       0.218
       2.095      0.2562   1.705e-05      0.0267      0.2295
       2.105      0.2675   1.632e-05     0.02601      0.2415
       2.115      0.2792   1.564e-05     0.02531      0.2538
       2.125      0.2911   1.499e-05     0.02461      0.2665
       2.135      0.3034   1.437e-05      0.0239      0.2795
       2.145       0.316   1.378e-05     0.02319      0.2928
       2.155      0.3287   1.322e-05     0.02248      0.3062
       2.165      0.3416   1.268e-05     0.02176      0.3199
       2.175      0.3546   1.215e-05     0.02105      0.3335
       2.185      0.3676   1.164e-05     0.02034      0.3473
       2.195      0.3806   1.115e-05     0.01964       0.361
       2.205      0.3935   1.068e-05     0.01895      0.3745
       2.215      0.4062   1.021e-05     0.01826      0.3879
       2.225      0.4186   9.762e-06     0.01758       0.401
       2.235      0.4307   9.327e-06     0.01691      0.4138
       2.245      0.4424   8.907e-06     0.01625      0.4262
       2.255      0.4537   8.503e-06      0.0156      0.4381
       2.265      0.4644   8.114e-06     0.01496      0.4494
       2.275      0.4745   7.742e-06     0.01434      0.4601
       2.285      0.4839   7.385e-06     0.01372      0.4702
       2.295      0.4927   7.046e-06     0.01313      0.4795
       2.305      0.5007   6.722e-06     0.01255      0.4881
       2.315      0.5079   6.414e-06     0.01199      0.4959
       2.325      0.5142   6.121e-06     0.01144      0.5028
       2.335      0.5197   5.843e-06     0.01091      0.5088
       2.345      0.5243   5.579e-06      0.0104      0.5139
       2.355       0.528   5.328e-06    0.009899      0.5181
       2.365      0.5309   5.089e-06    0.009414      0.5214
       2.375      0.5328   4.861e-06    0.008951      0.5238
       2.385      0.5339   4.643e-06    0.008502      0.5254
       2.395      0.5342   4.436e-06    0.008074      0.5261
       2.405      0.5337   4.238e-06    0.007656       0.526
       2.415      0.5325   4.048e-06    0.007263      0.5252
       2.425      0.5307   3.866e-06    0.006882      0.5238
       2.435      0.5283   3.693e-06    0.006514      0.5218
       2.445      0.5255   3.526e-06    0.006163      0.5193
       2.455      0.5222   3.367e-06    0.005828      0.5164
       2.465      0.5184   3.215e-06    0.005508      0.5129
       2.475      0.5138    3.07e-06    0.005202      0.5086
       2.485      0.5081   2.931e-06    0.004912      0.5032
       2.495      0.5014   2.799e-06    0.004636      0.4968
       2.505      0.4936   2.673e-06     0.00437      0.4892
       2.515      0.4848   2.552e-06    0.004119      0.4807
       2.525      0.4751   2.437e-06    0.003878      0.4712
       2.535      0.4645   2.327e-06    0.003652      0.4608
       2.545      0.4531   2.221e-06    0.003434      0.4497
       2.555      0.4409   2.118e-06    0.003229      0.4377
       2.565       0.428   2.019e-06    0.003037      0.4249
       2.575      0.4143   1.922e-06    0.002852      0.4114
       2.585      0.3999   1.828e-06    0.002677      0.3972
       2.595       0.385   1.736e-06    0.002511      0.3825
       2.605        0.37   1.644e-06    0.002356      0.3676
       2.615      0.3552   1.554e-06    0.002209      0.3529
       2.625      0.3407   1.464e-06    0.002071      0.3386
       2.635      0.3265   1.375e-06    0.001939      0.3246
       2.645      0.3128   1.286e-06    0.001817       0.311
       2.655      0.2994   1.196e-06    0.001702      0.2977
       2.665      0.2863   1.107e-06    0.001595      0.2847
       2.675      0.2736   1.018e-06    0.001491      0.2721
       2.685      0.2611   9.282e-07    0.001396      0.2597
       2.695       0.249   8.388e-07    0.001305      0.2477
       2.705      0.2373   7.494e-07     0.00122       0.236
       2.715      0.2258   6.599e-07     0.00114      0.2246
       2.725      0.2146   5.704e-07    0.001065      0.2136
       2.735      0.2038    4.81e-07   0.0009943      0.2028
       2.745      0.1932   3.914e-07   0.0009282      0.1923
       2.755       0.183   3.019e-07   0.0008665      0.1821
       2.765      0.1731   2.124e-07   0.0008091      0.1723
       2.775      0.1635   1.228e-07   0.0007546      0.1628
       2.785      0.1543    3.32e-08   0.0007046      0.1536
       2.795      0.1454   -5.64e-08   0.0006575      0.1448
       2.805      0.1369   -1.46e-07   0.0006139      0.1363
       2.815      0.1287  -2.357e-07   0.0005731      0.1281
       2.825      0.1209  -3.253e-07   0.0005346      0.1203
       2.835      0.1134   -4.15e-07    0.000499      0.1129
       2.845      0.1062  -5.046e-07   0.0004659      0.1058
       2.855     0.09944  -5.943e-07   0.0004344       0.099
       2.865     0.09304   -6.84e-07   0.0004055     0.09263
       2.875     0.08702  -7.737e-07   0.0003785     0.08664
       2.885     0.08135  -8.635e-07    0.000353       0.081
       2.895     0.07602  -9.532e-07   0.0003297      0.0757
       2.905     0.07102  -1.043e-06   0.0003076     0.07071
       2.915     0.06631  -1.133e-06    0.000287     0.06603
       2.925     0.06189  -1.222e-06   0.0002679     0.06162
       2.935     0.05774  -1.312e-06   0.0002501     0.05749
       2.945     0.05386  -1.402e-06   0.0002333     0.05362
       2.955     0.05022  -1.492e-06   0.0002178        0.05
       2.965     0.04681  -1.582e-06   0.0002033     0.04661
       2.975     0.04362  -1.671e-06   0.0001897     0.04343
       2.985     0.04064  -1.761e-06    0.000177     0.04046
       2.995     0.03785  -1.851e-06   0.0001653     0.03769
       3.005     0.03525  -1.941e-06   0.0001542      0.0351
       3.015     0.03281  -2.031e-06   0.0001439     0.03267
       3.025     0.03054  -2.121e-06   0.0001342     0.03041
       3.035     0.02842  -2.211e-06   0.0001253      0.0283
       3.045     0.02645    -2.3e-06    0.000117     0.02633
       3.055     0.02461   -2.39e-06   0.0001091      0.0245
       3.065     0.02289   -2.48e-06   0.0001018     0.02279
       3.075     0.02129   -2.57e-06   9.503e-05     0.02119
       3.085      0.0198   -2.66e-06   8.868e-05     0.01971
       3.095     0.01841   -2.75e-06   8.271e-05     0.01833
       3.105     0.01711   -2.84e-06   7.719e-05     0.01704
       3.115     0.01591   -2.93e-06   7.205e-05     0.01584
       3.125     0.01479   -3.02e-06   6.723e-05     0.01472
       3.135     0.01375  -3.109e-06   6.277e-05     0.01369
       3.145     0.01278  -3.199e-06   5.856e-05     0.01272
       3.155     0.01187  -3.289e-06   5.465e-05     0.01182
       3.165     0.01104  -3.379e-06   5.098e-05     0.01099
       3.175     0.01026  -3.469e-06   4.759e-05     0.01021
       3.185     0.00953  -3.559e-06   4.442e-05    0.009489
       3.195    0.008856  -3.649e-06   4.145e-05    0.008818
       3.205    0.008229  -3.739e-06   3.871e-05    0.008194
       3.215    0.007647  -3.829e-06   3.613e-05    0.007615
       3.225    0.007106  -3.919e-06   3.373e-05    0.007076
       3.235    0.006603  -4.009e-06   3.147e-05    0.006575
       3.245    0.006135  -4.099e-06   2.935e-05     0.00611
       3.255      0.0057  -4.189e-06    2.74e-05    0.005677
       3.265    0.005296  -4.279e-06   2.557e-05    0.005275
       3.275    0.004921  -4.369e-06   2.386e-05    0.004902
       3.285    0.004571  -4.459e-06   2.227e-05    0.004554
       3.295    0.004247  -4.549e-06   2.078e-05     0.00423
       3.305    0.003945  -4.639e-06   1.939e-05     0.00393
       3.315    0.003664  -4.729e-06    1.81e-05    0.003651
       3.325    0.003403  -4.819e-06   1.689e-05    0.003391
       3.335     0.00316  -4.909e-06   1.575e-05     0.00315
       3.345    0.002935  -4.999e-06    1.47e-05    0.002925
       3.355    0.002725  -5.089e-06   1.372e-05    0.002717
       3.365    0.002531  -5.179e-06    1.28e-05    0.002523
       3.375     0.00235  -5.268e-06   1.193e-05    0.002343
       3.385    0.002171  -5.358e-06   5.722e-13    0.002176
       3.395    0.002015  -5.448e-06   5.722e-13    0.002021
       3.405    0.001871  -5.538e-06   5.722e-13    0.001877
       3.415    0.001738  -5.628e-06   5.722e-13    0.001743
       3.425    0.001614  -5.718e-06   5.722e-13     0.00162
       3.435    0.001499  -5.808e-06   5.722e-13    0.001505
       3.445    0.001393  -5.898e-06   5.722e-13    0.001399
       3.455    0.001294  -5.988e-06   5.722e-13      0.0013
       3.465    0.001203  -6.078e-06   5.722e-13    0.001209
       3.475    0.001118  -6.168e-06   5.722e-13    0.001124
       3.485     0.00104  -6.258e-06   5.722e-13    0.001046
       3.495   0.0009674  -6.348e-06   5.722e-13   0.0009737
       3.505   0.0009003  -6.438e-06   5.722e-13   0.0009067
       3.515   0.0008382  -6.528e-06   5.722e-13   0.0008447
       3.525   0.0007808  -6.618e-06   5.722e-13   0.0007874
       3.535   0.0007276  -6.708e-06   5.722e-13   0.0007343
       3.545   0.0006783  -6.798e-06   5.722e-13   0.0006851
       3.555   0.0006328  -6.888e-06   5.722e-13   0.0006396
       3.565   0.0005907  -6.978e-06   5.722e-13   0.0005977
       3.575   0.0005519  -7.068e-06   5.722e-13    0.000559
       3.585    0.000516  -7.158e-06   5.722e-13   0.0005231
       3.595   0.0004829  -7.248e-06   5.722e-13   0.0004901
       3.605   0.0004523  -7.338e-06   5.722e-13   0.0004596
       3.615    0.000424  -7.428e-06   5.722e-13   0.0004315
       3.625    0.000398  -7.518e-06   5.722e-13   0.0004055
       3.635   0.0003739  -7.608e-06   5.722e-13   0.0003815
       3.645   0.0003517  -7.698e-06   5.722e-13   0.0003594
       3.655   0.0003313  -7.788e-06   5.722e-13   0.0003391
       3.665   0.0003125  -7.878e-06   5.722e-13   0.0003204
       3.675   0.0002951  -7.968e-06   5.722e-13   0.0003031
       3.685   0.0002792  -8.058e-06   5.722e-13   0.0002873
       3.695   0.0002646  -8.148e-06   5.722e-13   0.0002727
       3.705   0.0002511  -8.238e-06   5.722e-13   0.0002594
       3.715   0.0002388  -8.328e-06   5.722e-13   0.0002471
       3.725   0.0002274  -8.418e-06   5.722e-13   0.0002359
       3.735   0.0002171  -8.508e-06   5.722e-13   0.0002256
       3.745   0.0002076  -8.598e-06   5.722e-13   0.0002162
       3.755    0.000199  -8.688e-06   5.722e-13   0.0002076
       3.765   0.0001911  -8.778e-06   5.722e-13   0.0001999
       3.775   0.0001839  -8.868e-06   5.722e-13   0.0001928
       3.785   0.0001774  -8.958e-06   5.722e-13   0.0001863
       3.795   0.0001714  -9.048e-06   5.722e-13   0.0001805
       3.805   0.0001661  -9.138e-06   5.722e-13   0.0001753
       3.815   0.0001613  -9.228e-06   5.722e-13   0.0001705
       3.825    0.000157  -9.318e-06   5.722e-13   0.0001663
       3.835   0.0001531  -9.408e-06   5.722e-13   0.0001625
       3.845   0.0001497  -9.498e-06   5.722e-13   0.0001592
       3.855   0.0001466  -9.588e-06   5.722e-13   0.0001562
       3.865    0.000144  -9.678e-06   5.722e-13   0.0001536
       3.875   0.0001416  -9.768e-06   5.722e-13   0.0001514
       3.885   0.0001396  -9.858e-06   5.722e-13   0.0001495
       3.895   0.0001379  -9.948e-06   5.722e-13   0.0001479
       3.905   0.0001365  -1.004e-05   5.722e-13   0.0001466
       3.915   0.0001354  -1.013e-05   5.722e-13   0.0001455
       3.925   0.0001345  -1.022e-05   5.722e-13   0.0001447
       3.935   0.0001338  -1.031e-05   5.722e-13   0.0001442
       3.945   0.0001334   -1.04e-05   5.722e-13   0.0001438
       3.955   0.0001332  -1.049e-05   5.722e-13   0.0001437
       3.965   0.0001332  -1.058e-05   5.722e-13   0.0001437
       3.975   0.0001333  -1.067e-05   5.722e-13    0.000144
       3.985   0.0001336  -1.076e-05   5.722e-13   0.0001444
       3.995   0.0001341  -1.085e-05   5.722e-13    0.000145
       4.005   0.0001348  -1.094e-05   5.722e-13   0.0001457
       4.015   0.0001356  -1.103e-05   5.722e-13   0.0001466
       4.025   0.0001366  -1.112e-05   5.722e-13   0.0001477
       4.035   0.0001376  -1.121e-05   5.722e-13   0.0001488
       4.045   0.0001389   -1.13e-05   5.722e-13   0.0001502
       4.055   0.0001402  -1.139e-05   5.722e-13   0.0001516
       4.065   0.0001417  -1.148e-05   5.722e-13   0.0001531
       4.075   0.0001433  -1.157e-05   5.722e-13   0.0001548
       4.085   0.0001449  -1.166e-05   5.722e-13   0.0001566
       4.095   0.0001468  -1.175e-05   5.722e-13   0.0001585
       4.105   0.0001487  -1.184e-05   5.722e-13   0.0001605
       4.115   0.0001507  -1.193e-05   5.722e-13   0.0001626
       4.125   0.0001528  -1.202e-05   5.722e-13   0.0001648
       4.135    0.000155  -1.211e-05   5.722e-13   0.0001671
       4.145   0.0001573   -1.22e-05   5.722e-13   0.0001695
       4.155   0.0001597  -1.229e-05   5.722e-13    0.000172
       4.165   0.0001622  -1.238e-05   5.722e-13   0.0001746
       4.175   0.0001648  -1.247e-05   5.722e-13   0.0001772
       4.185   0.0001674  -1.256e-05   5.722e-13     0.00018
       4.195   0.0001702  -1.265e-05   5.722e-13   0.0001828
       4.205    0.000173  -1.274e-05   5.722e-13   0.0001858
       4.215    0.000176  -1.283e-05   5.722e-13   0.0001888
       4.225    0.000179  -1.292e-05   5.722e-13   0.0001919
       4.235   0.0001821  -1.301e-05   5.722e-13   0.0001951
       4.245   0.0001852   -1.31e-05   5.722e-13   0.0001983
       4.255   0.0001885  -1.319e-05   5.722e-13   0.0002017
       4.265   0.0001919  -1.328e-05   5.722e-13   0.0002051
       4.275   0.0001953  -1.337e-05   5.722e-13   0.0002087
       4.285   0.0001988  -1.346e-05   5.722e-13   0.0002123
       4.295   0.0002024  -1.355e-05   5.722e-13    0.000216
       4.305   0.0002061  -1.364e-05   5.722e-13   0.0002198
       4.315   0.0002099  -1.373e-05   5.722e-13   0.0002236
       4.325   0.0002138  -1.382e-05   5.722e-13   0.0002276
       4.335   0.0002177  -1.391e-05   5.722e-13   0.0002316
       4.345   0.0002217    -1.4e-05   5.722e-13   0.0002357
       4.355   0.0002259  -1.409e-05   5.722e-13     0.00024
       4.365   0.0002301  -1.418e-05   5.722e-13   0.0002443
       4.375   0.0002344  -1.427e-05   5.722e-13   0.0002487
       4.385   0.0002388  -1.436e-05   5.722e-13   0.0002531
       4.395   0.0002433  -1.445e-05   5.722e-13   0.0002577
       4.405   0.0002479  -1.454e-05   5.722e-13   0.0002624
       4.415   0.0002525  -1.463e-05   5.722e-13   0.0002672
       4.425   0.0002573  -1.472e-05   5.722e-13    0.000272
       4.435   0.0002622  -1.481e-05   5.722e-13    0.000277
       4.445   0.0002671   -1.49e-05   5.722e-13    0.000282
       4.455   0.0002722  -1.499e-05   5.722e-13   0.0002872
       4.465   0.0002774  -1.508e-05   5.722e-13   0.0002925
       4.475   0.0002827  -1.517e-05   5.722e-13   0.0002978
       4.485    0.000288  -1.526e-05   5.722e-13   0.0003033
       4.495   0.0002935  -1.535e-05   5.722e-13   0.0003089
       4.505   0.0002991  -1.544e-05   5.722e-13   0.0003145
       4.515   0.0003048  -1.553e-05   5.722e-13   0.0003203
       4.525   0.0003106  -1.562e-05   5.722e-13   0.0003262
       4.535   0.0003165  -1.571e-05   5.722e-13   0.0003323
       4.545   0.0003226   -1.58e-05   5.722e-13   0.0003384
       4.555   0.0003287  -1.589e-05   5.722e-13   0.0003446
       4.565    0.000335  -1.598e-05   5.722e-13    0.000351
       4.575   0.0003414  -1.607e-05   5.722e-13   0.0003575
       4.585   0.0003479  -1.616e-05   5.722e-13   0.0003641
       4.595   0.0003546  -1.625e-05   5.722e-13   0.0003708
       4.605   0.0003614  -1.634e-05   5.722e-13   0.0003777
       4.615   0.0003683  -1.643e-05   5.722e-13   0.0003847
       4.625   0.0003753  -1.652e-05   5.722e-13   0.0003918
       4.635   0.0003825  -1.661e-05   5.722e-13   0.0003991
       4.645   0.0003898   -1.67e-05   5.722e-13   0.0004065
       4.655   0.0003972  -1.679e-05   5.722e-13    0.000414
       4.665   0.0004048  -1.688e-05   5.722e-13   0.0004217
       4.675   0.0004125  -1.697e-05   5.722e-13   0.0004295
       4.685   0.0004204  -1.706e-05   5.722e-13   0.0004375
       4.695   0.0004284  -1.715e-05   5.722e-13   0.0004456
       4.705   0.0004366  -1.724e-05   5.722e-13   0.0004538
       4.715   0.0004449  -1.733e-05   5.722e-13   0.0004623
       4.725   0.0004534  -1.742e-05   5.722e-13   0.0004708
       4.735   0.0004621  -1.751e-05   5.722e-13   0.0004796
       4.745   0.0004709   -1.76e-05   5.722e-13   0.0004885
       4.755   0.0004799  -1.769e-05   5.722e-13   0.0004976
       4.765    0.000489  -1.778e-05   5.722e-13   0.0005068
       4.775   0.0004983  -1.787e-05   5.722e-13   0.0005162
       4.785   0.0005078  -1.796e-05   5.722e-13   0.0005258
       4.795   0.0005175  -1.805e-05   5.722e-13   0.0005356
       4.805   0.0005274  -1.814e-05   5.722e-13   0.0005455
       4.815   0.0005374  -1.823e-05   5.722e-13   0.0005557
       4.825   0.0005477  -1.832e-05   5.722e-13    0.000566
       4.835   0.0005581  -1.841e-05   5.722e-13   0.0005765
       4.845   0.0005687   -1.85e-05   5.722e-13   0.0005872
       4.855   0.0005795  -1.859e-05   5.722e-13   0.0005981
       4.865   0.0005906  -1.868e-05   5.722e-13   0.0006092
       4.875   0.0006018  -1.877e-05   5.722e-13   0.0006206
       4.885   0.0006132  -1.886e-05   5.722e-13   0.0006321
       4.895   0.0006249  -1.895e-05   5.722e-13   0.0006438
       4.905   0.0006368  -1.904e-05   5.722e-13   0.0006558
       4.915   0.0006489  -1.913e-05   5.722e-13    0.000668
       4.925   0.0006612  -1.922e-05   5.722e-13   0.0006804
       4.935   0.0006737  -1.931e-05   5.722e-13    0.000693
       4.945   0.0006865   -1.94e-05   5.722e-13   0.0007059
       4.955   0.0006996  -1.949e-05   5.722e-13    0.000719
       4.965   0.0007128  -1.958e-05   5.722e-13   0.0007324
       4.975   0.0007264  -1.967e-05   5.722e-13    0.000746
       4.985   0.0007401  -1.976e-05   5.722e-13   0.0007599
       4.995   0.0007542  -1.985e-05   5.722e-13    0.000774
       5.005   0.0007685  -1.994e-05   5.722e-13   0.0007884
       5.015    0.000783  -2.003e-05   5.722e-13   0.0008031
       5.025   0.0007979  -2.012e-05   5.722e-13    0.000818
       5.035    0.000813  -2.021e-05   5.722e-13   0.0008332
       5.045   0.0008284   -2.03e-05   5.722e-13   0.0008487
       5.055   0.0008441  -2.039e-05   5.722e-13   0.0008645
       5.065   0.0008601  -2.048e-05   5.722e-13   0.0008805
       5.075   0.0008763  -2.057e-05   5.722e-13   0.0008969
       5.085   0.0008929  -2.066e-05   5.722e-13   0.0009136
       5.095   0.0009098  -2.075e-05   5.722e-13   0.0009306
       5.105    0.000927  -2.084e-05   5.722e-13   0.0009479
       5.115   0.0009446  -2.093e-05   5.722e-13   0.0009655
       5.125   0.0009624  -2.102e-05   5.722e-13   0.0009834
       5.135   0.0009806  -2.111e-05   5.722e-13    0.001002
       5.145   0.0009991   -2.12e-05   5.722e-13     0.00102
       5.155    0.001018  -2.128e-05   5.722e-13    0.001039
       5.165    0.001037  -2.137e-05   5.722e-13    0.001059
       5.175    0.001057  -2.146e-05   5.722e-13    0.001078
       5.185    0.001077  -2.155e-05   5.722e-13    0.001098
       5.195    0.001097  -2.164e-05   5.722e-13    0.001119
       5.205    0.001118  -2.173e-05   5.722e-13     0.00114
       5.215    0.001139  -2.182e-05   5.722e-13    0.001161
       5.225     0.00116  -2.191e-05   5.722e-13    0.001182
       5.235    0.001182    -2.2e-05   5.722e-13    0.001204
       5.245    0.001205  -2.209e-05   5.722e-13    0.001227
       5.255    0.001227  -2.218e-05   5.722e-13     0.00125
       5.265     0.00125  -2.227e-05   5.722e-13    0.001273
       5.275    0.001274  -2.236e-05   5.722e-13    0.001296
       5.285    0.001298  -2.245e-05   5.722e-13    0.001321
       5.295    0.001323  -2.254e-05   5.722e-13    0.001345
       5.305    0.001347  -2.263e-05   5.722e-13     0.00137
       5.315    0.001373  -2.272e-05   5.722e-13    0.001396
       5.325    0.001399  -2.281e-05   5.722e-13    0.001421
       5.335    0.001425   -2.29e-05   5.722e-13    0.001448
       5.345    0.001452  -2.299e-05   5.722e-13    0.001475
       5.355    0.001479  -2.308e-05   5.722e-13    0.001502
       5.365    0.001507  -2.317e-05   5.722e-13     0.00153
       5.375    0.001535  -2.326e-05   5.722e-13    0.001559
       5.385    0.001564  -2.335e-05   5.722e-13    0.001588
       5.395    0.001594  -2.344e-05   5.722e-13    0.001617
       5.405    0.001624  -2.353e-05   5.722e-13    0.001647
       5.415    0.001654  -2.362e-05   5.722e-13    0.001678
       5.425    0.001685  -2.371e-05   5.722e-13    0.001709
       5.435    0.001717   -2.38e-05   5.722e-13    0.001741
       5.445    0.001749  -2.389e-05   5.722e-13    0.001773
       5.455    0.001782  -2.398e-05   5.722e-13    0.001806
       5.465    0.001816  -2.407e-05   5.722e-13     0.00184
       5.475     0.00185  -2.416e-05   5.722e-13    0.001874
       5.485    0.001884  -2.425e-05   5.722e-13    0.001909
       5.495     0.00192  -2.434e-05   5.722e-13    0.001944
       5.505    0.001956  -2.443e-05   5.722e-13     0.00198
       5.515    0.001993  -2.452e-05   5.722e-13    0.002017
       5.525     0.00203  -2.461e-05   5.722e-13    0.002055
       5.535    0.002068   -2.47e-05   5.722e-13    0.002093
       5.545    0.002107  -2.479e-05   5.722e-13    0.002132
       5.555    0.002147  -2.488e-05   5.722e-13    0.002171
       5.565    0.002187  -2.497e-05   5.722e-13    0.002212
       5.575    0.002228  -2.506e-05   5.722e-13    0.002253
       5.585     0.00227  -2.515e-05   5.722e-13    0.002295
       5.595    0.002312  -2.524e-05   5.722e-13    0.002337
       5.605    0.002356  -2.533e-05   5.722e-13    0.002381
       5.615      0.0024  -2.542e-05   5.722e-13    0.002425
       5.625    0.002445  -2.551e-05   5.722e-13     0.00247
       5.635    0.002491   -2.56e-05   5.722e-13    0.002516
       5.645    0.002537  -2.569e-05   5.722e-13    0.002563
       5.655    0.002585  -2.578e-05   5.722e-13    0.002611
       5.665    0.002633  -2.587e-05   5.722e-13    0.002659
       5.675    0.002683  -2.596e-05   5.722e-13    0.002709
       5.685    0.002733  -2.605e-05   5.722e-13    0.002759
       5.695    0.002784  -2.614e-05   5.722e-13     0.00281
       5.705    0.002836  -2.623e-05   5.722e-13    0.002862
       5.715    0.002889  -2.632e-05   5.722e-13    0.002916
       5.725    0.002943  -2.641e-05   5.722e-13     0.00297
       5.735    0.002999   -2.65e-05   5.722e-13    0.003025
       5.745    0.003055  -2.659e-05   5.722e-13    0.003081
       5.755    0.003112  -2.668e-05   5.722e-13    0.003139
       5.765     0.00317  -2.677e-05   5.722e-13    0.003197
       5.775     0.00323  -2.686e-05   5.722e-13    0.003256
       5.785     0.00329  -2.695e-05   5.722e-13    0.003317
       5.795    0.003352  -2.704e-05   5.722e-13    0.003379
       5.805    0.003414  -2.713e-05   5.722e-13    0.003441
       5.815    0.003478  -2.722e-05   5.722e-13    0.003505
       5.825    0.003543  -2.731e-05   5.722e-13    0.003571
       5.835     0.00361   -2.74e-05   5.722e-13    0.003637
       5.845    0.003677  -2.749e-05   5.722e-13    0.003705
       5.855    0.003746  -2.758e-05   5.722e-13    0.003773
       5.865    0.003816  -2.767e-05   5.722e-13    0.003844
       5.875    0.003887  -2.776e-05   5.722e-13    0.003915
       5.885     0.00396  -2.785e-05   5.722e-13    0.003988
       5.895    0.004034  -2.794e-05   5.722e-13    0.004062
       5.905    0.004109  -2.803e-05   5.722e-13    0.004138
       5.915    0.004186  -2.812e-05   5.722e-13    0.004214
       5.925    0.004265  -2.821e-05   5.722e-13    0.004293
       5.935    0.004344   -2.83e-05   5.722e-13    0.004373
       5.945    0.004425  -2.839e-05   5.722e-13    0.004454
       5.955    0.004508  -2.848e-05   5.722e-13    0.004537
       5.965    0.004592  -2.857e-05   5.722e-13    0.004621
       5.975    0.004678  -2.866e-05   5.722e-13    0.004707
