#      _xxWS        ftot       firac        fagn        fsfr
#
     -0.1701      0.1318   3.477e-12   5.585e-20      0.1318
     -0.1601      0.1053    5.66e-12   5.585e-20      0.1053
     -0.1501      0.0788   9.294e-12   5.585e-20      0.0788
     -0.1401     0.05229   1.514e-11   5.585e-20     0.05229
     -0.1301     0.02578   2.459e-11   5.585e-20     0.02578
     -0.1201   2.224e-07   3.959e-11   5.585e-20   2.224e-07
     -0.1101   2.265e-07   6.102e-11   5.585e-20   2.265e-07
     -0.1001   2.308e-07   9.313e-11   5.585e-20   2.307e-07
    -0.09013   2.351e-07   1.349e-10   5.585e-20    2.35e-07
    -0.08013   2.396e-07   1.973e-10   5.585e-20   2.394e-07
    -0.07013   2.441e-07   2.833e-10   5.585e-20   2.438e-07
    -0.06013   2.487e-07    4.05e-10   5.585e-20   2.483e-07
    -0.05013   2.535e-07   5.638e-10   5.585e-20    2.53e-07
    -0.04013   2.585e-07   8.066e-10   5.585e-20   2.577e-07
    -0.03013   2.636e-07   1.138e-09   5.585e-20   2.624e-07
    -0.02013   2.689e-07   1.579e-09   5.585e-20   2.673e-07
    -0.01013   2.745e-07   2.167e-09   5.585e-20   2.723e-07
  -0.0001272   2.803e-07   2.924e-09   5.585e-20   2.774e-07
    0.009873   2.864e-07   3.895e-09   5.585e-20   2.825e-07
     0.01987   2.929e-07   5.154e-09   5.585e-20   2.878e-07
     0.02987   2.999e-07   6.787e-09   5.585e-20   2.931e-07
     0.03987   3.075e-07   8.968e-09   5.585e-20   2.986e-07
     0.04987   3.158e-07   1.167e-08   5.585e-20   3.041e-07
     0.05987   3.249e-07   1.518e-08   5.585e-20   3.098e-07
     0.06987   3.353e-07   1.982e-08   5.585e-20   3.155e-07
     0.07987   3.474e-07   2.603e-08   5.585e-20   3.214e-07
     0.08987   3.608e-07   3.344e-08   5.585e-20   3.274e-07
     0.09987   3.763e-07   4.283e-08   5.585e-20   3.335e-07
      0.1099   3.939e-07   5.424e-08   5.585e-20   3.397e-07
      0.1199   4.141e-07   6.812e-08   5.585e-20    3.46e-07
      0.1299   4.371e-07    8.47e-08   5.585e-20   3.524e-07
      0.1399   4.638e-07   1.049e-07   5.585e-20    3.59e-07
      0.1499    4.95e-07   1.294e-07   5.585e-20   3.656e-07
      0.1599   5.311e-07   1.587e-07   5.585e-20   3.724e-07
      0.1699   5.733e-07    1.94e-07   5.585e-20   3.793e-07
      0.1799   6.227e-07   2.363e-07   5.585e-20   3.864e-07
      0.1899   6.799e-07   2.863e-07   5.585e-20   3.936e-07
      0.1999   7.443e-07   3.434e-07   5.585e-20   4.009e-07
      0.2099   8.197e-07   4.113e-07   5.585e-20   4.084e-07
      0.2199   9.075e-07   4.915e-07   5.585e-20   4.159e-07
      0.2299   1.008e-06   5.844e-07   5.585e-20   4.237e-07
      0.2399   1.124e-06   6.923e-07   5.585e-20   4.316e-07
      0.2499   1.259e-06    8.19e-07   5.585e-20   4.396e-07
      0.2599   1.418e-06   9.706e-07   5.585e-20   4.478e-07
      0.2699     1.6e-06   1.144e-06   5.585e-20   4.561e-07
      0.2799   1.807e-06   1.343e-06   5.585e-20   4.646e-07
      0.2899   2.048e-06   1.574e-06   5.585e-20   4.732e-07
      0.2999   2.316e-06   1.834e-06   5.585e-20    4.82e-07
      0.3099   2.622e-06   2.131e-06   5.585e-20    4.91e-07
      0.3199   2.964e-06   2.464e-06   5.585e-20   5.001e-07
      0.3299   3.363e-06   2.854e-06   5.585e-20   5.094e-07
      0.3399   3.913e-06   3.395e-06   5.585e-20   5.188e-07
      0.3499   4.482e-06   3.953e-06   5.585e-20   5.285e-07
      0.3599   5.182e-06   4.644e-06   5.585e-20   5.383e-07
      0.3699   6.111e-06   5.563e-06   5.585e-20   5.483e-07
      0.3799   7.211e-06   6.652e-06   5.585e-20   5.585e-07
      0.3899   8.468e-06   7.899e-06   5.585e-20   5.689e-07
      0.3999   9.885e-06   9.306e-06   5.585e-20   5.795e-07
      0.4099   1.157e-05   1.098e-05   5.585e-20   5.903e-07
      0.4199   1.356e-05   1.296e-05   5.585e-20   6.012e-07
      0.4299   1.581e-05    1.52e-05   5.585e-20   6.124e-07
      0.4399   1.836e-05   1.773e-05   5.585e-20   6.238e-07
      0.4499   2.123e-05    2.06e-05   5.585e-20   6.354e-07
      0.4599   2.434e-05   2.369e-05   5.585e-20   6.472e-07
      0.4699   2.732e-05   2.666e-05   5.585e-20   6.592e-07
      0.4799   3.097e-05    3.03e-05   5.585e-20   6.715e-07
      0.4899   3.479e-05    3.41e-05   5.585e-20    6.84e-07
      0.4999   3.839e-05   3.769e-05   5.585e-20   6.967e-07
      0.5099   4.221e-05    4.15e-05   5.585e-20   7.096e-07
      0.5199   4.642e-05    4.57e-05   5.585e-20   7.228e-07
      0.5299   5.099e-05   5.026e-05   5.585e-20   7.363e-07
      0.5399    5.58e-05   5.505e-05   5.585e-20     7.5e-07
      0.5499   6.061e-05   5.985e-05   5.585e-20   7.639e-07
      0.5599   6.586e-05   6.509e-05   5.585e-20   7.781e-07
      0.5699   7.154e-05   7.074e-05   5.585e-20   7.926e-07
      0.5799    7.77e-05   7.689e-05   5.585e-20   8.073e-07
      0.5899   8.456e-05   8.374e-05   5.585e-20   8.223e-07
      0.5999   9.185e-05   9.102e-05   5.585e-20   8.376e-07
      0.6099    9.93e-05   9.845e-05   5.585e-20   8.532e-07
      0.6199   0.0001072   0.0001063   5.585e-20    8.69e-07
      0.6299   0.0001158   0.0001149   5.585e-20   8.852e-07
      0.6399   0.0001251   0.0001242   5.585e-20   9.017e-07
      0.6499   0.0001346   0.0001336   5.585e-20   9.184e-07
      0.6599   0.0001447   0.0001437   5.585e-20   9.355e-07
      0.6699   0.0001551   0.0001542   5.585e-20   9.529e-07
      0.6799   0.0001665   0.0001655   5.585e-20   9.706e-07
      0.6899   0.0001778   0.0001768   5.585e-20   9.886e-07
      0.6999   0.0001911   0.0001901   5.585e-20   1.007e-06
      0.7099   0.0002051    0.000204   5.585e-20   1.026e-06
      0.7199   0.0002201    0.000219   5.585e-20   1.045e-06
      0.7299   0.0002354   0.0002344   5.585e-20   1.064e-06
      0.7399   0.0002504   0.0002493   5.585e-20   1.084e-06
      0.7499   0.0002677   0.0002666   5.585e-20   1.104e-06
      0.7599   0.0002857   0.0002845   5.585e-20   1.125e-06
      0.7699   0.0003036   0.0003024   5.585e-20   1.146e-06
      0.7799   0.0003227   0.0003215   5.585e-20   1.167e-06
      0.7899   0.0003431   0.0003419   5.585e-20   1.189e-06
      0.7999   0.0003619   0.0003607   5.585e-20   1.211e-06
      0.8099   0.0003873   0.0003815   5.585e-20    5.79e-06
      0.8199   0.0004143   0.0004035   5.585e-20   1.078e-05
      0.8299   0.0004384    0.000423   5.585e-20   1.538e-05
      0.8399   0.0004628   0.0004429   5.585e-20   1.982e-05
      0.8499   0.0004869   0.0004626   5.585e-20   2.437e-05
      0.8599    0.000512    0.000483   5.585e-20   2.903e-05
      0.8699   0.0005395   0.0005064   5.585e-20   3.315e-05
      0.8799    0.000564   0.0005277   5.585e-20   3.629e-05
      0.8899   0.0005884   0.0005499   5.585e-20   3.848e-05
      0.8999   0.0006126    0.000573   5.585e-20    3.96e-05
      0.9099   0.0006327   0.0005937   5.585e-20     3.9e-05
      0.9199   0.0006547   0.0006158   5.585e-20   3.894e-05
      0.9299   0.0006809   0.0006411   5.585e-20   3.986e-05
      0.9399   0.0007068   0.0006656   5.585e-20   4.115e-05
      0.9499   0.0007358   0.0006933   5.585e-20   4.254e-05
      0.9599   0.0007634   0.0007196   5.585e-20   4.383e-05
      0.9699   0.0007921   0.0007473   5.585e-20   4.478e-05
      0.9799   0.0008218   0.0007766   5.585e-20   4.514e-05
      0.9899    0.000854   0.0008091   5.585e-20   4.492e-05
      0.9999   0.0008857    0.000841   5.585e-20   4.477e-05
        1.01   0.0009165   0.0008714   5.585e-20   4.509e-05
        1.02   0.0009422   0.0008964   5.585e-20   4.579e-05
        1.03    0.000967   0.0009203   5.585e-20   4.666e-05
        1.04    0.000998   0.0009504   5.585e-20    4.76e-05
        1.05    0.001021   0.0009726   5.585e-20   4.887e-05
        1.06    0.001046   0.0009954   5.585e-20   5.053e-05
        1.07    0.001066    0.001013   5.585e-20   5.251e-05
        1.08    0.001083    0.001028   5.585e-20   5.472e-05
        1.09    0.001098    0.001041   5.585e-20   5.713e-05
         1.1    0.001107    0.001048   5.585e-20   5.969e-05
        1.11    0.001113    0.001051   5.585e-20   6.243e-05
        1.12    0.001107    0.001042   5.585e-20   6.533e-05
        1.13    0.001102    0.001034   5.585e-20   6.842e-05
        1.14    0.001097    0.001025   5.585e-20   7.173e-05
        1.15    0.001084    0.001008   5.585e-20   7.534e-05
        1.16    0.001064   0.0009847   5.585e-20   7.936e-05
        1.17    0.001044   0.0009603   5.585e-20    8.38e-05
        1.18    0.001035   0.0009466   5.585e-20   8.836e-05
        1.19    0.001021   0.0009285   5.585e-20   9.298e-05
         1.2    0.001015   0.0009171   5.585e-20   9.776e-05
        1.21    0.001006   0.0009032   5.585e-20   0.0001029
        1.22   0.0009962   0.0008878    6.96e-11   0.0001085
        1.23   0.0009836   0.0008688   7.033e-11   0.0001148
        1.24    0.000969   0.0008465   7.124e-11   0.0001226
        1.25   0.0009643   0.0008313   7.239e-11    0.000133
        1.26   0.0009634    0.000812   7.384e-11   0.0001514
        1.27   0.0009981   0.0007917   7.565e-11   0.0002064
        1.28    0.001539   0.0007852   7.789e-11   0.0007538
        1.29    0.001594   0.0007875   8.062e-11   0.0008061
         1.3    0.001613   0.0007866    8.39e-11   0.0008264
        1.31    0.001618   0.0007764    8.78e-11   0.0008417
        1.32    0.001621   0.0007651   9.238e-11   0.0008559
        1.33    0.001615   0.0007444    9.77e-11   0.0008702
        1.34    0.001606   0.0007204   1.038e-10   0.0008854
        1.35    0.001601   0.0006996   1.108e-10   0.0009018
        1.36    0.001606   0.0006868   1.187e-10   0.0009195
        1.37    0.001616   0.0006775   1.277e-10   0.0009386
        1.38    0.001627   0.0006691   1.376e-10   0.0009581
        1.39    0.001636   0.0006628   1.487e-10   0.0009735
         1.4    0.001607   0.0006506    1.61e-10   0.0009565
        1.41    0.001088   0.0006361   1.745e-10    0.000452
        1.42    0.001064   0.0006157   1.894e-10   0.0004484
        1.43    0.001075   0.0005916   2.055e-10   0.0004836
        1.44    0.001103   0.0005709    2.23e-10   0.0005317
        1.45    0.001141   0.0005508   2.418e-10   0.0005906
        1.46    0.001196   0.0005337   2.617e-10    0.000662
        1.47    0.001273   0.0005189   2.827e-10   0.0007541
        1.48    0.001402   0.0005046   3.046e-10   0.0008977
        1.49    0.001523   0.0004895   3.273e-10    0.001033
         1.5    0.001654   0.0004734   3.504e-10     0.00118
        1.51    0.001857   0.0004565   3.737e-10      0.0014
        1.52    0.002114   0.0004371    3.97e-10    0.001677
        1.53    0.002378   0.0004246   4.199e-10    0.001953
        1.54    0.002814   0.0004134   4.419e-10      0.0024
        1.55    0.004179   0.0004048   4.637e-10    0.003774
        1.56    0.005301   0.0003955   4.847e-10    0.004906
        1.57    0.005899   0.0003857   5.054e-10    0.005513
        1.58    0.006514   0.0003758   5.254e-10    0.006138
        1.59    0.007188   0.0003664   5.448e-10    0.006821
         1.6    0.007881   0.0003568   5.639e-10    0.007524
        1.61     0.00869    0.000347   5.829e-10    0.008343
        1.62    0.009871   0.0003377   6.015e-10    0.009534
        1.63     0.01178   0.0003277   6.202e-10     0.01145
        1.64     0.01504   0.0003175    6.39e-10     0.01473
        1.65     0.01842   0.0003077   6.583e-10     0.01811
        1.66     0.02129   0.0002975   6.779e-10     0.02099
        1.67     0.02291   0.0002876   6.985e-10     0.02262
        1.68     0.02333   0.0002777   7.196e-10     0.02305
        1.69     0.02433   0.0002686   7.417e-10     0.02406
         1.7     0.02577   0.0002601   7.646e-10     0.02551
        1.71     0.02654   0.0002526   7.889e-10     0.02629
        1.72     0.02709   0.0002449   8.146e-10     0.02684
        1.73     0.02758    0.000238   8.421e-10     0.02734
        1.74     0.02793   0.0002314   8.721e-10     0.02769
        1.75     0.02796   0.0002247   9.054e-10     0.02773
        1.76     0.02732   0.0002183   9.416e-10      0.0271
        1.77     0.02534   0.0002117   9.812e-10     0.02513
        1.78     0.02333   0.0002047   1.024e-09     0.02312
        1.79     0.02204   0.0001976    1.07e-09     0.02184
         1.8     0.02239   0.0001904   1.116e-09      0.0222
        1.81     0.02668   0.0001832   1.163e-09      0.0265
        1.82     0.02883   0.0001758   1.211e-09     0.02866
        1.83     0.03009   0.0001682   1.258e-09     0.02992
        1.84     0.03254   0.0001601   1.306e-09     0.03238
        1.85     0.03509   0.0001522   1.353e-09     0.03494
        1.86     0.03892   0.0001441     1.4e-09     0.03878
        1.87     0.04173   0.0001358   1.448e-09     0.04159
        1.88     0.04404   0.0001275   1.496e-09     0.04391
        1.89     0.04666   0.0001194   1.546e-09     0.04654
         1.9     0.04884   0.0001118   1.596e-09     0.04873
        1.91     0.05111   0.0001048   1.649e-09       0.051
        1.92     0.05312    9.82e-05   1.704e-09     0.05303
        1.93     0.05477   9.209e-05   1.766e-09     0.05468
        1.94     0.05305   8.644e-05   1.832e-09     0.05297
        1.95     0.05356   8.122e-05   1.903e-09     0.05348
        1.96     0.05562   7.641e-05    1.98e-09     0.05555
        1.97     0.05796     7.2e-05   2.064e-09     0.05789
        1.98     0.06172   6.796e-05   2.154e-09     0.06166
        1.99       0.065   6.427e-05   2.248e-09     0.06494
           2     0.06993   6.091e-05   2.346e-09     0.06987
        2.01     0.07494   5.785e-05   2.446e-09     0.07489
        2.02     0.07962   5.508e-05   2.545e-09     0.07957
        2.03     0.08508   5.256e-05   2.643e-09     0.08502
        2.04     0.09097   5.028e-05   2.741e-09     0.09092
        2.05     0.09711   4.822e-05   2.836e-09     0.09706
        2.06      0.1035   4.633e-05   2.924e-09      0.1035
        2.07      0.1101   4.461e-05   3.006e-09      0.1101
        2.08      0.1169   4.303e-05   3.084e-09      0.1169
        2.09      0.1238   4.156e-05   3.154e-09      0.1237
         2.1      0.1305   4.019e-05   3.214e-09      0.1305
        2.11      0.1367    3.89e-05   3.266e-09      0.1367
        2.12       0.143   3.767e-05   3.311e-09       0.143
        2.13      0.1497   3.648e-05   3.345e-09      0.1497
        2.14       0.158   3.534e-05   3.373e-09       0.158
        2.15      0.1676   3.422e-05   3.394e-09      0.1675
        2.16      0.1782   3.312e-05    3.41e-09      0.1782
        2.17        0.19   3.204e-05   3.419e-09        0.19
        2.18      0.2037   3.096e-05   3.425e-09      0.2036
        2.19      0.2192    2.99e-05   3.429e-09      0.2192
         2.2      0.2371   2.884e-05    3.43e-09       0.237
        2.21      0.2575    2.78e-05   3.431e-09      0.2575
        2.22      0.2809   2.677e-05   3.432e-09      0.2809
        2.23      0.3076   2.575e-05   3.433e-09      0.3076
        2.24      0.3382   2.474e-05   3.435e-09      0.3381
        2.25      0.3729   2.375e-05   3.438e-09      0.3728
        2.26       0.412   2.278e-05   3.441e-09       0.412
        2.27      0.4559   2.182e-05   3.445e-09      0.4559
        2.28      0.5046   2.089e-05   3.448e-09      0.5046
        2.29      0.5582   1.997e-05   3.451e-09      0.5582
         2.3      0.6166   1.908e-05   3.454e-09      0.6166
        2.31      0.6796    1.82e-05   3.454e-09      0.6795
        2.32      0.7468   1.735e-05   3.452e-09      0.7468
        2.33      0.8181   1.653e-05   3.448e-09      0.8181
        2.34      0.8928   1.573e-05    3.44e-09      0.8928
        2.35      0.9706   1.496e-05   3.429e-09      0.9706
        2.36       1.051   1.421e-05   3.413e-09       1.051
        2.37       1.133    1.35e-05   3.394e-09       1.133
        2.38       1.218   1.281e-05    3.37e-09       1.218
        2.39       1.303   1.216e-05   3.342e-09       1.303
         2.4       1.389   1.154e-05    3.31e-09       1.389
        2.41       1.476   1.094e-05   3.274e-09       1.476
        2.42       1.564   1.038e-05   3.234e-09       1.563
        2.43       1.651   9.856e-06    3.19e-09       1.651
        2.44        1.74   9.358e-06   3.143e-09        1.74
        2.45       1.829   8.891e-06   3.093e-09       1.829
        2.46       1.918   8.454e-06   3.039e-09       1.918
        2.47       2.008   8.044e-06   2.984e-09       2.008
        2.48       2.098   7.662e-06   2.925e-09       2.098
        2.49       2.189   7.305e-06   2.865e-09       2.189
         2.5       2.281   6.972e-06   2.803e-09       2.281
        2.51       2.372   6.661e-06   2.738e-09       2.372
        2.52       2.464    6.37e-06   2.673e-09       2.464
        2.53       2.556   6.097e-06   2.607e-09       2.556
        2.54       2.648    5.84e-06   2.539e-09       2.648
        2.55       2.738   5.597e-06   2.471e-09       2.738
        2.56       2.828   5.367e-06   2.402e-09       2.828
        2.57       2.916   5.148e-06   2.333e-09       2.916
        2.58       3.003   4.939e-06   2.263e-09       3.003
        2.59       3.087   4.739e-06   2.194e-09       3.087
         2.6       3.168   4.546e-06   2.125e-09       3.168
        2.61       3.246   4.359e-06   2.055e-09       3.246
        2.62        3.32   4.179e-06   1.986e-09        3.32
        2.63        3.39   4.004e-06   1.918e-09        3.39
        2.64       3.455   3.834e-06    1.85e-09       3.455
        2.65       3.516   3.669e-06   1.782e-09       3.516
        2.66       3.571   3.508e-06   1.716e-09       3.571
        2.67        3.62   3.353e-06    1.65e-09        3.62
        2.68       3.663   3.203e-06   1.586e-09       3.663
        2.69         3.7   3.059e-06   1.523e-09         3.7
         2.7        3.73    2.92e-06   1.461e-09        3.73
        2.71       3.754   2.786e-06     1.4e-09       3.754
        2.72       3.771   2.659e-06    1.34e-09       3.771
        2.73       3.781   2.537e-06   1.282e-09       3.781
        2.74       3.785   2.422e-06   1.225e-09       3.785
        2.75       3.781   2.311e-06    1.17e-09       3.781
        2.76       3.771   2.206e-06   1.117e-09       3.771
        2.77       3.755   2.107e-06   1.065e-09       3.755
        2.78       3.732   2.012e-06   1.015e-09       3.732
        2.79       3.703   1.922e-06   9.663e-10       3.703
         2.8       3.669   1.836e-06    9.19e-10       3.669
        2.81       3.629   1.754e-06   8.738e-10       3.629
        2.82       3.585   1.676e-06     8.3e-10       3.585
        2.83       3.535   1.602e-06   7.882e-10       3.535
        2.84       3.482    1.53e-06   7.474e-10       3.482
        2.85       3.426   1.462e-06    7.09e-10       3.426
        2.86       3.367   1.397e-06   6.718e-10       3.367
        2.87       3.306   1.334e-06   6.359e-10       3.306
        2.88       3.243   1.275e-06   6.017e-10       3.243
        2.89       3.179   1.217e-06    5.69e-10       3.179
         2.9       3.114   1.162e-06   5.377e-10       3.114
        2.91       3.046    1.11e-06   5.078e-10       3.046
        2.92       2.974    1.06e-06   4.795e-10       2.974
        2.93       2.898   1.013e-06   4.525e-10       2.898
        2.94       2.819   9.671e-07   4.266e-10       2.819
        2.95       2.737   9.237e-07   4.021e-10       2.737
        2.96       2.652   8.822e-07   3.786e-10       2.652
        2.97       2.565   8.424e-07   3.565e-10       2.565
        2.98       2.475   8.041e-07   3.352e-10       2.475
        2.99       2.384   7.671e-07   3.152e-10       2.384
           3       2.291   7.313e-07   2.965e-10       2.291
        3.01       2.196   6.964e-07   2.785e-10       2.196
        3.02       2.099   6.624e-07   2.613e-10       2.099
        3.03       2.003   6.289e-07   2.451e-10       2.003
        3.04       1.907   5.959e-07     2.3e-10       1.907
        3.05       1.815   5.633e-07   2.157e-10       1.815
        3.06       1.726   5.308e-07   2.022e-10       1.726
        3.07        1.64   4.985e-07   1.893e-10        1.64
        3.08       1.558   4.662e-07   1.774e-10       1.558
        3.09       1.479   4.338e-07   1.662e-10       1.479
         3.1       1.403   4.015e-07   1.557e-10       1.403
        3.11       1.329   3.691e-07   1.456e-10       1.329
        3.12       1.259   3.367e-07   1.363e-10       1.259
        3.13       1.191   3.043e-07   1.274e-10       1.191
        3.14       1.127   2.719e-07   1.191e-10       1.127
        3.15       1.064   2.395e-07   1.113e-10       1.064
        3.16       1.005    2.07e-07    1.04e-10       1.005
        3.17      0.9472   1.746e-07   9.707e-11      0.9472
        3.18      0.8921   1.421e-07   9.061e-11      0.8921
        3.19      0.8393   1.096e-07   8.458e-11      0.8393
         3.2      0.7888    7.71e-08   7.898e-11      0.7888
        3.21      0.7406   4.459e-08   7.366e-11      0.7406
        3.22      0.6946   1.206e-08   6.878e-11      0.6946
        3.23      0.6508  -2.048e-08   6.418e-11      0.6508
        3.24      0.6091  -5.303e-08   5.993e-11      0.6091
        3.25      0.5695   -8.56e-08   5.595e-11      0.5695
        3.26       0.532  -1.182e-07   5.219e-11       0.532
        3.27      0.4963  -1.508e-07   4.871e-11      0.4963
        3.28      0.4627  -1.833e-07   4.549e-11      0.4627
        3.29       0.431   -2.16e-07   4.241e-11       0.431
         3.3      0.4013  -2.486e-07   3.959e-11      0.4013
        3.31      0.3736  -2.812e-07   3.695e-11      0.3736
        3.32      0.3477  -3.138e-07   3.446e-11      0.3477
        3.33      0.3235  -3.465e-07   3.218e-11      0.3235
        3.34      0.3009  -3.791e-07   3.003e-11      0.3009
        3.35      0.2797  -4.118e-07   2.802e-11      0.2797
        3.36        0.26  -4.444e-07   2.615e-11        0.26
        3.37      0.2416  -4.771e-07   2.442e-11      0.2416
        3.38      0.2245  -5.098e-07   2.278e-11      0.2245
        3.39      0.2085  -5.425e-07   2.126e-11      0.2085
         3.4      0.1937  -5.751e-07   1.985e-11      0.1937
        3.41      0.1798  -6.078e-07   1.852e-11      0.1798
        3.42       0.167  -6.405e-07   1.728e-11       0.167
        3.43       0.155  -6.732e-07   1.613e-11       0.155
        3.44      0.1439   -7.06e-07   1.505e-11      0.1439
        3.45      0.1335  -7.387e-07   1.404e-11      0.1335
        3.46      0.1239  -7.714e-07    1.31e-11      0.1239
        3.47      0.1149  -8.041e-07   1.223e-11      0.1149
        3.48      0.1066  -8.369e-07   1.142e-11      0.1066
        3.49     0.09894  -8.696e-07   1.065e-11     0.09894
         3.5     0.09178  -9.023e-07   9.941e-12     0.09178
        3.51     0.08513  -9.351e-07   9.276e-12     0.08514
        3.52     0.07897  -9.678e-07   8.657e-12     0.07897
        3.53     0.07325  -1.001e-06   8.075e-12     0.07325
        3.54     0.06795  -1.033e-06   7.535e-12     0.06795
        3.55     0.06302  -1.066e-06   7.034e-12     0.06302
        3.56     0.05846  -1.099e-06   6.563e-12     0.05846
        3.57     0.05422  -1.132e-06   6.127e-12     0.05422
        3.58      0.0503  -1.164e-06   5.716e-12      0.0503
        3.59     0.04666  -1.197e-06   5.335e-12     0.04666
         3.6     0.04329   -1.23e-06   4.977e-12     0.04329
        3.61     0.04016  -1.263e-06   4.646e-12     0.04016
        3.62     0.03727  -1.296e-06   4.336e-12     0.03727
        3.63     0.03458  -1.328e-06   4.047e-12     0.03458
        3.64      0.0321  -1.361e-06   3.779e-12      0.0321
        3.65     0.02979  -1.394e-06   3.527e-12     0.02979
        3.66     0.02765  -1.427e-06   3.292e-12     0.02766
        3.67     0.02568   -1.46e-06   3.072e-12     0.02568
        3.68     0.02384  -1.492e-06   2.866e-12     0.02384
        3.69     0.02214  -1.525e-06   2.675e-12     0.02214
         3.7     0.02056  -1.558e-06   2.497e-12     0.02057
        3.71      0.0191  -1.591e-06    2.33e-12     0.01911
        3.72     0.01775  -1.624e-06   2.174e-12     0.01775
        3.73     0.01649  -1.656e-06   2.029e-12     0.01649
        3.74     0.01533  -1.689e-06   1.893e-12     0.01533
        3.75     0.01425  -1.722e-06   1.767e-12     0.01425
        3.76     0.01325  -1.755e-06   1.648e-12     0.01325
        3.77     0.01232  -1.788e-06   1.537e-12     0.01232
        3.78     0.01146   -1.82e-06   1.435e-12     0.01146
        3.79     0.01066  -1.853e-06    1.34e-12     0.01067
         3.8    0.009925  -1.886e-06    1.25e-12    0.009927
        3.81    0.009242  -1.919e-06   1.165e-12    0.009244
        3.82    0.008609  -1.952e-06   5.585e-20    0.008611
        3.83    0.008024  -1.984e-06   5.585e-20    0.008026
        3.84    0.007482  -2.017e-06   5.585e-20    0.007484
        3.85    0.006982   -2.05e-06   5.585e-20    0.006984
        3.86     0.00652  -2.083e-06   5.585e-20    0.006522
        3.87    0.006092  -2.116e-06   5.585e-20    0.006094
        3.88    0.005698  -2.149e-06   5.585e-20      0.0057
        3.89    0.005334  -2.181e-06   5.585e-20    0.005336
         3.9    0.004997  -2.214e-06   5.585e-20    0.004999
        3.91    0.004687  -2.247e-06   5.585e-20    0.004689
        3.92    0.004401   -2.28e-06   5.585e-20    0.004403
        3.93    0.004138  -2.313e-06   5.585e-20    0.004141
        3.94    0.003896  -2.346e-06   5.585e-20    0.003898
        3.95    0.003673  -2.378e-06   5.585e-20    0.003675
        3.96    0.003468  -2.411e-06   5.585e-20    0.003471
        3.97     0.00328  -2.444e-06   5.585e-20    0.003282
        3.98    0.003106  -2.477e-06   5.585e-20    0.003108
        3.99    0.002947   -2.51e-06   5.585e-20    0.002949
           4    0.002801  -2.543e-06   5.585e-20    0.002804
        4.01    0.002668  -2.575e-06   5.585e-20     0.00267
        4.02    0.002546  -2.608e-06   5.585e-20    0.002548
        4.03    0.002434  -2.641e-06   5.585e-20    0.002437
        4.04    0.002332  -2.674e-06   5.585e-20    0.002335
        4.05     0.00224  -2.707e-06   5.585e-20    0.002243
        4.06    0.002156  -2.739e-06   5.585e-20    0.002158
        4.07    0.002079  -2.772e-06   5.585e-20    0.002082
        4.08     0.00201  -2.805e-06   5.585e-20    0.002012
        4.09    0.001947  -2.838e-06   5.585e-20     0.00195
         4.1    0.001891  -2.871e-06   5.585e-20    0.001894
        4.11    0.001841  -2.904e-06   5.585e-20    0.001843
        4.12    0.001796  -2.936e-06   5.585e-20    0.001799
        4.13    0.001756  -2.969e-06   5.585e-20    0.001759
        4.14    0.001721  -3.002e-06   5.585e-20    0.001724
        4.15     0.00169  -3.035e-06   5.585e-20    0.001693
        4.16    0.001663  -3.068e-06   5.585e-20    0.001666
        4.17     0.00164  -3.101e-06   5.585e-20    0.001643
        4.18    0.001621  -3.133e-06   5.585e-20    0.001624
        4.19    0.001605  -3.166e-06   5.585e-20    0.001608
         4.2    0.001592  -3.199e-06   5.585e-20    0.001595
        4.21    0.001582  -3.232e-06   5.585e-20    0.001585
        4.22    0.001574  -3.265e-06   5.585e-20    0.001578
        4.23     0.00157  -3.298e-06   5.585e-20    0.001573
        4.24    0.001567   -3.33e-06   5.585e-20    0.001571
        4.25    0.001567  -3.363e-06   5.585e-20    0.001571
        4.26    0.001569  -3.396e-06   5.585e-20    0.001573
        4.27    0.001573  -3.429e-06   5.585e-20    0.001577
        4.28     0.00158  -3.462e-06   5.585e-20    0.001583
        4.29    0.001587  -3.495e-06   5.585e-20    0.001591
         4.3    0.001597  -3.527e-06   5.585e-20      0.0016
        4.31    0.001608   -3.56e-06   5.585e-20    0.001612
        4.32    0.001621  -3.593e-06   5.585e-20    0.001624
        4.33    0.001635  -3.626e-06   5.585e-20    0.001638
        4.34     0.00165  -3.659e-06   5.585e-20    0.001654
        4.35    0.001667  -3.692e-06   5.585e-20    0.001671
        4.36    0.001686  -3.724e-06   5.585e-20    0.001689
        4.37    0.001705  -3.757e-06   5.585e-20    0.001709
        4.38    0.001726   -3.79e-06   5.585e-20     0.00173
        4.39    0.001748  -3.823e-06   5.585e-20    0.001752
         4.4    0.001771  -3.856e-06   5.585e-20    0.001775
        4.41    0.001795  -3.888e-06   5.585e-20    0.001799
        4.42     0.00182  -3.921e-06   5.585e-20    0.001824
        4.43    0.001846  -3.954e-06   5.585e-20     0.00185
        4.44    0.001874  -3.987e-06   5.585e-20    0.001878
        4.45    0.001902   -4.02e-06   5.585e-20    0.001906
        4.46    0.001931  -4.053e-06   5.585e-20    0.001935
        4.47    0.001962  -4.085e-06   5.585e-20    0.001966
        4.48    0.001993  -4.118e-06   5.585e-20    0.001997
        4.49    0.002025  -4.151e-06   5.585e-20    0.002029
         4.5    0.002058  -4.184e-06   5.585e-20    0.002062
        4.51    0.002092  -4.217e-06   5.585e-20    0.002096
        4.52    0.002127   -4.25e-06   5.585e-20    0.002131
        4.53    0.002163  -4.282e-06   5.585e-20    0.002167
        4.54      0.0022  -4.315e-06   5.585e-20    0.002204
        4.55    0.002238  -4.348e-06   5.585e-20    0.002242
        4.56    0.002276  -4.381e-06   5.585e-20    0.002281
        4.57    0.002316  -4.414e-06   5.585e-20     0.00232
        4.58    0.002356  -4.446e-06   5.585e-20    0.002361
        4.59    0.002398  -4.479e-06   5.585e-20    0.002402
         4.6     0.00244  -4.512e-06   5.585e-20    0.002445
        4.61    0.002483  -4.545e-06   5.585e-20    0.002488
        4.62    0.002528  -4.578e-06   5.585e-20    0.002532
        4.63    0.002573  -4.611e-06   5.585e-20    0.002578
        4.64    0.002619  -4.643e-06   5.585e-20    0.002624
        4.65    0.002666  -4.676e-06   5.585e-20    0.002671
        4.66    0.002715  -4.709e-06   5.585e-20    0.002719
        4.67    0.002764  -4.742e-06   5.585e-20    0.002768
        4.68    0.002814  -4.775e-06   5.585e-20    0.002819
        4.69    0.002865  -4.807e-06   5.585e-20     0.00287
         4.7    0.002917   -4.84e-06   5.585e-20    0.002922
        4.71    0.002971  -4.873e-06   5.585e-20    0.002975
        4.72    0.003025  -4.906e-06   5.585e-20     0.00303
        4.73     0.00308  -4.939e-06   5.585e-20    0.003085
        4.74    0.003137  -4.972e-06   5.585e-20    0.003142
        4.75    0.003194  -5.004e-06   5.585e-20    0.003199
        4.76    0.003253  -5.037e-06   5.585e-20    0.003258
        4.77    0.003313   -5.07e-06   5.585e-20    0.003318
        4.78    0.003374  -5.103e-06   5.585e-20    0.003379
        4.79    0.003436  -5.136e-06   5.585e-20    0.003441
         4.8    0.003499  -5.168e-06   5.585e-20    0.003505
        4.81    0.003564  -5.201e-06   5.585e-20    0.003569
        4.82     0.00363  -5.234e-06   5.585e-20    0.003635
        4.83    0.003697  -5.267e-06   5.585e-20    0.003702
        4.84    0.003765    -5.3e-06   5.585e-20    0.003771
        4.85    0.003835  -5.332e-06   5.585e-20     0.00384
        4.86    0.003906  -5.365e-06   5.585e-20    0.003911
        4.87    0.003978  -5.398e-06   5.585e-20    0.003984
        4.88    0.004052  -5.431e-06   5.585e-20    0.004057
        4.89    0.004127  -5.464e-06   5.585e-20    0.004133
         4.9    0.004204  -5.497e-06   5.585e-20    0.004209
        4.91    0.004282  -5.529e-06   5.585e-20    0.004287
        4.92    0.004361  -5.562e-06   5.585e-20    0.004367
        4.93    0.004442  -5.595e-06   5.585e-20    0.004448
        4.94    0.004524  -5.628e-06   5.585e-20     0.00453
        4.95    0.004608  -5.661e-06   5.585e-20    0.004614
        4.96    0.004694  -5.693e-06   5.585e-20      0.0047
        4.97    0.004781  -5.726e-06   5.585e-20    0.004787
        4.98     0.00487  -5.759e-06   5.585e-20    0.004876
        4.99     0.00496  -5.792e-06   5.585e-20    0.004966
           5    0.005052  -5.825e-06   5.585e-20    0.005058
        5.01    0.005146  -5.857e-06   5.585e-20    0.005152
        5.02    0.005242   -5.89e-06   5.585e-20    0.005248
        5.03    0.005339  -5.923e-06   5.585e-20    0.005345
        5.04    0.005439  -5.956e-06   5.585e-20    0.005445
        5.05     0.00554  -5.989e-06   5.585e-20    0.005546
        5.06    0.005643  -6.021e-06   5.585e-20    0.005649
        5.07    0.005748  -6.054e-06   5.585e-20    0.005754
        5.08    0.005854  -6.087e-06   5.585e-20     0.00586
        5.09    0.005963   -6.12e-06   5.585e-20    0.005969
         5.1    0.006074  -6.153e-06   5.585e-20     0.00608
        5.11    0.006187  -6.185e-06   5.585e-20    0.006193
        5.12    0.006302  -6.218e-06   5.585e-20    0.006308
        5.13    0.006419  -6.251e-06   5.585e-20    0.006426
        5.14    0.006539  -6.284e-06   5.585e-20    0.006545
        5.15     0.00666  -6.317e-06   5.585e-20    0.006667
        5.16    0.006784   -6.35e-06   5.585e-20     0.00679
        5.17     0.00691  -6.382e-06   5.585e-20    0.006917
        5.18    0.007039  -6.415e-06   5.585e-20    0.007045
        5.19     0.00717  -6.448e-06   5.585e-20    0.007176
         5.2    0.007303  -6.481e-06   5.585e-20     0.00731
        5.21    0.007439  -6.514e-06   5.585e-20    0.007445
        5.22    0.007577  -6.546e-06   5.585e-20    0.007584
        5.23    0.007718  -6.579e-06   5.585e-20    0.007725
        5.24    0.007862  -6.612e-06   5.585e-20    0.007868
        5.25    0.008008  -6.645e-06   5.585e-20    0.008015
        5.26    0.008157  -6.678e-06   5.585e-20    0.008164
        5.27    0.008309   -6.71e-06   5.585e-20    0.008315
        5.28    0.008463  -6.743e-06   5.585e-20     0.00847
        5.29    0.008621  -6.776e-06   5.585e-20    0.008627
         5.3    0.008781  -6.809e-06   5.585e-20    0.008788
        5.31    0.008944  -6.842e-06   5.585e-20    0.008951
        5.32    0.009111  -6.874e-06   5.585e-20    0.009117
        5.33     0.00928  -6.907e-06   5.585e-20    0.009287
        5.34    0.009453   -6.94e-06   5.585e-20     0.00946
        5.35    0.009628  -6.973e-06   5.585e-20    0.009635
        5.36    0.009808  -7.006e-06   5.585e-20    0.009815
        5.37     0.00999  -7.038e-06   5.585e-20    0.009997
        5.38     0.01018  -7.071e-06   5.585e-20     0.01018
        5.39     0.01037  -7.104e-06   5.585e-20     0.01037
         5.4     0.01056  -7.137e-06   5.585e-20     0.01056
        5.41     0.01075   -7.17e-06   5.585e-20     0.01076
        5.42     0.01095  -7.202e-06   5.585e-20     0.01096
        5.43     0.01116  -7.235e-06   5.585e-20     0.01117
        5.44     0.01137  -7.268e-06   5.585e-20     0.01137
        5.45     0.01158  -7.301e-06   5.585e-20     0.01158
        5.46     0.01179  -7.334e-06   5.585e-20      0.0118
        5.47     0.01201  -7.366e-06   5.585e-20     0.01202
        5.48     0.01223  -7.399e-06   5.585e-20     0.01224
        5.49     0.01246  -7.432e-06   5.585e-20     0.01247
         5.5     0.01269  -7.465e-06   5.585e-20      0.0127
        5.51     0.01293  -7.498e-06   5.585e-20     0.01294
        5.52     0.01317   -7.53e-06   5.585e-20     0.01318
        5.53     0.01342  -7.563e-06   5.585e-20     0.01342
        5.54     0.01367  -7.596e-06   5.585e-20     0.01367
        5.55     0.01392  -7.629e-06   5.585e-20     0.01393
        5.56     0.01418  -7.662e-06   5.585e-20     0.01419
        5.57     0.01444  -7.694e-06   5.585e-20     0.01445
        5.58     0.01471  -7.727e-06   5.585e-20     0.01472
        5.59     0.01498   -7.76e-06   5.585e-20     0.01499
         5.6     0.01526  -7.793e-06   5.585e-20     0.01527
        5.61     0.01555  -7.826e-06   5.585e-20     0.01555
        5.62     0.01584  -7.858e-06   5.585e-20     0.01584
        5.63     0.01613  -7.891e-06   5.585e-20     0.01614
        5.64     0.01643  -7.924e-06   5.585e-20     0.01644
        5.65     0.01674  -7.957e-06   5.585e-20     0.01674
        5.66     0.01705   -7.99e-06   5.585e-20     0.01706
        5.67     0.01736  -8.022e-06   5.585e-20     0.01737
        5.68     0.01769  -8.055e-06   5.585e-20      0.0177
        5.69     0.01802  -8.088e-06   5.585e-20     0.01802
         5.7     0.01835  -8.121e-06   5.585e-20     0.01836
        5.71     0.01869  -8.154e-06   5.585e-20      0.0187
        5.72     0.01904  -8.186e-06   5.585e-20     0.01905
        5.73     0.01939  -8.219e-06   5.585e-20      0.0194
        5.74     0.01976  -8.252e-06   5.585e-20     0.01976
        5.75     0.02012  -8.285e-06   5.585e-20     0.02013
        5.76      0.0205  -8.318e-06   5.585e-20     0.02051
        5.77     0.02088   -8.35e-06   5.585e-20     0.02089
        5.78     0.02127  -8.383e-06   5.585e-20     0.02127
        5.79     0.02166  -8.416e-06   5.585e-20     0.02167
         5.8     0.02206  -8.449e-06   5.585e-20     0.02207
        5.81     0.02248  -8.482e-06   5.585e-20     0.02248
        5.82     0.02289  -8.514e-06   5.585e-20      0.0229
        5.83     0.02332  -8.547e-06   5.585e-20     0.02333
        5.84     0.02375   -8.58e-06   5.585e-20     0.02376
        5.85     0.02419  -8.613e-06   5.585e-20      0.0242
        5.86     0.02464  -8.646e-06   5.585e-20     0.02465
        5.87      0.0251  -8.678e-06   5.585e-20     0.02511
        5.88     0.02557  -8.711e-06   5.585e-20     0.02558
        5.89     0.02604  -8.744e-06   5.585e-20     0.02605
         5.9     0.02653  -8.777e-06   5.585e-20     0.02654
        5.91     0.02702   -8.81e-06   5.585e-20     0.02703
        5.92     0.02752  -8.842e-06   5.585e-20     0.02753
        5.93     0.02804  -8.875e-06   5.585e-20     0.02805
        5.94     0.02856  -8.908e-06   5.585e-20     0.02857
        5.95     0.02909  -8.941e-06   5.585e-20      0.0291
        5.96     0.02963  -8.974e-06   5.585e-20     0.02964
        5.97     0.03018  -9.006e-06   5.585e-20     0.03019
        5.98     0.03074  -9.039e-06   5.585e-20     0.03075
        5.99     0.03131  -9.072e-06   5.585e-20     0.03132
           6      0.0319  -9.105e-06   5.585e-20     0.03191
        6.01     0.03249  -9.138e-06   5.585e-20      0.0325
        6.02     0.03309   -9.17e-06   5.585e-20      0.0331
        6.03     0.03371  -9.203e-06   5.585e-20     0.03372
        6.04     0.03434  -9.236e-06   5.585e-20     0.03435
        6.05     0.03497  -9.269e-06   5.585e-20     0.03498
        6.06     0.03562  -9.302e-06   5.585e-20     0.03563
        6.07     0.03629  -9.334e-06   5.585e-20      0.0363
        6.08     0.03696  -9.367e-06   5.585e-20     0.03697
        6.09     0.03765    -9.4e-06   5.585e-20     0.03766
         6.1     0.03835  -9.433e-06   5.585e-20     0.03836
        6.11     0.03906  -9.466e-06   5.585e-20     0.03907
        6.12     0.03979  -9.498e-06   5.585e-20      0.0398
        6.13     0.04053  -9.531e-06   5.585e-20     0.04054
        6.14     0.04128  -9.564e-06   5.585e-20     0.04129
        6.15     0.04205  -9.597e-06   5.585e-20     0.04206
        6.16     0.04283   -9.63e-06   5.585e-20     0.04284
        6.17     0.04363  -9.662e-06   5.585e-20     0.04364
        6.18     0.04444  -9.695e-06   5.585e-20     0.04445
        6.19     0.04527  -9.728e-06   5.585e-20     0.04528
         6.2     0.04611  -9.761e-06   5.585e-20     0.04612
        6.21     0.04696  -9.793e-06   5.585e-20     0.04697
        6.22     0.04784  -9.826e-06   5.585e-20     0.04785
        6.23     0.04873  -9.859e-06   5.585e-20     0.04874
        6.24     0.04963  -9.892e-06   5.585e-20     0.04964
        6.25     0.05056  -9.925e-06   5.585e-20     0.05057
        6.26      0.0515  -9.957e-06   5.585e-20     0.05151
        6.27     0.05245   -9.99e-06   5.585e-20     0.05246
        6.28     0.05343  -1.002e-05   5.585e-20     0.05344
        6.29     0.05442  -1.006e-05   5.585e-20     0.05443
         6.3     0.05544  -1.009e-05   5.585e-20     0.05545
        6.31     0.05647  -1.012e-05   5.585e-20     0.05648
        6.32     0.05752  -1.015e-05   5.585e-20     0.05753
        6.33     0.05859  -1.019e-05   5.585e-20      0.0586
        6.34     0.05967  -1.022e-05   5.585e-20     0.05968
        6.35     0.06078  -1.025e-05   5.585e-20     0.06079
        6.36     0.06191  -1.029e-05   5.585e-20     0.06192
        6.37     0.06307  -1.032e-05   5.585e-20     0.06308
        6.38     0.06424  -1.035e-05   5.585e-20     0.06425
        6.39     0.06543  -1.038e-05   5.585e-20     0.06544
         6.4     0.06665  -1.042e-05   5.585e-20     0.06666
        6.41     0.06789  -1.045e-05   5.585e-20      0.0679
