#      _xxWS        ftot       firac        fagn        fsfr
#
     -0.6074      0.0733   5.143e-05   1.705e-12     0.07325
     -0.5974     0.05799   6.007e-05   1.705e-12     0.05793
     -0.5874     0.04269   7.132e-05   1.705e-12     0.04262
     -0.5774      0.0274   8.463e-05   1.705e-12     0.02731
     -0.5674     0.01211   0.0001008   1.705e-12     0.01201
     -0.5574     0.00012     0.00012   1.705e-12    2.64e-08
     -0.5474   0.0001375   0.0001375   1.705e-12   2.689e-08
     -0.5374   0.0001572   0.0001572   1.705e-12   2.739e-08
     -0.5274   0.0001717   0.0001717   1.705e-12    2.79e-08
     -0.5174   0.0001906   0.0001905   1.705e-12   2.842e-08
     -0.5074   0.0002089   0.0002089   1.705e-12   2.895e-08
     -0.4974   0.0002294   0.0002294   1.705e-12   2.948e-08
     -0.4874   0.0002468   0.0002468   1.705e-12   3.003e-08
     -0.4774   0.0002746   0.0002745   1.705e-12   3.059e-08
     -0.4674   0.0003028   0.0003028   1.705e-12   3.116e-08
     -0.4574   0.0003304   0.0003304   1.705e-12   3.174e-08
     -0.4474   0.0003584   0.0003584   1.705e-12   3.233e-08
     -0.4374   0.0003845   0.0003844   1.705e-12   3.293e-08
     -0.4274   0.0004092   0.0004092   1.705e-12   3.354e-08
     -0.4174   0.0004348   0.0004348   1.705e-12   3.417e-08
     -0.4074   0.0004621   0.0004621   1.705e-12    3.48e-08
     -0.3974   0.0004953   0.0004953   1.705e-12   3.545e-08
     -0.3874   0.0005253   0.0005252   1.705e-12   3.611e-08
     -0.3774   0.0005593   0.0005593   1.705e-12   3.678e-08
     -0.3674   0.0006006   0.0006005   1.705e-12   3.746e-08
     -0.3574   0.0006518   0.0006518   1.705e-12   3.816e-08
     -0.3474   0.0006947   0.0006947   1.705e-12   3.887e-08
     -0.3374   0.0007415   0.0007414   1.705e-12   3.959e-08
     -0.3274   0.0007856   0.0007855   1.705e-12   4.033e-08
     -0.3174   0.0008289   0.0008289   1.705e-12   4.108e-08
     -0.3074   0.0008694   0.0008694   1.705e-12   4.184e-08
     -0.2974   0.0009115   0.0009115   1.705e-12   4.262e-08
     -0.2874   0.0009558   0.0009558   1.705e-12   4.341e-08
     -0.2774       0.001       0.001   1.705e-12   4.422e-08
     -0.2674    0.001047    0.001047   1.705e-12   4.504e-08
     -0.2574    0.001096    0.001096   1.705e-12   4.588e-08
     -0.2474    0.001145    0.001145   1.705e-12   4.673e-08
     -0.2374    0.001188    0.001188   1.705e-12    4.76e-08
     -0.2274    0.001235    0.001235   1.705e-12   4.848e-08
     -0.2174    0.001285    0.001285   1.705e-12   4.938e-08
     -0.2074    0.001334    0.001334   1.705e-12    5.03e-08
     -0.1974    0.001385    0.001385   1.705e-12   5.124e-08
     -0.1874     0.00144     0.00144   1.705e-12   5.219e-08
     -0.1774    0.001504    0.001504   1.705e-12   5.316e-08
     -0.1674    0.001567    0.001567   1.705e-12   5.415e-08
     -0.1574    0.001631    0.001631   1.705e-12   5.516e-08
     -0.1474      0.0017      0.0017   1.705e-12   5.618e-08
     -0.1374    0.001765    0.001765   1.705e-12   5.723e-08
     -0.1274    0.001832    0.001832   1.705e-12   5.829e-08
     -0.1174    0.001898    0.001898   1.705e-12   5.937e-08
     -0.1074    0.001975    0.001975   1.705e-12   6.048e-08
    -0.09744    0.002115    0.002115   1.705e-12    6.16e-08
    -0.08744    0.002223    0.002223   1.705e-12   6.275e-08
    -0.07744    0.002362    0.002362   1.705e-12   6.391e-08
    -0.06744    0.002566    0.002566   1.705e-12    6.51e-08
    -0.05744    0.002788    0.002788   1.705e-12   6.631e-08
    -0.04744    0.003015    0.003015   1.705e-12   6.754e-08
    -0.03744    0.003241    0.003241   1.705e-12    6.88e-08
    -0.02744    0.003498    0.003498   1.705e-12   7.008e-08
    -0.01744    0.003782    0.003782   1.705e-12   7.138e-08
   -0.007443    0.004073    0.004073   1.705e-12   7.271e-08
    0.002557    0.004373    0.004373   1.705e-12   7.406e-08
     0.01256    0.004682    0.004681   1.705e-12   7.544e-08
     0.02256    0.004973    0.004973   1.705e-12   7.684e-08
     0.03256    0.005177    0.005177   1.705e-12   7.827e-08
     0.04256    0.005453    0.005453   1.705e-12   7.972e-08
     0.05256    0.005698    0.005698   1.705e-12   8.121e-08
     0.06256    0.005857    0.005857   1.705e-12   8.272e-08
     0.07256    0.006007    0.006007   1.705e-12   8.425e-08
     0.08256    0.006172    0.006172   1.705e-12   8.582e-08
     0.09256    0.006342    0.006342   1.705e-12   8.742e-08
      0.1026    0.006502    0.006502   1.705e-12   8.904e-08
      0.1126    0.006626    0.006626   1.705e-12    9.07e-08
      0.1226    0.006764    0.006764   1.705e-12   9.238e-08
      0.1326    0.006911    0.006911   1.705e-12    9.41e-08
      0.1426    0.007072    0.007072   1.705e-12   9.585e-08
      0.1526     0.00726     0.00726   1.705e-12   9.763e-08
      0.1626    0.007449    0.007449   1.705e-12   9.945e-08
      0.1726    0.007615    0.007615   1.705e-12   1.013e-07
      0.1826    0.007781    0.007781   1.705e-12   1.032e-07
      0.1926     0.00797     0.00797   1.705e-12   1.051e-07
      0.2026    0.008171    0.008171   1.705e-12   1.071e-07
      0.2126    0.008355    0.008355   1.705e-12    1.09e-07
      0.2226    0.008545    0.008545   1.705e-12   1.111e-07
      0.2326    0.008729    0.008729   1.705e-12   1.131e-07
      0.2426    0.008931    0.008931   1.705e-12   1.152e-07
      0.2526    0.009105    0.009105   1.705e-12   1.174e-07
      0.2626     0.00935     0.00935   1.705e-12   1.196e-07
      0.2726    0.009596    0.009595   1.705e-12   1.218e-07
      0.2826     0.00986     0.00986   1.705e-12    1.24e-07
      0.2926     0.01011     0.01011   1.705e-12   1.264e-07
      0.3026     0.01031     0.01031   1.705e-12   1.287e-07
      0.3126     0.01059     0.01058   1.705e-12   1.311e-07
      0.3226     0.01086     0.01086   1.705e-12   1.335e-07
      0.3326      0.0111      0.0111   1.705e-12    1.36e-07
      0.3426     0.01136     0.01136   1.705e-12   1.385e-07
      0.3526     0.01164     0.01164   1.705e-12   1.411e-07
      0.3626     0.01184     0.01184   1.705e-12   1.437e-07
      0.3726      0.0121     0.01208   1.705e-12   1.383e-05
      0.3826     0.01238     0.01234   1.705e-12   3.621e-05
      0.3926     0.01256     0.01251   1.705e-12   5.684e-05
      0.4026     0.01275     0.01267   1.705e-12   7.688e-05
      0.4126     0.01291     0.01281   1.705e-12   9.762e-05
      0.4226     0.01308     0.01296   1.705e-12    0.000119
      0.4326     0.01331     0.01317   1.705e-12   0.0001381
      0.4426     0.01347     0.01332   1.705e-12   0.0001526
      0.4526     0.01363     0.01347   1.705e-12   0.0001628
      0.4626      0.0138     0.01364   1.705e-12   0.0001682
      0.4726      0.0139     0.01374   1.705e-12   0.0001656
      0.4826     0.01402     0.01386   1.705e-12   0.0001655
      0.4926     0.01421     0.01404   1.705e-12   0.0001699
      0.5026     0.01438      0.0142   1.705e-12   0.0001759
      0.5126      0.0146     0.01441   1.705e-12   0.0001825
      0.5226     0.01478     0.01459   1.705e-12   0.0001885
      0.5326     0.01498     0.01478   1.705e-12   0.0001931
      0.5426     0.01519       0.015   1.705e-12   0.0001948
      0.5526     0.01546     0.01526   1.705e-12   0.0001938
      0.5626      0.0157      0.0155   1.705e-12   0.0001931
      0.5726      0.0159     0.01571   1.705e-12   0.0001947
      0.5826     0.01601     0.01581   1.705e-12   0.0001981
      0.5926     0.01609     0.01589   1.705e-12   0.0002022
      0.6026     0.01627     0.01607   1.705e-12   0.0002067
      0.6126     0.01632     0.01611   1.705e-12   0.0002128
      0.6226     0.01638     0.01616   1.705e-12    0.000221
      0.6326     0.01636     0.01613   1.705e-12   0.0002308
      0.6426      0.0163     0.01606   1.705e-12   0.0002419
      0.6526     0.01621     0.01596   1.705e-12    0.000254
      0.6626     0.01604     0.01577   1.705e-12   0.0002671
      0.6726     0.01582     0.01554   1.705e-12    0.000281
      0.6826     0.01543     0.01514   1.705e-12   0.0002958
      0.6926     0.01508     0.01477   1.705e-12   0.0003116
      0.7026     0.01473      0.0144   1.705e-12   0.0003285
      0.7126     0.01428     0.01394   1.705e-12    0.000347
      0.7226     0.01377      0.0134   1.705e-12   0.0003676
      0.7326     0.01326     0.01286   1.705e-12   0.0003902
      0.7426      0.0129     0.01249   1.705e-12   0.0004134
      0.7526     0.01251     0.01207   1.705e-12   0.0004366
      0.7626     0.01221     0.01175   1.705e-12   0.0004603
      0.7726      0.0119     0.01141   1.705e-12   0.0004853
      0.7826     0.01369     0.01106    0.002119   0.0005124
      0.7926     0.01336     0.01068     0.00214   0.0005427
      0.8026     0.01301     0.01027    0.002167    0.000579
      0.8126     0.01278    0.009955    0.002201   0.0006281
      0.8226     0.01256    0.009602    0.002244   0.0007158
      0.8326     0.01253    0.009247    0.002299   0.0009873
      0.8426     0.01518    0.009062    0.002366    0.003753
      0.8526     0.01544    0.008982    0.002449    0.004008
      0.8626     0.01551    0.008869    0.002548    0.004096
      0.8726     0.01548    0.008656    0.002667    0.004156
      0.8826     0.01545    0.008437    0.002806    0.004206
      0.8926     0.01534    0.008121    0.002968    0.004252
      0.9026     0.01523    0.007777    0.003155    0.004295
      0.9126     0.01518    0.007475    0.003368    0.004338
      0.9226     0.01526    0.007265     0.00361     0.00438
      0.9326      0.0154    0.007097    0.003883    0.004418
      0.9426     0.01558    0.006942    0.004188    0.004449
      0.9526     0.01579    0.006813    0.004528    0.004445
      0.9626     0.01579    0.006626    0.004903    0.004264
      0.9726     0.01333    0.006421    0.005318    0.001595
      0.9826     0.01338    0.006162    0.005772    0.001446
      0.9926     0.01361     0.00587    0.006267    0.001474
       1.003     0.01396    0.005618    0.006802    0.001545
       1.013      0.0144    0.005376    0.007377    0.001644
       1.023     0.01493    0.005167    0.007988    0.001777
       1.033      0.0156    0.004985    0.008632    0.001979
       1.043      0.0165    0.004812    0.009303    0.002383
       1.053     0.01735    0.004633    0.009997    0.002718
       1.063     0.01822    0.004448     0.01071    0.003069
       1.073     0.01937    0.004259     0.01142    0.003693
       1.083      0.0207     0.00405     0.01213    0.004514
       1.093     0.02202    0.003907     0.01283    0.005281
       1.103     0.02397    0.003779      0.0135    0.006689
       1.113     0.02951    0.003677     0.01417     0.01166
       1.123     0.03396     0.00357     0.01482     0.01557
       1.133     0.03632    0.003459     0.01548     0.01739
       1.143     0.03865     0.00335     0.01613     0.01918
       1.153     0.04112    0.003247     0.01677      0.0211
       1.163     0.04354    0.003144     0.01742     0.02298
       1.173     0.04623    0.003041     0.01806     0.02513
       1.183     0.05003    0.002942     0.01869      0.0284
       1.193       0.056     0.00284     0.01933     0.03384
       1.203     0.06586    0.002737     0.01994     0.04318
       1.213     0.07566     0.00264     0.02055     0.05247
       1.223      0.0837    0.002539     0.02115     0.06002
       1.233     0.08778    0.002443     0.02172     0.06362
       1.243     0.08736    0.002347     0.02224     0.06278
       1.253     0.08877     0.00226     0.02271      0.0638
       1.263      0.0918    0.002179     0.02312      0.0665
       1.273     0.09288    0.002106      0.0235     0.06728
       1.283     0.09316    0.002033      0.0238     0.06733
       1.293      0.0932    0.001967     0.02408     0.06716
       1.303     0.09277    0.001904      0.0244     0.06647
       1.313     0.09136    0.001842      0.0248     0.06473
       1.323     0.08792    0.001782     0.02528     0.06086
       1.333     0.08055    0.001721     0.02589     0.05294
       1.343     0.07338    0.001659     0.02664     0.04508
       1.353     0.06864    0.001595     0.02755      0.0395
       1.363     0.06863    0.001531     0.02859     0.03851
       1.373     0.07876    0.001468     0.02982     0.04747
       1.383     0.08318    0.001404     0.03121     0.05057
       1.393      0.0857    0.001339     0.03275     0.05161
       1.403      0.0913     0.00127     0.03446     0.05557
       1.413     0.09723    0.001204     0.03635     0.05967
       1.423      0.1058    0.001135     0.03837     0.06631
       1.433      0.1122    0.001067     0.04053     0.07061
       1.443      0.1175   0.0009991      0.0428     0.07373
       1.453      0.1233   0.0009328     0.04515     0.07722
       1.463      0.1282   0.0008711     0.04758     0.07972
       1.473       0.133   0.0008137     0.05007     0.08209
       1.483       0.137   0.0007605      0.0526     0.08369
       1.493      0.1399   0.0007113     0.05523     0.08401
       1.503       0.134   0.0006659     0.05791     0.07543
       1.513      0.1334   0.0006241     0.06058     0.07221
       1.523      0.1358   0.0005857     0.06332     0.07193
       1.533       0.138   0.0005505     0.06612     0.07137
       1.543       0.142   0.0005184     0.06898     0.07256
       1.553      0.1442   0.0004891     0.07185     0.07191
       1.563      0.1492   0.0004624     0.07474     0.07404
       1.573      0.1546   0.0004382     0.07755      0.0766
       1.583      0.1592   0.0004163     0.08033     0.07848
       1.593      0.1649   0.0003964     0.08306      0.0814
       1.603      0.1708   0.0003785     0.08581      0.0846
       1.613       0.177   0.0003622     0.08853     0.08807
       1.623      0.1832   0.0003473     0.09117     0.09171
       1.633      0.1895   0.0003338     0.09376     0.09538
       1.643      0.1957   0.0003213     0.09635     0.09903
       1.653      0.2017   0.0003098     0.09883      0.1025
       1.663      0.2072    0.000299      0.1012      0.1057
       1.673      0.2117   0.0002889      0.1035      0.1079
       1.683      0.2161   0.0002792      0.1057      0.1101
       1.693      0.2204     0.00027      0.1078      0.1124
       1.703      0.2261   0.0002611      0.1097      0.1161
       1.713      0.2326   0.0002524      0.1116      0.1207
       1.723      0.2396   0.0002439      0.1134      0.1259
       1.733       0.247   0.0002356       0.115      0.1317
       1.743      0.2553   0.0002273      0.1166      0.1385
       1.753      0.2646   0.0002192       0.118      0.1463
       1.763      0.2749   0.0002112      0.1194      0.1553
       1.773      0.2864   0.0002032      0.1207      0.1655
       1.783      0.2992   0.0001954       0.122      0.1771
       1.793      0.3136   0.0001877      0.1232      0.1902
       1.803      0.3297   0.0001801      0.1244      0.2051
       1.813      0.3476   0.0001727      0.1257      0.2218
       1.823      0.3675   0.0001654       0.127      0.2404
       1.833      0.3894   0.0001583      0.1282       0.261
       1.843      0.4133   0.0001513      0.1296      0.2836
       1.853      0.4393   0.0001445      0.1309      0.3082
       1.863      0.4672   0.0001379      0.1323      0.3348
       1.873       0.497   0.0001314      0.1337      0.3631
       1.883      0.5285   0.0001251      0.1352      0.3932
       1.893      0.5616   0.0001191      0.1366      0.4249
       1.903      0.5962   0.0001132      0.1381       0.458
       1.913      0.6319   0.0001075      0.1395      0.4924
       1.923      0.6688   0.0001021      0.1409      0.5278
       1.933      0.7065   9.684e-05      0.1422      0.5642
       1.943      0.7449   9.184e-05      0.1434      0.6014
       1.953       0.784   8.707e-05      0.1445      0.6394
       1.963      0.8236   8.253e-05      0.1455      0.6781
       1.973      0.8638   7.823e-05      0.1463      0.7174
       1.983      0.9045   7.416e-05       0.147      0.7575
       1.993      0.9458   7.033e-05      0.1475      0.7982
       2.003      0.9877   6.672e-05      0.1478      0.8398
       2.013        1.03   6.334e-05       0.148      0.8823
       2.023       1.074   6.018e-05      0.1479      0.9257
       2.033       1.118   5.722e-05      0.1476      0.9701
       2.043       1.163   5.446e-05      0.1471       1.016
       2.053       1.209   5.188e-05      0.1464       1.062
       2.063       1.255   4.948e-05      0.1456        1.11
       2.073       1.303   4.724e-05      0.1445       1.158
       2.083       1.351   4.514e-05      0.1432       1.207
       2.093       1.399   4.318e-05      0.1418       1.258
       2.103       1.448   4.133e-05      0.1402       1.308
       2.113       1.498   3.959e-05      0.1384       1.359
       2.123       1.547   3.794e-05      0.1365       1.411
       2.133       1.597   3.637e-05      0.1344       1.462
       2.143       1.645   3.487e-05      0.1322       1.513
       2.153       1.694   3.344e-05      0.1298       1.564
       2.163       1.741   3.206e-05      0.1273       1.614
       2.173       1.787   3.072e-05      0.1247       1.662
       2.183       1.832   2.944e-05       0.122        1.71
       2.193       1.875   2.819e-05      0.1192       1.756
       2.203       1.916   2.698e-05      0.1163         1.8
       2.213       1.955    2.58e-05      0.1133       1.842
       2.223       1.991   2.466e-05      0.1103       1.881
       2.233       2.025   2.356e-05      0.1072       1.917
       2.243       2.055   2.249e-05       0.104       1.951
       2.253       2.083   2.147e-05      0.1009       1.982
       2.263       2.107   2.048e-05     0.09768       2.009
       2.273       2.128   1.954e-05     0.09449       2.033
       2.283       2.145   1.864e-05     0.09128       2.054
       2.293       2.159   1.778e-05     0.08808       2.071
       2.303       2.169   1.696e-05     0.08491       2.084
       2.313       2.175   1.618e-05     0.08175       2.093
       2.323       2.177   1.544e-05     0.07865       2.099
       2.333       2.176   1.474e-05      0.0756         2.1
       2.343       2.171   1.407e-05     0.07259       2.098
       2.353       2.162   1.343e-05      0.0696       2.093
       2.363        2.15   1.283e-05     0.06667       2.084
       2.373       2.135   1.225e-05     0.06383       2.071
       2.383       2.117    1.17e-05     0.06103       2.056
       2.393       2.096   1.118e-05     0.05833       2.037
       2.403       2.072   1.068e-05     0.05567       2.016
       2.413       2.046    1.02e-05     0.05312       1.993
       2.423       2.018   9.741e-06     0.05064       1.968
       2.433       1.989   9.303e-06      0.0482       1.941
       2.443       1.959   8.883e-06     0.04588       1.913
       2.453       1.927   8.481e-06     0.04362       1.884
       2.463       1.895   8.097e-06     0.04143       1.853
       2.473        1.86    7.73e-06     0.03932       1.821
       2.483       1.822   7.381e-06     0.03732       1.785
       2.493       1.782   7.047e-06     0.03538       1.747
       2.503       1.739   6.729e-06      0.0335       1.705
       2.513       1.693   6.425e-06     0.03173       1.662
       2.523       1.646   6.135e-06     0.03001       1.616
       2.533       1.596   5.857e-06     0.02837       1.568
       2.543       1.545   5.589e-06     0.02679       1.518
       2.553       1.492   5.331e-06     0.02527       1.466
       2.563       1.437    5.08e-06     0.02387       1.413
       2.573       1.381   4.837e-06     0.02249       1.358
       2.583       1.323     4.6e-06     0.02119       1.302
       2.593       1.265   4.366e-06     0.01995       1.245
       2.603       1.208   4.137e-06     0.01878       1.189
       2.613       1.152   3.909e-06     0.01768       1.134
       2.623       1.098   3.683e-06     0.01663       1.081
       2.633       1.046   3.458e-06     0.01562        1.03
       2.643      0.9953   3.233e-06     0.01468      0.9806
       2.653      0.9468   3.008e-06     0.01378       0.933
       2.663      0.9001   2.784e-06     0.01294      0.8872
       2.673       0.855   2.559e-06     0.01213      0.8428
       2.683      0.8115   2.334e-06     0.01137      0.8001
       2.693      0.7695   2.109e-06     0.01065      0.7589
       2.703      0.7292   1.884e-06     0.00997      0.7192
       2.713      0.6903   1.659e-06    0.009327      0.6809
       2.723      0.6527   1.434e-06    0.008722       0.644
       2.733      0.6166   1.209e-06    0.008148      0.6085
       2.743      0.5818   9.839e-07    0.007608      0.5742
       2.753      0.5484   7.588e-07    0.007102      0.5413
       2.763      0.5163   5.337e-07     0.00663      0.5096
       2.773      0.4855   3.086e-07    0.006183      0.4793
       2.783       0.456   8.344e-08     0.00577      0.4503
       2.793      0.4279  -1.417e-07    0.005385      0.4225
       2.803      0.4011  -3.669e-07    0.005027      0.3961
       2.813      0.3756  -5.921e-07    0.004693      0.3709
       2.823      0.3513  -8.173e-07    0.004378      0.3469
       2.833      0.3282  -1.043e-06    0.004086      0.3241
       2.843      0.3063  -1.268e-06    0.003815      0.3025
       2.853      0.2857  -1.493e-06    0.003558      0.2821
       2.863      0.2663  -1.718e-06     0.00332       0.263
       2.873      0.2482  -1.944e-06    0.003098      0.2451
       2.883      0.2313  -2.169e-06     0.00289      0.2284
       2.893      0.2154  -2.394e-06    0.002699      0.2127
       2.903      0.2006   -2.62e-06    0.002519      0.1981
       2.913      0.1867  -2.845e-06     0.00235      0.1843
       2.923      0.1737   -3.07e-06    0.002194      0.1715
       2.933      0.1616  -3.296e-06    0.002048      0.1596
       2.943      0.1503  -3.521e-06    0.001911      0.1484
       2.953      0.1397  -3.747e-06    0.001784       0.138
       2.963      0.1299  -3.972e-06    0.001665      0.1283
       2.973      0.1208  -4.198e-06    0.001554      0.1192
       2.983      0.1122  -4.423e-06     0.00145      0.1108
       2.993      0.1043  -4.648e-06    0.001353      0.1029
       3.003     0.09686  -4.874e-06    0.001263      0.0956
       3.013     0.08997  -5.099e-06    0.001179      0.0888
       3.023     0.08356  -5.325e-06      0.0011     0.08246
       3.033     0.07759   -5.55e-06    0.001027     0.07657
       3.043     0.07205  -5.776e-06   0.0009587      0.0711
       3.053      0.0669  -6.001e-06   0.0008945     0.06601
       3.063      0.0621  -6.227e-06   0.0008348     0.06127
       3.073     0.05765  -6.452e-06   0.0007791     0.05688
       3.083     0.05351  -6.678e-06   0.0007269     0.05279
       3.093     0.04967  -6.904e-06   0.0006781       0.049
       3.103      0.0461  -7.129e-06   0.0006328     0.04548
       3.113     0.04279  -7.355e-06   0.0005907     0.04221
       3.123     0.03971   -7.58e-06   0.0005512     0.03917
       3.133     0.03686  -7.806e-06   0.0005144     0.03635
       3.143     0.03421  -8.031e-06     0.00048     0.03373
       3.153     0.03175  -8.257e-06    0.000448     0.03131
       3.163     0.02946  -8.482e-06   0.0004182     0.02905
       3.173     0.02735  -8.708e-06   0.0003902     0.02697
       3.183     0.02538  -8.934e-06    0.000364     0.02503
       3.193     0.02356  -9.159e-06   0.0003397     0.02323
       3.203     0.02187  -9.385e-06    0.000317     0.02156
       3.213      0.0203   -9.61e-06    0.000296     0.02001
       3.223     0.01884  -9.836e-06   0.0002763     0.01858
       3.233     0.01749  -1.006e-05   0.0002578     0.01725
       3.243     0.01624  -1.029e-05   0.0002404     0.01601
       3.253     0.01508  -1.051e-05   0.0002244     0.01486
       3.263       0.014  -1.074e-05   0.0002095      0.0138
       3.273       0.013  -1.096e-05   0.0001955     0.01281
       3.283     0.01207  -1.119e-05   0.0001824      0.0119
       3.293      0.0112  -1.142e-05   0.0001702     0.01105
       3.303      0.0104  -1.164e-05   0.0001588     0.01026
       3.313    0.009659  -1.187e-05   0.0001483    0.009523
       3.323    0.008968  -1.209e-05   0.0001383    0.008842
       3.333    0.008328  -1.232e-05    0.000129    0.008211
       3.343    0.007733  -1.254e-05   0.0001204    0.007625
       3.353    0.007181  -1.277e-05   0.0001124    0.007081
       3.363    0.006668  -1.299e-05   0.0001049    0.006576
       3.373    0.006193  -1.322e-05   9.785e-05    0.006108
       3.383    0.005661  -1.345e-05   1.705e-12    0.005674
       3.393    0.005258  -1.367e-05   1.705e-12    0.005272
       3.403    0.004885   -1.39e-05   1.705e-12    0.004899
       3.413     0.00454  -1.412e-05   1.705e-12    0.004554
       3.423    0.004221  -1.435e-05   1.705e-12    0.004235
       3.433    0.003925  -1.457e-05   1.705e-12    0.003939
       3.443    0.003651   -1.48e-05   1.705e-12    0.003666
       3.453    0.003397  -1.503e-05   1.705e-12    0.003412
       3.463    0.003163  -1.525e-05   1.705e-12    0.003178
       3.473    0.002946  -1.548e-05   1.705e-12    0.002961
       3.483    0.002745   -1.57e-05   1.705e-12    0.002761
       3.493     0.00256  -1.593e-05   1.705e-12    0.002576
       3.503    0.002389  -1.615e-05   1.705e-12    0.002405
       3.513    0.002231  -1.638e-05   1.705e-12    0.002247
       3.523    0.002085  -1.661e-05   1.705e-12    0.002102
       3.533     0.00195  -1.683e-05   1.705e-12    0.001967
       3.543    0.001826  -1.706e-05   1.705e-12    0.001843
       3.553    0.001711  -1.728e-05   1.705e-12    0.001728
       3.563    0.001605  -1.751e-05   1.705e-12    0.001623
       3.573    0.001507  -1.773e-05   1.705e-12    0.001525
       3.583    0.001418  -1.796e-05   1.705e-12    0.001436
       3.593    0.001335  -1.818e-05   1.705e-12    0.001353
       3.603    0.001259  -1.841e-05   1.705e-12    0.001277
       3.613    0.001189  -1.864e-05   1.705e-12    0.001207
       3.623    0.001124  -1.886e-05   1.705e-12    0.001143
       3.633    0.001065  -1.909e-05   1.705e-12    0.001084
       3.643    0.001011  -1.931e-05   1.705e-12     0.00103
       3.653   0.0009606  -1.954e-05   1.705e-12   0.0009802
       3.663   0.0009151  -1.976e-05   1.705e-12   0.0009348
       3.673   0.0008732  -1.999e-05   1.705e-12   0.0008932
       3.683   0.0008351  -2.022e-05   1.705e-12   0.0008553
       3.693   0.0008002  -2.044e-05   1.705e-12   0.0008206
       3.703   0.0007685  -2.067e-05   1.705e-12   0.0007891
       3.713   0.0007395  -2.089e-05   1.705e-12   0.0007604
       3.723   0.0007133  -2.112e-05   1.705e-12   0.0007344
       3.733   0.0006896  -2.134e-05   1.705e-12    0.000711
       3.743   0.0006682  -2.157e-05   1.705e-12   0.0006897
       3.753   0.0006489   -2.18e-05   1.705e-12   0.0006707
       3.763   0.0006316  -2.202e-05   1.705e-12   0.0006537
       3.773   0.0006162  -2.225e-05   1.705e-12   0.0006385
       3.783   0.0006025  -2.247e-05   1.705e-12    0.000625
       3.793   0.0005904   -2.27e-05   1.705e-12   0.0006131
       3.803   0.0005798  -2.292e-05   1.705e-12   0.0006028
       3.813   0.0005707  -2.315e-05   1.705e-12   0.0005938
       3.823   0.0005628  -2.338e-05   1.705e-12   0.0005862
       3.833   0.0005561   -2.36e-05   1.705e-12   0.0005797
       3.843   0.0005506  -2.383e-05   1.705e-12   0.0005744
       3.853   0.0005461  -2.405e-05   1.705e-12   0.0005702
       3.863   0.0005427  -2.428e-05   1.705e-12    0.000567
       3.873   0.0005402   -2.45e-05   1.705e-12   0.0005647
       3.883   0.0005386  -2.473e-05   1.705e-12   0.0005633
       3.893   0.0005378  -2.495e-05   1.705e-12   0.0005627
       3.903   0.0005378  -2.518e-05   1.705e-12   0.0005629
       3.913   0.0005385  -2.541e-05   1.705e-12   0.0005639
       3.923   0.0005399  -2.563e-05   1.705e-12   0.0005655
       3.933    0.000542  -2.586e-05   1.705e-12   0.0005679
       3.943   0.0005447  -2.608e-05   1.705e-12   0.0005708
       3.953    0.000548  -2.631e-05   1.705e-12   0.0005743
       3.963   0.0005519  -2.653e-05   1.705e-12   0.0005784
       3.973   0.0005563  -2.676e-05   1.705e-12   0.0005831
       3.983   0.0005613  -2.699e-05   1.705e-12   0.0005883
       3.993   0.0005667  -2.721e-05   1.705e-12   0.0005939
       4.003   0.0005726  -2.744e-05   1.705e-12   0.0006001
       4.013    0.000579  -2.766e-05   1.705e-12   0.0006067
       4.023   0.0005858  -2.789e-05   1.705e-12   0.0006137
       4.033   0.0005931  -2.811e-05   1.705e-12   0.0006212
       4.043   0.0006007  -2.834e-05   1.705e-12   0.0006291
       4.053   0.0006088  -2.857e-05   1.705e-12   0.0006374
       4.063   0.0006173  -2.879e-05   1.705e-12   0.0006461
       4.073   0.0006261  -2.902e-05   1.705e-12   0.0006551
       4.083   0.0006353  -2.924e-05   1.705e-12   0.0006646
       4.093   0.0006449  -2.947e-05   1.705e-12   0.0006744
       4.103   0.0006548  -2.969e-05   1.705e-12   0.0006845
       4.113   0.0006651  -2.992e-05   1.705e-12    0.000695
       4.123   0.0006758  -3.014e-05   1.705e-12   0.0007059
       4.133   0.0006867  -3.037e-05   1.705e-12   0.0007171
       4.143   0.0006981   -3.06e-05   1.705e-12   0.0007286
       4.153   0.0007097  -3.082e-05   1.705e-12   0.0007405
       4.163   0.0007217  -3.105e-05   1.705e-12   0.0007527
       4.173    0.000734  -3.127e-05   1.705e-12   0.0007653
       4.183   0.0007467   -3.15e-05   1.705e-12   0.0007782
       4.193   0.0007597  -3.172e-05   1.705e-12   0.0007914
       4.203    0.000773  -3.195e-05   1.705e-12   0.0008049
       4.213   0.0007866  -3.218e-05   1.705e-12   0.0008188
       4.223   0.0008006   -3.24e-05   1.705e-12    0.000833
       4.233   0.0008149  -3.263e-05   1.705e-12   0.0008475
       4.243   0.0008296  -3.285e-05   1.705e-12   0.0008624
       4.253   0.0008445  -3.308e-05   1.705e-12   0.0008776
       4.263   0.0008599   -3.33e-05   1.705e-12   0.0008932
       4.273   0.0008755  -3.353e-05   1.705e-12   0.0009091
       4.283   0.0008915  -3.376e-05   1.705e-12   0.0009253
       4.293   0.0009079  -3.398e-05   1.705e-12   0.0009419
       4.303   0.0009246  -3.421e-05   1.705e-12   0.0009588
       4.313   0.0009416  -3.443e-05   1.705e-12   0.0009761
       4.323    0.000959  -3.466e-05   1.705e-12   0.0009937
       4.333   0.0009768  -3.488e-05   1.705e-12    0.001012
       4.343    0.000995  -3.511e-05   1.705e-12     0.00103
       4.353    0.001014  -3.533e-05   1.705e-12    0.001049
       4.363    0.001032  -3.556e-05   1.705e-12    0.001068
       4.373    0.001052  -3.579e-05   1.705e-12    0.001087
       4.383    0.001071  -3.601e-05   1.705e-12    0.001107
       4.393    0.001091  -3.624e-05   1.705e-12    0.001128
       4.403    0.001112  -3.646e-05   1.705e-12    0.001148
       4.413    0.001133  -3.669e-05   1.705e-12    0.001169
       4.423    0.001154  -3.691e-05   1.705e-12    0.001191
       4.433    0.001176  -3.714e-05   1.705e-12    0.001213
       4.443    0.001198  -3.737e-05   1.705e-12    0.001235
       4.453     0.00122  -3.759e-05   1.705e-12    0.001258
       4.463    0.001243  -3.782e-05   1.705e-12    0.001281
       4.473    0.001266  -3.804e-05   1.705e-12    0.001305
       4.483     0.00129  -3.827e-05   1.705e-12    0.001329
       4.493    0.001315  -3.849e-05   1.705e-12    0.001353
       4.503    0.001339  -3.872e-05   1.705e-12    0.001378
       4.513    0.001365  -3.894e-05   1.705e-12    0.001404
       4.523     0.00139  -3.917e-05   1.705e-12     0.00143
       4.533    0.001417   -3.94e-05   1.705e-12    0.001456
       4.543    0.001443  -3.962e-05   1.705e-12    0.001483
       4.553    0.001471  -3.985e-05   1.705e-12     0.00151
       4.563    0.001498  -4.007e-05   1.705e-12    0.001538
       4.573    0.001527   -4.03e-05   1.705e-12    0.001567
       4.583    0.001555  -4.052e-05   1.705e-12    0.001596
       4.593    0.001585  -4.075e-05   1.705e-12    0.001626
       4.603    0.001615  -4.098e-05   1.705e-12    0.001656
       4.613    0.001645   -4.12e-05   1.705e-12    0.001686
       4.623    0.001676  -4.143e-05   1.705e-12    0.001718
       4.633    0.001708  -4.165e-05   1.705e-12     0.00175
       4.643     0.00174  -4.188e-05   1.705e-12    0.001782
       4.653    0.001773   -4.21e-05   1.705e-12    0.001815
       4.663    0.001806  -4.233e-05   1.705e-12    0.001849
       4.673    0.001841  -4.255e-05   1.705e-12    0.001883
       4.683    0.001875  -4.278e-05   1.705e-12    0.001918
       4.693    0.001911  -4.301e-05   1.705e-12    0.001954
       4.703    0.001947  -4.323e-05   1.705e-12     0.00199
       4.713    0.001983  -4.346e-05   1.705e-12    0.002027
       4.723    0.002021  -4.368e-05   1.705e-12    0.002065
       4.733    0.002059  -4.391e-05   1.705e-12    0.002103
       4.743    0.002098  -4.413e-05   1.705e-12    0.002142
       4.753    0.002137  -4.436e-05   1.705e-12    0.002182
       4.763    0.002178  -4.459e-05   1.705e-12    0.002222
       4.773    0.002219  -4.481e-05   1.705e-12    0.002264
       4.783    0.002261  -4.504e-05   1.705e-12    0.002306
       4.793    0.002303  -4.526e-05   1.705e-12    0.002349
       4.803    0.002347  -4.549e-05   1.705e-12    0.002392
       4.813    0.002391  -4.571e-05   1.705e-12    0.002437
       4.823    0.002436  -4.594e-05   1.705e-12    0.002482
       4.833    0.002482  -4.616e-05   1.705e-12    0.002528
       4.843    0.002529  -4.639e-05   1.705e-12    0.002575
       4.853    0.002576  -4.662e-05   1.705e-12    0.002623
       4.863    0.002625  -4.684e-05   1.705e-12    0.002672
       4.873    0.002674  -4.707e-05   1.705e-12    0.002721
       4.883    0.002725  -4.729e-05   1.705e-12    0.002772
       4.893    0.002776  -4.752e-05   1.705e-12    0.002823
       4.903    0.002828  -4.774e-05   1.705e-12    0.002876
       4.913    0.002881  -4.797e-05   1.705e-12    0.002929
       4.923    0.002936   -4.82e-05   1.705e-12    0.002984
       4.933    0.002991  -4.842e-05   1.705e-12    0.003039
       4.943    0.003047  -4.865e-05   1.705e-12    0.003096
       4.953    0.003104  -4.887e-05   1.705e-12    0.003153
       4.963    0.003163   -4.91e-05   1.705e-12    0.003212
       4.973    0.003222  -4.932e-05   1.705e-12    0.003272
       4.983    0.003283  -4.955e-05   1.705e-12    0.003332
       4.993    0.003345  -4.977e-05   1.705e-12    0.003394
       5.003    0.003407      -5e-05   1.705e-12    0.003457
       5.013    0.003472  -5.023e-05   1.705e-12    0.003522
       5.023    0.003537  -5.045e-05   1.705e-12    0.003587
       5.033    0.003603  -5.068e-05   1.705e-12    0.003654
       5.043    0.003671   -5.09e-05   1.705e-12    0.003722
       5.053     0.00374  -5.113e-05   1.705e-12    0.003791
       5.063     0.00381  -5.135e-05   1.705e-12    0.003861
       5.073    0.003882  -5.158e-05   1.705e-12    0.003933
       5.083    0.003955  -5.181e-05   1.705e-12    0.004006
       5.093    0.004029  -5.203e-05   1.705e-12    0.004081
       5.103    0.004104  -5.226e-05   1.705e-12    0.004157
       5.113    0.004182  -5.248e-05   1.705e-12    0.004234
       5.123     0.00426  -5.271e-05   1.705e-12    0.004313
       5.133     0.00434  -5.293e-05   1.705e-12    0.004393
       5.143    0.004421  -5.316e-05   1.705e-12    0.004475
       5.153    0.004504  -5.338e-05   1.705e-12    0.004558
       5.163    0.004589  -5.361e-05   1.705e-12    0.004642
       5.173    0.004675  -5.384e-05   1.705e-12    0.004729
       5.183    0.004763  -5.406e-05   1.705e-12    0.004817
       5.193    0.004852  -5.429e-05   1.705e-12    0.004906
       5.203    0.004943  -5.451e-05   1.705e-12    0.004997
       5.213    0.005036  -5.474e-05   1.705e-12     0.00509
       5.223     0.00513  -5.496e-05   1.705e-12    0.005185
       5.233    0.005226  -5.519e-05   1.705e-12    0.005281
       5.243    0.005324  -5.542e-05   1.705e-12     0.00538
       5.253    0.005424  -5.564e-05   1.705e-12     0.00548
       5.263    0.005526  -5.587e-05   1.705e-12    0.005581
       5.273    0.005629  -5.609e-05   1.705e-12    0.005685
       5.283    0.005735  -5.632e-05   1.705e-12    0.005791
       5.293    0.005842  -5.654e-05   1.705e-12    0.005899
       5.303    0.005952  -5.677e-05   1.705e-12    0.006008
       5.313    0.006063  -5.699e-05   1.705e-12     0.00612
       5.323    0.006177  -5.722e-05   1.705e-12    0.006234
       5.333    0.006292  -5.745e-05   1.705e-12     0.00635
       5.343     0.00641  -5.767e-05   1.705e-12    0.006468
       5.353     0.00653   -5.79e-05   1.705e-12    0.006588
       5.363    0.006652  -5.812e-05   1.705e-12     0.00671
       5.373    0.006777  -5.835e-05   1.705e-12    0.006835
       5.383    0.006904  -5.857e-05   1.705e-12    0.006962
       5.393    0.007033   -5.88e-05   1.705e-12    0.007092
       5.403    0.007165  -5.903e-05   1.705e-12    0.007224
       5.413    0.007299  -5.925e-05   1.705e-12    0.007358
       5.423    0.007435  -5.948e-05   1.705e-12    0.007495
       5.433    0.007574   -5.97e-05   1.705e-12    0.007634
       5.443    0.007716  -5.993e-05   1.705e-12    0.007776
       5.453     0.00786  -6.015e-05   1.705e-12     0.00792
       5.463    0.008007  -6.038e-05   1.705e-12    0.008068
       5.473    0.008157   -6.06e-05   1.705e-12    0.008218
       5.483     0.00831  -6.083e-05   1.705e-12     0.00837
       5.493    0.008465  -6.106e-05   1.705e-12    0.008526
       5.503    0.008623  -6.128e-05   1.705e-12    0.008685
       5.513    0.008785  -6.151e-05   1.705e-12    0.008846
       5.523    0.008949  -6.173e-05   1.705e-12    0.009011
       5.533    0.009116  -6.196e-05   1.705e-12    0.009178
       5.543    0.009286  -6.218e-05   1.705e-12    0.009349
       5.553     0.00946  -6.241e-05   1.705e-12    0.009522
       5.563    0.009637  -6.263e-05   1.705e-12      0.0097
       5.573    0.009817  -6.286e-05   1.705e-12     0.00988
       5.583        0.01  -6.309e-05   1.705e-12     0.01006
       5.593     0.01019  -6.331e-05   1.705e-12     0.01025
       5.603     0.01038  -6.354e-05   1.705e-12     0.01044
       5.613     0.01057  -6.376e-05   1.705e-12     0.01064
       5.623     0.01077  -6.399e-05   1.705e-12     0.01083
       5.633     0.01097  -6.421e-05   1.705e-12     0.01103
       5.643     0.01118  -6.444e-05   1.705e-12     0.01124
       5.653     0.01138  -6.467e-05   1.705e-12     0.01145
       5.663      0.0116  -6.489e-05   1.705e-12     0.01166
       5.673     0.01181  -6.512e-05   1.705e-12     0.01188
       5.683     0.01203  -6.534e-05   1.705e-12      0.0121
       5.693     0.01226  -6.557e-05   1.705e-12     0.01232
       5.703     0.01249  -6.579e-05   1.705e-12     0.01255
       5.713     0.01272  -6.602e-05   1.705e-12     0.01279
       5.723     0.01296  -6.624e-05   1.705e-12     0.01302
       5.733      0.0132  -6.647e-05   1.705e-12     0.01327
       5.743     0.01345   -6.67e-05   1.705e-12     0.01351
       5.753      0.0137  -6.692e-05   1.705e-12     0.01376
       5.763     0.01395  -6.715e-05   1.705e-12     0.01402
       5.773     0.01421  -6.737e-05   1.705e-12     0.01428
       5.783     0.01448   -6.76e-05   1.705e-12     0.01455
       5.793     0.01475  -6.782e-05   1.705e-12     0.01482
       5.803     0.01502  -6.805e-05   1.705e-12     0.01509
       5.813      0.0153  -6.828e-05   1.705e-12     0.01537
       5.823     0.01559   -6.85e-05   1.705e-12     0.01566
       5.833     0.01588  -6.873e-05   1.705e-12     0.01595
       5.843     0.01618  -6.895e-05   1.705e-12     0.01625
       5.853     0.01648  -6.918e-05   1.705e-12     0.01655
       5.863     0.01679   -6.94e-05   1.705e-12     0.01686
       5.873      0.0171  -6.963e-05   1.705e-12     0.01717
       5.883     0.01742  -6.985e-05   1.705e-12     0.01749
       5.893     0.01774  -7.008e-05   1.705e-12     0.01781
       5.903     0.01807  -7.031e-05   1.705e-12     0.01814
       5.913     0.01841  -7.053e-05   1.705e-12     0.01848
       5.923     0.01875  -7.076e-05   1.705e-12     0.01883
       5.933      0.0191  -7.098e-05   1.705e-12     0.01918
       5.943     0.01946  -7.121e-05   1.705e-12     0.01953
       5.953     0.01982  -7.143e-05   1.705e-12      0.0199
       5.963     0.02019  -7.166e-05   1.705e-12     0.02027
       5.973     0.02057  -7.188e-05   1.705e-12     0.02064
