#      _xxWS        ftot       firac        fagn        fsfr
#
     -0.7482      0.1096   1.759e-05           0      0.1096
     -0.7382      0.0869   2.172e-05           0     0.08688
     -0.7282      0.0642   2.722e-05           0     0.06418
     -0.7182     0.04151   3.405e-05           0     0.04147
     -0.7082     0.01881   4.272e-05           0     0.01877
     -0.6982   5.345e-05   5.344e-05           0   5.343e-09
     -0.6882   6.437e-05   6.437e-05           0   5.442e-09
     -0.6782   7.721e-05   7.721e-05           0   5.543e-09
     -0.6682    8.84e-05    8.84e-05           0   5.646e-09
     -0.6582   0.0001027   0.0001027           0   5.751e-09
     -0.6482   0.0001178   0.0001178           0   5.858e-09
     -0.6382   0.0001352   0.0001352           0   5.967e-09
     -0.6282   0.0001518   0.0001518           0   6.078e-09
     -0.6182   0.0001761   0.0001761           0   6.191e-09
     -0.6082   0.0002024   0.0002023           0   6.306e-09
     -0.5982   0.0002298   0.0002298           0   6.424e-09
     -0.5882   0.0002592   0.0002592           0   6.543e-09
     -0.5782   0.0002889   0.0002889           0   6.665e-09
     -0.5682   0.0003193   0.0003193           0   6.788e-09
     -0.5582   0.0003518   0.0003518           0   6.915e-09
     -0.5482   0.0003876   0.0003875           0   7.043e-09
     -0.5382   0.0004301   0.0004301           0   7.174e-09
     -0.5282    0.000472    0.000472           0   7.308e-09
     -0.5182   0.0005196   0.0005196           0   7.443e-09
     -0.5082   0.0005764   0.0005764           0   7.582e-09
     -0.4982   0.0006459   0.0006458           0   7.723e-09
     -0.4882   0.0007101   0.0007101           0   7.866e-09
     -0.4782   0.0007813   0.0007812           0   8.013e-09
     -0.4682   0.0008527   0.0008527           0   8.162e-09
     -0.4582   0.0009263   0.0009263           0   8.313e-09
     -0.4482   0.0009994   0.0009994           0   8.468e-09
     -0.4382    0.001077    0.001077           0   8.625e-09
     -0.4282    0.001161    0.001161           0   8.786e-09
     -0.4182    0.001247    0.001247           0   8.949e-09
     -0.4082    0.001339    0.001339           0   9.115e-09
     -0.3982    0.001438    0.001438           0   9.285e-09
     -0.3882     0.00154     0.00154           0   9.457e-09
     -0.3782    0.001637    0.001637           0   9.633e-09
     -0.3682    0.001742    0.001742           0   9.812e-09
     -0.3582    0.001855    0.001855           0   9.995e-09
     -0.3482    0.001971    0.001971           0   1.018e-08
     -0.3382    0.002091    0.002091           0   1.037e-08
     -0.3282    0.002221    0.002221           0   1.056e-08
     -0.3182     0.00237     0.00237           0   1.076e-08
     -0.3082    0.002519    0.002519           0   1.096e-08
     -0.2982    0.002675    0.002675           0   1.116e-08
     -0.2882    0.002844    0.002844           0   1.137e-08
     -0.2782     0.00301     0.00301           0   1.158e-08
     -0.2682    0.003184    0.003184           0    1.18e-08
     -0.2582     0.00336     0.00336           0   1.202e-08
     -0.2482    0.003558    0.003558           0   1.224e-08
     -0.2382    0.003878    0.003878           0   1.247e-08
     -0.2282    0.004146    0.004146           0    1.27e-08
     -0.2182     0.00448     0.00448           0   1.294e-08
     -0.2082    0.004947    0.004947           0   1.318e-08
     -0.1982    0.005462    0.005462           0   1.342e-08
     -0.1882    0.005999    0.005999           0   1.367e-08
     -0.1782    0.006549    0.006549           0   1.392e-08
     -0.1682    0.007173    0.007173           0   1.418e-08
     -0.1582     0.00787     0.00787           0   1.445e-08
     -0.1482    0.008596    0.008596           0   1.472e-08
     -0.1382    0.009358    0.009358           0   1.499e-08
     -0.1282     0.01016     0.01016           0   1.527e-08
     -0.1182     0.01093     0.01093           0   1.555e-08
     -0.1082     0.01153     0.01153           0   1.584e-08
    -0.09815      0.0123      0.0123           0   1.614e-08
    -0.08815     0.01301     0.01301           0   1.644e-08
    -0.07815     0.01354     0.01354           0   1.674e-08
    -0.06815     0.01405     0.01405           0   1.705e-08
    -0.05815      0.0146      0.0146           0   1.737e-08
    -0.04815     0.01518     0.01518           0   1.769e-08
    -0.03815     0.01573     0.01573           0   1.802e-08
    -0.02815      0.0162      0.0162           0   1.836e-08
    -0.01815     0.01672     0.01672           0    1.87e-08
   -0.008155     0.01726     0.01726           0   1.904e-08
    0.001845     0.01784     0.01784           0    1.94e-08
     0.01185     0.01849     0.01849           0   1.976e-08
     0.02185     0.01916     0.01916           0   2.013e-08
     0.03185     0.01977     0.01977           0    2.05e-08
     0.04185     0.02039     0.02039           0   2.088e-08
     0.05185     0.02107     0.02107           0   2.127e-08
     0.06185     0.02179     0.02179           0   2.167e-08
     0.07185     0.02248     0.02248           0   2.207e-08
     0.08185     0.02318     0.02318           0   2.248e-08
     0.09185     0.02387     0.02387           0    2.29e-08
      0.1018     0.02462     0.02462           0   2.332e-08
      0.1118      0.0253      0.0253           0   2.376e-08
      0.1218     0.02618     0.02618           0    2.42e-08
      0.1318     0.02707     0.02707           0   2.465e-08
      0.1418     0.02802     0.02802           0   2.511e-08
      0.1518     0.02893     0.02893           0   2.557e-08
      0.1618     0.02971     0.02971           0   2.605e-08
      0.1718     0.03071     0.03071           0   2.653e-08
      0.1818     0.03171     0.03171           0   2.703e-08
      0.1918     0.03263     0.03263           0   2.753e-08
      0.2018      0.0336      0.0336           0   2.804e-08
      0.2118     0.03464     0.03464           0   2.856e-08
      0.2218     0.03546     0.03546           0   2.909e-08
      0.2318     0.03642     0.03641           0   1.637e-05
      0.2418     0.03744      0.0374           0   4.303e-05
      0.2518     0.03818     0.03812           0   6.762e-05
      0.2618     0.03892     0.03882           0   9.151e-05
      0.2718     0.03958     0.03946           0   0.0001162
      0.2818     0.04027     0.04013           0   0.0001417
      0.2918     0.04117       0.041           0   0.0001644
      0.3018     0.04185     0.04167           0   0.0001818
      0.3118     0.04255     0.04236           0   0.0001939
      0.3218     0.04329     0.04309           0   0.0002003
      0.3318      0.0438     0.04361           0   0.0001972
      0.3418      0.0444      0.0442           0   0.0001971
      0.3518      0.0452     0.04499           0   0.0002023
      0.3618     0.04591      0.0457           0   0.0002095
      0.3718      0.0468     0.04659           0   0.0002172
      0.3818     0.04758     0.04735           0   0.0002244
      0.3918     0.04841     0.04818           0   0.0002298
      0.4018     0.04931     0.04907           0   0.0002319
      0.4118     0.05037     0.05014           0   0.0002307
      0.4218     0.05135     0.05112           0   0.0002298
      0.4318     0.05222     0.05199           0   0.0002316
      0.4418     0.05275     0.05252           0   0.0002356
      0.4518      0.0532     0.05296           0   0.0002405
      0.4618     0.05399     0.05375           0   0.0002458
      0.4718     0.05432     0.05407           0    0.000253
      0.4818     0.05469     0.05443           0   0.0002628
      0.4918     0.05479     0.05451           0   0.0002744
      0.5018     0.05472     0.05443           0   0.0002876
      0.5118     0.05457     0.05427           0    0.000302
      0.5218      0.0541     0.05378           0   0.0003175
      0.5318      0.0535     0.05316           0    0.000334
      0.5418     0.05228     0.05193           0   0.0003515
      0.5518     0.05119     0.05082           0   0.0003703
      0.5618     0.05008     0.04969           0   0.0003903
      0.5718     0.04863     0.04822           0   0.0004123
      0.5818     0.04691     0.04647           0   0.0004367
      0.5918      0.0452     0.04474           0   0.0004635
      0.6018     0.04404     0.04355           0    0.000491
      0.6118      0.0427     0.04219           0   0.0005185
      0.6218     0.04172     0.04117           0   0.0005466
      0.6318     0.04065     0.04007           0   0.0005762
      0.6418     0.03954     0.03894           0   0.0006082
      0.6518     0.03832     0.03767           0   0.0006441
      0.6618     0.03699      0.0363           0    0.000687
      0.6718     0.03602     0.03527           0   0.0007452
      0.6818     0.03494     0.03409           0   0.0008491
      0.6918     0.03407      0.0329           0    0.001171
      0.7018     0.03676     0.03231           0    0.004456
      0.7118     0.03684     0.03208           0    0.004758
      0.7218      0.0366     0.03174           0    0.004863
      0.7318     0.03597     0.03104           0    0.004933
      0.7418      0.0353     0.03031           0    0.004992
      0.7518     0.03427     0.02923           0    0.005045
      0.7618     0.03313     0.02804           0    0.005096
      0.7718     0.03214     0.02699           0    0.005145
      0.7818     0.03147     0.02628           0    0.005193
      0.7918     0.03095     0.02571           0    0.005238
      0.8018     0.03046     0.02519           0    0.005272
      0.8118     0.03003     0.02476           0    0.005265
      0.8218     0.02917     0.02412           0    0.005047
      0.8318     0.02528     0.02341           0    0.001874
      0.8418     0.02419     0.02249           0    0.001694
      0.8518     0.02319     0.02146           0    0.001723
      0.8618     0.02237     0.02057           0    0.001802
      0.8718     0.02162     0.01971           0    0.001914
      0.8818     0.02103     0.01897           0    0.002066
      0.8918     0.02062     0.01832           0    0.002299
      0.9018     0.02048     0.01771           0     0.00277
      0.9118     0.02023     0.01707           0    0.003157
      0.9218     0.01997     0.01641           0    0.003564
      0.9318     0.02002     0.01573           0    0.004291
      0.9418     0.02023     0.01498           0     0.00525
      0.9518     0.02061     0.01446           0    0.006145
      0.9618      0.0218     0.01401           0    0.007793
      0.9718     0.02729     0.01364           0     0.01365
      0.9818     0.03151     0.01326           0     0.01825
      0.9918     0.03323     0.01286           0     0.02037
       1.002     0.03494     0.01247           0     0.02247
       1.012     0.03681      0.0121           0     0.02471
       1.022     0.03864     0.01172           0     0.02691
       1.032     0.04076     0.01135           0     0.02941
       1.042     0.04424     0.01099           0     0.03324
       1.052     0.05024     0.01062           0     0.03962
       1.062     0.06083     0.01024           0     0.05058
       1.072     0.07138    0.009888           0     0.06149
       1.082     0.07985    0.009518           0     0.07033
       1.092      0.0837    0.009164           0     0.07453
       1.102     0.08231    0.008813           0     0.07349
       1.112     0.08314    0.008493           0     0.07465
       1.122     0.08597    0.008193           0     0.07777
       1.132     0.08656    0.007927           0     0.07864
       1.142     0.08629    0.007656           0     0.07864
       1.152     0.08579    0.007414           0     0.07837
       1.162     0.08468    0.007183           0      0.0775
       1.172     0.08233    0.006952           0     0.07537
       1.182     0.07748    0.006731           0     0.07075
       1.192     0.06785    0.006506           0     0.06135
       1.202      0.0583    0.006272           0     0.05202
       1.212     0.05141    0.006035           0     0.04537
       1.222     0.04993    0.005797           0     0.04413
       1.232      0.0602    0.005561           0     0.05464
       1.242     0.06352    0.005322           0      0.0582
       1.252     0.06442    0.005078           0     0.05934
       1.262     0.06873     0.00482           0     0.06391
       1.272     0.07322     0.00457           0     0.06865
       1.282     0.08068    0.004314           0     0.07636
       1.292     0.08538    0.004056           0     0.08133
       1.302     0.08869    0.003799           0     0.08489
       1.312     0.09243    0.003549           0     0.08888
       1.322     0.09502    0.003316           0      0.0917
       1.332     0.09746    0.003099           0     0.09436
       1.342     0.09898    0.002898           0     0.09608
       1.352     0.09899    0.002711           0     0.09628
       1.362     0.08848    0.002539           0     0.08594
       1.372     0.08429    0.002381           0     0.08191
       1.382     0.08352    0.002235           0     0.08129
       1.392     0.08239    0.002102           0     0.08028
       1.402     0.08322     0.00198           0     0.08124
       1.412     0.08186    0.001869           0     0.07999
       1.422      0.0837    0.001768           0     0.08193
       1.432     0.08604    0.001676           0     0.08437
       1.442     0.08758    0.001593           0     0.08598
       1.452     0.09028    0.001517           0     0.08876
       1.462     0.09326    0.001449           0     0.09182
       1.472     0.09655    0.001387           0     0.09517
       1.482         0.1    0.001331           0     0.09869
       1.492      0.1035    0.001279           0      0.1022
       1.502      0.1069    0.001232           0      0.1057
       1.512      0.1102    0.001188           0       0.109
       1.522      0.1129    0.001147           0      0.1118
       1.532      0.1147    0.001108           0      0.1136
       1.542      0.1163    0.001072           0      0.1152
       1.552       0.118    0.001037           0       0.117
       1.562      0.1212    0.001003           0      0.1202
       1.572      0.1254   0.0009696           0      0.1244
       1.582      0.1301   0.0009373           0      0.1292
       1.592      0.1353   0.0009054           0      0.1344
       1.602      0.1414   0.0008739           0      0.1406
       1.612      0.1484   0.0008428           0      0.1476
       1.622      0.1563   0.0008121           0      0.1555
       1.632      0.1651   0.0007818           0      0.1643
       1.642      0.1749   0.0007519           0      0.1741
       1.652      0.1857   0.0007224           0       0.185
       1.662      0.1976   0.0006934           0      0.1969
       1.672      0.2107    0.000665           0        0.21
       1.682      0.2248   0.0006371           0      0.2242
       1.692        0.24   0.0006097           0      0.2394
       1.702      0.2561    0.000583           0      0.2555
       1.712      0.2732   0.0005569           0      0.2726
       1.722      0.2911   0.0005314           0      0.2906
       1.732      0.3098   0.0005066           0      0.3093
       1.742      0.3291   0.0004825           0      0.3287
       1.752      0.3491   0.0004592           0      0.3487
       1.762      0.3697   0.0004366           0      0.3692
       1.772      0.3908   0.0004148           0      0.3904
       1.782      0.4126   0.0003938           0      0.4122
       1.792      0.4349   0.0003737           0      0.4345
       1.802       0.458   0.0003545           0      0.4576
       1.812      0.4819   0.0003361           0      0.4816
       1.822      0.5069   0.0003186           0      0.5066
       1.832      0.5331   0.0003021           0      0.5328
       1.842      0.5607   0.0002864           0      0.5604
       1.852      0.5899   0.0002716           0      0.5896
       1.862      0.6211   0.0002578           0      0.6208
       1.872      0.6543   0.0002447           0      0.6541
       1.882      0.6899   0.0002325           0      0.6897
       1.892       0.728   0.0002211           0      0.7278
       1.902      0.7688   0.0002105           0      0.7686
       1.912      0.8125   0.0002006           0      0.8123
       1.922      0.8591   0.0001913           0      0.8589
       1.932      0.9088   0.0001827           0      0.9087
       1.942      0.9617   0.0001746           0      0.9615
       1.952       1.018    0.000167           0       1.017
       1.962       1.077   0.0001599           0       1.077
       1.972       1.139   0.0001531           0       1.139
       1.982       1.204   0.0001468           0       1.204
       1.992       1.272   0.0001407           0       1.272
       2.002       1.343   0.0001349           0       1.343
       2.012       1.417   0.0001294           0       1.417
       2.022       1.493   0.0001241           0       1.493
       2.032       1.571   0.0001189           0       1.571
       2.042       1.651   0.0001139           0       1.651
       2.052       1.733   0.0001091           0       1.733
       2.062       1.816   0.0001044           0       1.816
       2.072       1.899    9.99e-05           0       1.899
       2.082       1.983   9.549e-05           0       1.983
       2.092       2.068   9.123e-05           0       2.067
       2.102       2.151   8.711e-05           0       2.151
       2.112       2.234   8.315e-05           0       2.234
       2.122       2.316   7.934e-05           0       2.316
       2.132       2.396    7.57e-05           0       2.396
       2.142       2.475   7.221e-05           0       2.475
       2.152        2.55   6.888e-05           0        2.55
       2.162       2.623   6.571e-05           0       2.623
       2.172       2.693    6.27e-05           0       2.693
       2.182       2.759   5.983e-05           0       2.759
       2.192       2.822   5.711e-05           0       2.822
       2.202        2.88   5.452e-05           0        2.88
       2.212       2.934   5.206e-05           0       2.933
       2.222       2.983   4.972e-05           0       2.983
       2.232       3.027    4.75e-05           0       3.027
       2.242       3.067   4.537e-05           0       3.067
       2.252       3.103   4.334e-05           0       3.103
       2.262       3.134    4.14e-05           0       3.134
       2.272       3.161   3.955e-05           0       3.161
       2.282       3.184   3.777e-05           0       3.183
       2.292       3.203   3.607e-05           0       3.203
       2.302        3.22   3.444e-05           0        3.22
       2.312       3.233   3.289e-05           0       3.233
       2.322       3.243    3.14e-05           0       3.243
       2.332       3.247   2.998e-05           0       3.247
       2.342       3.243   2.863e-05           0       3.243
       2.352       3.231   2.733e-05           0       3.231
       2.362        3.21    2.61e-05           0        3.21
       2.372       3.182   2.492e-05           0       3.182
       2.382       3.145    2.38e-05           0       3.145
       2.392       3.102   2.272e-05           0       3.102
       2.402       3.052   2.168e-05           0       3.051
       2.412       2.994   2.068e-05           0       2.994
       2.422        2.93   1.971e-05           0        2.93
       2.432       2.858   1.877e-05           0       2.858
       2.442        2.78   1.785e-05           0        2.78
       2.452       2.697   1.694e-05           0       2.697
       2.462       2.611   1.605e-05           0       2.611
       2.472       2.525   1.517e-05           0       2.525
       2.482        2.44   1.429e-05           0        2.44
       2.492       2.355   1.342e-05           0       2.355
       2.502       2.272   1.255e-05           0       2.272
       2.512       2.189   1.168e-05           0       2.189
       2.522       2.107    1.08e-05           0       2.107
       2.532       2.027   9.931e-06           0       2.027
       2.542       1.947   9.058e-06           0       1.947
       2.552       1.868   8.185e-06           0       1.868
       2.562       1.791   7.313e-06           0       1.791
       2.572       1.715   6.439e-06           0       1.715
       2.582        1.64   5.566e-06           0        1.64
       2.592       1.566   4.693e-06           0       1.566
       2.602       1.493   3.819e-06           0       1.493
       2.612       1.422   2.946e-06           0       1.422
       2.622       1.352   2.072e-06           0       1.352
       2.632       1.284   1.198e-06           0       1.284
       2.642       1.218   3.239e-07           0       1.218
       2.652       1.154  -5.502e-07           0       1.154
       2.662       1.091  -1.425e-06           0       1.091
       2.672       1.031  -2.299e-06           0       1.031
       2.682      0.9726  -3.173e-06           0      0.9726
       2.692      0.9165  -4.048e-06           0      0.9165
       2.702      0.8626  -4.923e-06           0      0.8626
       2.712      0.8111  -5.798e-06           0      0.8111
       2.722      0.7622  -6.672e-06           0      0.7622
       2.732      0.7158  -7.547e-06           0      0.7158
       2.742      0.6719  -8.422e-06           0      0.6719
       2.752      0.6303  -9.298e-06           0      0.6304
       2.762      0.5911  -1.017e-05           0      0.5911
       2.772      0.5539  -1.105e-05           0       0.554
       2.782      0.5189  -1.192e-05           0      0.5189
       2.792      0.4858   -1.28e-05           0      0.4858
       2.802      0.4547  -1.367e-05           0      0.4547
       2.812      0.4253  -1.455e-05           0      0.4253
       2.822      0.3977  -1.543e-05           0      0.3978
       2.832      0.3718   -1.63e-05           0      0.3718
       2.842      0.3474  -1.718e-05           0      0.3475
       2.852      0.3246  -1.805e-05           0      0.3246
       2.862      0.3031  -1.893e-05           0      0.3031
       2.872      0.2829  -1.981e-05           0       0.283
       2.882      0.2641  -2.068e-05           0      0.2641
       2.892      0.2464  -2.156e-05           0      0.2464
       2.902      0.2298  -2.243e-05           0      0.2299
       2.912      0.2143  -2.331e-05           0      0.2144
       2.922      0.1999  -2.419e-05           0      0.1999
       2.932      0.1863  -2.506e-05           0      0.1863
       2.942      0.1736  -2.594e-05           0      0.1737
       2.952      0.1618  -2.681e-05           0      0.1618
       2.962      0.1508  -2.769e-05           0      0.1508
       2.972      0.1404  -2.857e-05           0      0.1405
       2.982      0.1308  -2.944e-05           0      0.1308
       2.992      0.1218  -3.032e-05           0      0.1218
       3.002      0.1134   -3.12e-05           0      0.1134
       3.012      0.1056  -3.207e-05           0      0.1056
       3.022      0.0983  -3.295e-05           0     0.09833
       3.032     0.09151  -3.383e-05           0     0.09154
       3.042     0.08517   -3.47e-05           0      0.0852
       3.052     0.07927  -3.558e-05           0      0.0793
       3.062     0.07376  -3.646e-05           0      0.0738
       3.072     0.06864  -3.733e-05           0     0.06868
       3.082     0.06387  -3.821e-05           0     0.06391
       3.092     0.05942  -3.909e-05           0     0.05946
       3.102     0.05528  -3.996e-05           0     0.05532
       3.112     0.05142  -4.084e-05           0     0.05146
       3.122     0.04783  -4.172e-05           0     0.04787
       3.132     0.04448  -4.259e-05           0     0.04453
       3.142     0.04136  -4.347e-05           0     0.04141
       3.152     0.03846  -4.435e-05           0      0.0385
       3.162     0.03575  -4.522e-05           0      0.0358
       3.172     0.03323   -4.61e-05           0     0.03328
       3.182     0.03088  -4.698e-05           0     0.03093
       3.192      0.0287  -4.786e-05           0     0.02875
       3.202     0.02666  -4.873e-05           0     0.02671
       3.212     0.02477  -4.961e-05           0     0.02482
       3.222       0.023  -5.049e-05           0     0.02305
       3.232     0.02136  -5.136e-05           0     0.02141
       3.242     0.01984  -5.224e-05           0     0.01989
       3.252     0.01842  -5.312e-05           0     0.01847
       3.262      0.0171  -5.399e-05           0     0.01715
       3.272     0.01588  -5.487e-05           0     0.01593
       3.282     0.01474  -5.575e-05           0     0.01479
       3.292     0.01368  -5.662e-05           0     0.01374
       3.302      0.0127   -5.75e-05           0     0.01276
       3.312     0.01179  -5.838e-05           0     0.01185
       3.322     0.01095  -5.926e-05           0     0.01101
       3.332     0.01016  -6.013e-05           0     0.01022
       3.342    0.009435  -6.101e-05           0    0.009496
       3.352    0.008762  -6.189e-05           0    0.008824
       3.362    0.008137  -6.276e-05           0      0.0082
       3.372    0.007558  -6.364e-05           0    0.007621
       3.382    0.007022  -6.452e-05           0    0.007086
       3.392    0.006524   -6.54e-05           0    0.006589
       3.402    0.006062  -6.627e-05           0    0.006128
       3.412    0.005634  -6.715e-05           0    0.005701
       3.422    0.005239  -6.803e-05           0    0.005307
       3.432    0.004872   -6.89e-05           0    0.004941
       3.442    0.004532  -6.978e-05           0    0.004602
       3.452    0.004218  -7.066e-05           0    0.004289
       3.462    0.003927  -7.153e-05           0    0.003999
       3.472    0.003658  -7.241e-05           0     0.00373
       3.482    0.003409  -7.329e-05           0    0.003482
       3.492    0.003178  -7.417e-05           0    0.003252
       3.502    0.002964  -7.504e-05           0    0.003039
       3.512    0.002766  -7.592e-05           0    0.002842
       3.522    0.002584   -7.68e-05           0    0.002661
       3.532    0.002415  -7.767e-05           0    0.002492
       3.542    0.002259  -7.855e-05           0    0.002337
       3.552    0.002114  -7.943e-05           0    0.002194
       3.562    0.001981  -8.031e-05           0    0.002062
       3.572    0.001858  -8.118e-05           0    0.001939
       3.582    0.001744  -8.206e-05           0    0.001826
       3.592     0.00164  -8.294e-05           0    0.001723
       3.602    0.001543  -8.381e-05           0    0.001627
       3.612    0.001454  -8.469e-05           0    0.001538
       3.622    0.001372  -8.557e-05           0    0.001457
       3.632    0.001296  -8.644e-05           0    0.001382
       3.642    0.001226  -8.732e-05           0    0.001313
       3.652    0.001162   -8.82e-05           0     0.00125
       3.662    0.001103  -8.908e-05           0    0.001192
       3.672    0.001049  -8.995e-05           0    0.001139
       3.682   0.0009993  -9.083e-05           0     0.00109
       3.692   0.0009538  -9.171e-05           0    0.001045
       3.702   0.0009121  -9.258e-05           0    0.001005
       3.712    0.000874  -9.346e-05           0   0.0009674
       3.722   0.0008391  -9.434e-05           0   0.0009335
       3.732   0.0008075  -9.522e-05           0   0.0009027
       3.742   0.0007787  -9.609e-05           0   0.0008748
       3.752   0.0007525  -9.697e-05           0   0.0008495
       3.762   0.0007289  -9.785e-05           0   0.0008268
       3.772   0.0007076  -9.872e-05           0   0.0008063
       3.782   0.0006884   -9.96e-05           0    0.000788
       3.792   0.0006712  -0.0001005           0   0.0007717
       3.802    0.000656  -0.0001014           0   0.0007573
       3.812   0.0006425  -0.0001022           0   0.0007447
       3.822   0.0006306  -0.0001031           0   0.0007337
       3.832   0.0006203   -0.000104           0   0.0007243
       3.842   0.0006115  -0.0001049           0   0.0007164
       3.852    0.000604  -0.0001057           0   0.0007098
       3.862   0.0005978  -0.0001066           0   0.0007044
       3.872   0.0005928  -0.0001075           0   0.0007003
       3.882   0.0005889  -0.0001084           0   0.0006972
       3.892    0.000586  -0.0001092           0   0.0006953
       3.902   0.0005842  -0.0001101           0   0.0006943
       3.912   0.0005833   -0.000111           0   0.0006943
       3.922   0.0005833  -0.0001119           0   0.0006952
       3.932   0.0005842  -0.0001128           0   0.0006969
       3.942   0.0005858  -0.0001136           0   0.0006995
       3.952   0.0005883  -0.0001145           0   0.0007028
       3.962   0.0005914  -0.0001154           0   0.0007068
       3.972   0.0005953  -0.0001163           0   0.0007115
       3.982   0.0005998  -0.0001171           0   0.0007169
       3.992   0.0006049   -0.000118           0    0.000723
       4.002   0.0006107  -0.0001189           0   0.0007296
       4.012   0.0006171  -0.0001198           0   0.0007368
       4.022    0.000624  -0.0001206           0   0.0007446
       4.032   0.0006314  -0.0001215           0    0.000753
       4.042   0.0006394  -0.0001224           0   0.0007618
       4.052   0.0006479  -0.0001233           0   0.0007712
       4.062   0.0006569  -0.0001242           0   0.0007811
       4.072   0.0006664   -0.000125           0   0.0007914
       4.082   0.0006764  -0.0001259           0   0.0008023
       4.092   0.0006868  -0.0001268           0   0.0008136
       4.102   0.0006976  -0.0001277           0   0.0008253
       4.112    0.000709  -0.0001285           0   0.0008375
       4.122   0.0007207  -0.0001294           0   0.0008501
       4.132   0.0007329  -0.0001303           0   0.0008632
       4.142   0.0007455  -0.0001312           0   0.0008767
       4.152   0.0007585   -0.000132           0   0.0008906
       4.162    0.000772  -0.0001329           0   0.0009049
       4.172   0.0007858  -0.0001338           0   0.0009196
       4.182   0.0008001  -0.0001347           0   0.0009348
       4.192   0.0008148  -0.0001356           0   0.0009503
       4.202   0.0008298  -0.0001364           0   0.0009663
       4.212   0.0008453  -0.0001373           0   0.0009826
       4.222   0.0008612  -0.0001382           0   0.0009994
       4.232   0.0008775  -0.0001391           0    0.001017
       4.242   0.0008942  -0.0001399           0    0.001034
       4.252   0.0009114  -0.0001408           0    0.001052
       4.262   0.0009289  -0.0001417           0    0.001071
       4.272   0.0009469  -0.0001426           0    0.001089
       4.282   0.0009652  -0.0001434           0    0.001109
       4.292    0.000984  -0.0001443           0    0.001128
       4.302    0.001003  -0.0001452           0    0.001148
       4.312    0.001023  -0.0001461           0    0.001169
       4.322    0.001043   -0.000147           0     0.00119
       4.332    0.001064  -0.0001478           0    0.001211
       4.342    0.001084  -0.0001487           0    0.001233
       4.352    0.001106  -0.0001496           0    0.001256
       4.362    0.001128  -0.0001505           0    0.001278
       4.372     0.00115  -0.0001513           0    0.001301
       4.382    0.001173  -0.0001522           0    0.001325
       4.392    0.001196  -0.0001531           0    0.001349
       4.402     0.00122   -0.000154           0    0.001374
       4.412    0.001244  -0.0001548           0    0.001399
       4.422    0.001269  -0.0001557           0    0.001425
       4.432    0.001294  -0.0001566           0    0.001451
       4.442     0.00132  -0.0001575           0    0.001477
       4.452    0.001346  -0.0001584           0    0.001505
       4.462    0.001373  -0.0001592           0    0.001532
       4.472      0.0014  -0.0001601           0     0.00156
       4.482    0.001428   -0.000161           0    0.001589
       4.492    0.001457  -0.0001619           0    0.001619
       4.502    0.001486  -0.0001627           0    0.001648
       4.512    0.001515  -0.0001636           0    0.001679
       4.522    0.001545  -0.0001645           0     0.00171
       4.532    0.001576  -0.0001654           0    0.001741
       4.542    0.001607  -0.0001662           0    0.001774
       4.552    0.001639  -0.0001671           0    0.001806
       4.562    0.001672   -0.000168           0     0.00184
       4.572    0.001705  -0.0001689           0    0.001874
       4.582    0.001739  -0.0001698           0    0.001909
       4.592    0.001773  -0.0001706           0    0.001944
       4.602    0.001809  -0.0001715           0     0.00198
       4.612    0.001844  -0.0001724           0    0.002017
       4.622    0.001881  -0.0001733           0    0.002054
       4.632    0.001918  -0.0001741           0    0.002092
       4.642    0.001956   -0.000175           0    0.002131
       4.652    0.001995  -0.0001759           0    0.002171
       4.662    0.002034  -0.0001768           0    0.002211
       4.672    0.002074  -0.0001776           0    0.002252
       4.682    0.002115  -0.0001785           0    0.002294
       4.692    0.002157  -0.0001794           0    0.002336
       4.702    0.002199  -0.0001803           0     0.00238
       4.712    0.002243  -0.0001812           0    0.002424
       4.722    0.002287   -0.000182           0    0.002469
       4.732    0.002332  -0.0001829           0    0.002515
       4.742    0.002378  -0.0001838           0    0.002561
       4.752    0.002424  -0.0001847           0    0.002609
       4.762    0.002472  -0.0001855           0    0.002657
       4.772     0.00252  -0.0001864           0    0.002707
       4.782     0.00257  -0.0001873           0    0.002757
       4.792     0.00262  -0.0001882           0    0.002808
       4.802    0.002671   -0.000189           0    0.002861
       4.812    0.002724  -0.0001899           0    0.002914
       4.822    0.002777  -0.0001908           0    0.002968
       4.832    0.002831  -0.0001917           0    0.003023
       4.842    0.002887  -0.0001926           0    0.003079
       4.852    0.002943  -0.0001934           0    0.003136
       4.862       0.003  -0.0001943           0    0.003195
       4.872    0.003059  -0.0001952           0    0.003254
       4.882    0.003118  -0.0001961           0    0.003315
       4.892    0.003179  -0.0001969           0    0.003376
       4.902    0.003241  -0.0001978           0    0.003439
       4.912    0.003304  -0.0001987           0    0.003503
       4.922    0.003368  -0.0001996           0    0.003568
       4.932    0.003434  -0.0002004           0    0.003634
       4.942      0.0035  -0.0002013           0    0.003702
       4.952    0.003568  -0.0002022           0    0.003771
       4.962    0.003638  -0.0002031           0    0.003841
       4.972    0.003708  -0.0002039           0    0.003912
       4.982     0.00378  -0.0002048           0    0.003985
       4.992    0.003853  -0.0002057           0    0.004059
       5.002    0.003928  -0.0002066           0    0.004134
       5.012    0.004004  -0.0002075           0    0.004211
       5.022    0.004081  -0.0002083           0    0.004289
       5.032     0.00416  -0.0002092           0    0.004369
       5.042     0.00424  -0.0002101           0     0.00445
       5.052    0.004322   -0.000211           0    0.004533
       5.062    0.004406  -0.0002118           0    0.004617
       5.072    0.004491  -0.0002127           0    0.004703
       5.082    0.004577  -0.0002136           0    0.004791
       5.092    0.004665  -0.0002145           0     0.00488
       5.102    0.004755  -0.0002153           0     0.00497
       5.112    0.004847  -0.0002162           0    0.005063
       5.122     0.00494  -0.0002171           0    0.005157
       5.132    0.005035   -0.000218           0    0.005253
       5.142    0.005132  -0.0002189           0    0.005351
       5.152     0.00523  -0.0002197           0     0.00545
       5.162    0.005331  -0.0002206           0    0.005551
       5.172    0.005433  -0.0002215           0    0.005655
       5.182    0.005537  -0.0002224           0     0.00576
       5.192    0.005643  -0.0002232           0    0.005867
       5.202    0.005752  -0.0002241           0    0.005976
       5.212    0.005862   -0.000225           0    0.006087
       5.222    0.005974  -0.0002259           0      0.0062
       5.232    0.006089  -0.0002267           0    0.006315
       5.242    0.006205  -0.0002276           0    0.006433
       5.252    0.006324  -0.0002285           0    0.006552
       5.262    0.006445  -0.0002294           0    0.006674
       5.272    0.006568  -0.0002303           0    0.006798
       5.282    0.006693  -0.0002311           0    0.006925
       5.292    0.006821   -0.000232           0    0.007053
       5.302    0.006952  -0.0002329           0    0.007184
       5.312    0.007084  -0.0002338           0    0.007318
       5.322    0.007219  -0.0002346           0    0.007454
       5.332    0.007357  -0.0002355           0    0.007593
       5.342    0.007497  -0.0002364           0    0.007734
       5.352     0.00764  -0.0002373           0    0.007878
       5.362    0.007786  -0.0002381           0    0.008024
       5.372    0.007934   -0.000239           0    0.008173
       5.382    0.008085  -0.0002399           0    0.008325
       5.392    0.008239  -0.0002408           0     0.00848
       5.402    0.008396  -0.0002417           0    0.008638
       5.412    0.008556  -0.0002425           0    0.008798
       5.422    0.008718  -0.0002434           0    0.008962
       5.432    0.008884  -0.0002443           0    0.009128
       5.442    0.009053  -0.0002452           0    0.009298
       5.452    0.009225   -0.000246           0    0.009471
       5.462      0.0094  -0.0002469           0    0.009647
       5.472    0.009579  -0.0002478           0    0.009826
       5.482     0.00976  -0.0002487           0     0.01001
       5.492    0.009946  -0.0002495           0      0.0102
       5.502     0.01013  -0.0002504           0     0.01038
       5.512     0.01033  -0.0002513           0     0.01058
       5.522     0.01052  -0.0002522           0     0.01077
       5.532     0.01072   -0.000253           0     0.01097
       5.542     0.01092  -0.0002539           0     0.01118
       5.552     0.01113  -0.0002548           0     0.01139
       5.562     0.01134  -0.0002557           0      0.0116
       5.572     0.01156  -0.0002566           0     0.01181
       5.582     0.01178  -0.0002574           0     0.01203
       5.592       0.012  -0.0002583           0     0.01226
       5.602     0.01223  -0.0002592           0     0.01249
       5.612     0.01246  -0.0002601           0     0.01272
       5.622     0.01269  -0.0002609           0     0.01295
       5.632     0.01293  -0.0002618           0     0.01319
       5.642     0.01318  -0.0002627           0     0.01344
       5.652     0.01343  -0.0002636           0     0.01369
       5.662     0.01368  -0.0002644           0     0.01394
       5.672     0.01394  -0.0002653           0      0.0142
       5.682      0.0142  -0.0002662           0     0.01447
       5.692     0.01447  -0.0002671           0     0.01474
       5.702     0.01474   -0.000268           0     0.01501
       5.712     0.01502  -0.0002688           0     0.01529
       5.722      0.0153  -0.0002697           0     0.01557
       5.732     0.01559  -0.0002706           0     0.01586
       5.742     0.01589  -0.0002715           0     0.01616
       5.752     0.01619  -0.0002723           0     0.01646
       5.762     0.01649  -0.0002732           0     0.01676
       5.772      0.0168  -0.0002741           0     0.01708
       5.782     0.01712   -0.000275           0     0.01739
       5.792     0.01744  -0.0002758           0     0.01772
       5.802     0.01777  -0.0002767           0     0.01805
       5.812      0.0181  -0.0002776           0     0.01838
       5.822     0.01845  -0.0002785           0     0.01872
       5.832     0.01879  -0.0002794           0     0.01907
