#      lgwW_       lgfF_      logerr         wW_         fF_        dfF_
#
       1.204       7.301       7.301          16         -99       1e+07
           2      0.1566      0.1566         100      0.4508      0.4918
       2.204      0.4707      0.4707         160      0.6503       1.153
       2.398        10.3        10.3         250         -99       1e+10
       2.544        10.3        10.3         350         -99       1e+10
       2.699        10.3        10.3         500         -99       1e+10
       2.929        10.3        10.3         850         -99       1e+10
       3.064        10.3        10.3        1160         -99       1e+10
       5.301      -2.064      -2.064       2e+05    0.003161    0.002737
