#      lgwW_       lgfF_      logerr         wW_         fF_        dfF_
#
       1.204      -1.802      -1.802          16    0.002578    0.006593
           2      0.2128      0.2128         100      0.7862      0.4231
       2.204      0.3603      0.3603         160      0.3134      0.9894
       2.398        10.3        10.3         250         -99       1e+10
       2.544        10.3        10.3         350         -99       1e+10
       2.699        10.3        10.3         500         -99       1e+10
       2.929        10.3        10.3         850         -99       1e+10
       3.064        10.3        10.3        1160         -99       1e+10
