#      lgwW_       lgfF_      logerr         wW_         fF_        dfF_
#
       1.204      -1.689      -1.689          16    0.007173    0.006634
           2     -0.0667     -0.0667         100      0.2183      0.3197
       2.204      0.1664      0.1664         160   1.642e-05      0.7335
       2.398        10.3        10.3         250         -99       1e+10
       2.544        10.3        10.3         350         -99       1e+10
       2.699        10.3        10.3         500         -99       1e+10
       2.929        10.3        10.3         850         -99       1e+10
       3.064        10.3        10.3        1160         -99       1e+10
       5.301       -2.09       -2.09       2e+05    0.002849    0.002635
