#      _xxWS        ftot       firac        fagn        fsfr
#
     -0.5257     0.07478   2.809e-05   8.431e-13     0.07475
     -0.5157     0.05909   3.281e-05   8.431e-13     0.05906
     -0.5057      0.0434   3.895e-05   8.431e-13     0.04336
     -0.4957     0.02772   4.622e-05   8.431e-13     0.02767
     -0.4857     0.01204   5.508e-05   8.431e-13     0.01198
     -0.4757   6.556e-05   6.552e-05   8.431e-13   4.472e-08
     -0.4657   7.516e-05   7.511e-05   8.431e-13   4.555e-08
     -0.4557   8.591e-05   8.586e-05   8.431e-13    4.64e-08
     -0.4457   9.383e-05   9.378e-05   8.431e-13   4.726e-08
     -0.4357   0.0001041   0.0001041   8.431e-13   4.814e-08
     -0.4257   0.0001141   0.0001141   8.431e-13   4.904e-08
     -0.4157   0.0001253   0.0001253   8.431e-13   4.995e-08
     -0.4057   0.0001348   0.0001348   8.431e-13   5.088e-08
     -0.3957     0.00015   0.0001499   8.431e-13   5.182e-08
     -0.3857   0.0001654   0.0001654   8.431e-13   5.278e-08
     -0.3757   0.0001805   0.0001804   8.431e-13   5.377e-08
     -0.3657   0.0001958   0.0001957   8.431e-13   5.477e-08
     -0.3557     0.00021     0.00021   8.431e-13   5.578e-08
     -0.3457   0.0002235   0.0002235   8.431e-13   5.682e-08
     -0.3357   0.0002375   0.0002375   8.431e-13   5.788e-08
     -0.3257   0.0002524   0.0002524   8.431e-13   5.895e-08
     -0.3157   0.0002706   0.0002705   8.431e-13   6.005e-08
     -0.3057   0.0002869   0.0002869   8.431e-13   6.117e-08
     -0.2957   0.0003055   0.0003055   8.431e-13    6.23e-08
     -0.2857   0.0003281    0.000328   8.431e-13   6.346e-08
     -0.2757   0.0003561    0.000356   8.431e-13   6.464e-08
     -0.2657   0.0003795   0.0003794   8.431e-13   6.584e-08
     -0.2557    0.000405   0.0004049   8.431e-13   6.707e-08
     -0.2457   0.0004291    0.000429   8.431e-13   6.831e-08
     -0.2357   0.0004528   0.0004527   8.431e-13   6.958e-08
     -0.2257   0.0004749   0.0004748   8.431e-13   7.088e-08
     -0.2157   0.0004979   0.0004978   8.431e-13    7.22e-08
     -0.2057   0.0005221    0.000522   8.431e-13   7.354e-08
     -0.1957   0.0005463   0.0005462   8.431e-13    7.49e-08
     -0.1857   0.0005717   0.0005716   8.431e-13    7.63e-08
     -0.1757   0.0005985   0.0005985   8.431e-13   7.772e-08
     -0.1657   0.0006252   0.0006251   8.431e-13   7.916e-08
     -0.1557   0.0006487   0.0006486   8.431e-13   8.063e-08
     -0.1457   0.0006744   0.0006743   8.431e-13   8.213e-08
     -0.1357   0.0007018   0.0007017   8.431e-13   8.366e-08
     -0.1257   0.0007288   0.0007287   8.431e-13   8.521e-08
     -0.1157   0.0007566   0.0007565   8.431e-13    8.68e-08
     -0.1057   0.0007866   0.0007865   8.431e-13   8.841e-08
    -0.09572   0.0008217   0.0008216   8.431e-13   9.006e-08
    -0.08572   0.0008558   0.0008557   8.431e-13   9.173e-08
    -0.07572   0.0008906   0.0008905   8.431e-13   9.343e-08
    -0.06572   0.0009285   0.0009284   8.431e-13   9.517e-08
    -0.05572   0.0009639   0.0009638   8.431e-13   9.694e-08
    -0.04572    0.001001    0.001001   8.431e-13   9.874e-08
    -0.03572    0.001037    0.001037   8.431e-13   1.006e-07
    -0.02572    0.001079    0.001078   8.431e-13   1.024e-07
    -0.01572    0.001155    0.001155   8.431e-13   1.044e-07
   -0.005716    0.001214    0.001214   8.431e-13   1.063e-07
    0.004284     0.00129     0.00129   8.431e-13   1.083e-07
     0.01428    0.001401    0.001401   8.431e-13   1.103e-07
     0.02428    0.001523    0.001523   8.431e-13   1.123e-07
     0.03428    0.001647    0.001647   8.431e-13   1.144e-07
     0.04428     0.00177     0.00177   8.431e-13   1.165e-07
     0.05428     0.00191     0.00191   8.431e-13   1.187e-07
     0.06428    0.002066    0.002066   8.431e-13   1.209e-07
     0.07428    0.002225    0.002225   8.431e-13   1.232e-07
     0.08428    0.002388    0.002388   8.431e-13   1.255e-07
     0.09428    0.002557    0.002557   8.431e-13   1.278e-07
      0.1043    0.002716    0.002716   8.431e-13   1.302e-07
      0.1143    0.002828    0.002828   8.431e-13   1.326e-07
      0.1243    0.002978    0.002978   8.431e-13   1.351e-07
      0.1343    0.003112    0.003112   8.431e-13   1.376e-07
      0.1443    0.003199    0.003199   8.431e-13   1.401e-07
      0.1543    0.003281    0.003281   8.431e-13   1.427e-07
      0.1643    0.003371    0.003371   8.431e-13   1.454e-07
      0.1743    0.003464    0.003464   8.431e-13   1.481e-07
      0.1843    0.003551    0.003551   8.431e-13   1.508e-07
      0.1943    0.003619    0.003619   8.431e-13   1.536e-07
      0.2043    0.003694    0.003694   8.431e-13   1.565e-07
      0.2143    0.003775    0.003775   8.431e-13   1.594e-07
      0.2243    0.003862    0.003862   8.431e-13   1.624e-07
      0.2343    0.003965    0.003965   8.431e-13   1.654e-07
      0.2443    0.004068    0.004068   8.431e-13   1.685e-07
      0.2543    0.004159    0.004159   8.431e-13   1.716e-07
      0.2643     0.00425     0.00425   8.431e-13   1.748e-07
      0.2743    0.004353    0.004353   8.431e-13    1.78e-07
      0.2843    0.004463    0.004463   8.431e-13   1.813e-07
      0.2943    0.004563    0.004563   8.431e-13   1.847e-07
      0.3043    0.004667    0.004667   8.431e-13   1.882e-07
      0.3143    0.004768    0.004767   8.431e-13   1.917e-07
      0.3243    0.004878    0.004878   8.431e-13   1.952e-07
      0.3343    0.004973    0.004973   8.431e-13   1.988e-07
      0.3443    0.005107    0.005107   8.431e-13   2.025e-07
      0.3543    0.005241    0.005241   8.431e-13   2.063e-07
      0.3643    0.005385    0.005385   8.431e-13   2.101e-07
      0.3743     0.00552     0.00552   8.431e-13    2.14e-07
      0.3843    0.005632    0.005632   8.431e-13    2.18e-07
      0.3943    0.005781    0.005781   8.431e-13   2.221e-07
      0.4043     0.00593    0.005929   8.431e-13   2.262e-07
      0.4143    0.006062    0.006062   8.431e-13   2.304e-07
      0.4243    0.006204    0.006204   8.431e-13   2.347e-07
      0.4343    0.006355    0.006355   8.431e-13   2.391e-07
      0.4443    0.006466    0.006465   8.431e-13   2.435e-07
      0.4543    0.006615      0.0066   8.431e-13   1.564e-05
      0.4643    0.006782    0.006741   8.431e-13   4.078e-05
      0.4743    0.006895    0.006831   8.431e-13   6.396e-05
      0.4843    0.007006    0.006919   8.431e-13   8.648e-05
      0.4943    0.007105    0.006995   8.431e-13   0.0001098
      0.5043     0.00721    0.007076   8.431e-13   0.0001339
      0.5143    0.007348    0.007193   8.431e-13   0.0001553
      0.5243    0.007444    0.007272   8.431e-13   0.0001716
      0.5343     0.00754    0.007357   8.431e-13   0.0001831
      0.5443    0.007637    0.007447   8.431e-13   0.0001892
      0.5543    0.007688    0.007502   8.431e-13   0.0001863
      0.5643    0.007755    0.007569   8.431e-13   0.0001862
      0.5743    0.007861     0.00767   8.431e-13   0.0001912
      0.5843    0.007954    0.007756   8.431e-13    0.000198
      0.5943    0.008078    0.007873   8.431e-13   0.0002054
      0.6043    0.008181    0.007969   8.431e-13   0.0002123
      0.6143    0.008292    0.008074   8.431e-13   0.0002174
      0.6243    0.008411    0.008192   8.431e-13   0.0002194
      0.6343    0.008555    0.008336   8.431e-13   0.0002184
      0.6443    0.008686    0.008468   8.431e-13   0.0002176
      0.6543    0.008799     0.00858   8.431e-13   0.0002195
      0.6643    0.008858    0.008635   8.431e-13   0.0002234
      0.6743    0.008905    0.008677   8.431e-13   0.0002281
      0.6843    0.009008    0.008775   8.431e-13   0.0002332
      0.6943    0.009038    0.008798   8.431e-13   0.0002402
      0.7043    0.009076    0.008826   8.431e-13   0.0002495
      0.7143    0.009072    0.008811   8.431e-13   0.0002607
      0.7243    0.009044    0.008771   8.431e-13   0.0002733
      0.7343    0.009004    0.008717   8.431e-13   0.0002871
      0.7443    0.008915    0.008613   8.431e-13   0.0003019
      0.7543    0.008806    0.008488   8.431e-13   0.0003177
      0.7643    0.008602    0.008267   8.431e-13   0.0003346
      0.7743    0.008421    0.008068   8.431e-13   0.0003525
      0.7843    0.008239    0.007867   8.431e-13   0.0003718
      0.7943    0.008005    0.007612   8.431e-13   0.0003928
      0.8043    0.007734    0.007318   8.431e-13   0.0004162
      0.8143    0.007468    0.007026   8.431e-13    0.000442
      0.8243     0.00729    0.006822   8.431e-13   0.0004684
      0.8343    0.007087    0.006593   8.431e-13   0.0004948
      0.8443    0.006941    0.006419   8.431e-13    0.000522
      0.8543    0.006783    0.006232   8.431e-13   0.0005506
      0.8643    0.007674    0.006042    0.001051   0.0005816
      0.8743    0.007511    0.005833    0.001062   0.0006163
      0.8843    0.007342    0.005608    0.001075   0.0006579
      0.8943    0.007244    0.005437    0.001093   0.0007141
      0.9043    0.007173    0.005245    0.001115   0.0008142
      0.9143    0.007316    0.005051    0.001142    0.001123
      0.9243     0.01039    0.004949    0.001176    0.004264
      0.9343     0.01068    0.004906    0.001217    0.004553
      0.9443     0.01077    0.004844    0.001266    0.004655
      0.9543     0.01078    0.004727    0.001325    0.004725
      0.9643     0.01079    0.004608    0.001394    0.004783
      0.9743     0.01075    0.004436    0.001475    0.004837
      0.9843      0.0107    0.004248    0.001567    0.004889
      0.9943      0.0107    0.004083    0.001673    0.004941
       1.004     0.01075    0.003968    0.001792    0.004991
       1.014     0.01084    0.003876    0.001927     0.00504
       1.024     0.01095    0.003792    0.002078    0.005078
       1.034     0.01105    0.003721    0.002245     0.00508
       1.044     0.01093    0.003619    0.002431    0.004881
       1.054    0.008001    0.003507    0.002635    0.001859
       1.064    0.007923    0.003365    0.002859    0.001699
       1.074     0.00805    0.003206    0.003102    0.001741
       1.084    0.008267    0.003068    0.003366    0.001833
       1.094    0.008544    0.002936    0.003649    0.001959
       1.104    0.008898    0.002822     0.00395    0.002126
       1.114    0.009363    0.002723    0.004267    0.002373
       1.124     0.01008    0.002628    0.004598    0.002854
       1.134     0.01073     0.00253     0.00494    0.003258
       1.144      0.0114    0.002429    0.005289    0.003683
       1.154     0.01239    0.002326    0.005642    0.004424
       1.164      0.0136    0.002212    0.005993    0.005396
       1.174     0.01478    0.002134    0.006338    0.006308
       1.184      0.0167    0.002064    0.006671    0.007961
       1.194     0.02274    0.002008    0.006999     0.01373
       1.204     0.02754     0.00195    0.007317     0.01827
       1.214     0.02993    0.001889    0.007629     0.02041
       1.224     0.03228     0.00183    0.007931     0.02252
       1.234     0.03479    0.001774    0.008224     0.02479
       1.244     0.03725    0.001717    0.008512     0.02702
       1.254     0.04001    0.001661    0.008799     0.02955
       1.264     0.04409    0.001607    0.009079      0.0334
       1.274     0.05068    0.001551    0.009361     0.03976
       1.284      0.0618    0.001495    0.009645     0.05066
       1.294     0.07289    0.001442    0.009936     0.06151
       1.304     0.08196    0.001387     0.01023     0.07034
       1.314     0.08648    0.001334     0.01054      0.0746
       1.324     0.08589    0.001282     0.01086     0.07375
       1.334     0.08747    0.001234      0.0112     0.07504
       1.344       0.091     0.00119     0.01154     0.07827
       1.354     0.09235     0.00115     0.01191     0.07929
       1.364     0.09289     0.00111      0.0123     0.07948
       1.374     0.09322    0.001074     0.01271     0.07943
       1.384       0.093     0.00104     0.01316      0.0788
       1.394     0.09162    0.001006     0.01367     0.07695
       1.404     0.08783   0.0009734     0.01421     0.07264
       1.414      0.0794   0.0009402     0.01481     0.06365
       1.424     0.07109   0.0009058     0.01545     0.05473
       1.434     0.06544   0.0008711     0.01615     0.04843
       1.444     0.06511   0.0008362     0.01684     0.04744
       1.454     0.07618   0.0008018     0.01756     0.05781
       1.464     0.08057   0.0007668     0.01828     0.06153
       1.474     0.08259   0.0007312     0.01899     0.06287
       1.484     0.08797   0.0006936     0.01971     0.06757
       1.494     0.09352   0.0006574     0.02043     0.07243
       1.504      0.1019   0.0006202     0.02114     0.08018
       1.514      0.1077   0.0005829     0.02186     0.08526
       1.524      0.1121   0.0005457     0.02259     0.08899
       1.534       0.117   0.0005095     0.02333     0.09315
       1.544      0.1207   0.0004758      0.0241     0.09618
       1.554      0.1244   0.0004444     0.02489     0.09907
       1.564      0.1272   0.0004154     0.02572      0.1011
       1.574      0.1288   0.0003885     0.02666      0.1017
       1.584      0.1203   0.0003637     0.02766     0.09224
       1.594       0.118   0.0003409     0.02873      0.0889
       1.604      0.1192   0.0003199     0.02989     0.08899
       1.614      0.1203   0.0003007     0.03116     0.08886
       1.624      0.1236   0.0002831     0.03251     0.09077
       1.634      0.1249   0.0002671     0.03393     0.09071
       1.644      0.1296   0.0002526     0.03542     0.09391
       1.654      0.1349   0.0002393     0.03692     0.09771
       1.664      0.1395   0.0002274     0.03842      0.1009
       1.674      0.1454   0.0002165      0.0399      0.1053
       1.684      0.1517   0.0002067     0.04138      0.1101
       1.694      0.1584   0.0001978      0.0428      0.1154
       1.704      0.1652   0.0001897     0.04414      0.1208
       1.714       0.172   0.0001823     0.04538      0.1264
       1.724      0.1787   0.0001755     0.04655       0.132
       1.734      0.1852   0.0001692     0.04761      0.1375
       1.744      0.1913   0.0001633     0.04852      0.1426
       1.754      0.1962   0.0001578     0.04931      0.1468
       1.764      0.2011   0.0001525     0.04997      0.1509
       1.774       0.206   0.0001475      0.0505      0.1554
       1.784      0.2125   0.0001426     0.05091      0.1615
       1.794      0.2201   0.0001379     0.05123      0.1688
       1.804      0.2285   0.0001332     0.05147      0.1769
       1.814      0.2376   0.0001287     0.05162      0.1859
       1.824      0.2482   0.0001242      0.0517      0.1964
       1.834      0.2601   0.0001197     0.05175      0.2083
       1.844      0.2737   0.0001153     0.05178      0.2218
       1.854       0.289    0.000111     0.05179      0.2371
       1.864      0.3063   0.0001067      0.0518      0.2543
       1.874      0.3256   0.0001025     0.05182      0.2737
       1.884      0.3473   9.838e-05     0.05185      0.2954
       1.894      0.3714   9.433e-05     0.05189      0.3194
       1.904      0.3979   9.035e-05     0.05194      0.3458
       1.914      0.4267   8.645e-05     0.05199      0.3747
       1.924      0.4579   8.264e-05     0.05205      0.4058
       1.934      0.4913   7.893e-05      0.0521      0.4391
       1.944      0.5266    7.53e-05     0.05213      0.4744
       1.954      0.5636   7.177e-05     0.05214      0.5114
       1.964       0.602   6.835e-05     0.05212      0.5498
       1.974      0.6415   6.503e-05     0.05205      0.5894
       1.984      0.6819   6.182e-05     0.05193      0.6299
       1.994      0.7228   5.873e-05     0.05176       0.671
       2.004       0.764   5.575e-05     0.05152      0.7124
       2.014      0.8052   5.289e-05     0.05123      0.7539
       2.024      0.8463   5.016e-05     0.05087      0.7954
       2.034      0.8872   4.756e-05     0.05045      0.8367
       2.044      0.9279   4.508e-05     0.04997      0.8779
       2.054      0.9683   4.273e-05     0.04942      0.9189
       2.064       1.009   4.051e-05     0.04882      0.9598
       2.074       1.049   3.841e-05     0.04816       1.001
       2.084       1.089   3.644e-05     0.04744       1.042
       2.094        1.13    3.46e-05     0.04668       1.083
       2.104       1.171   3.287e-05     0.04587       1.125
       2.114       1.212   3.125e-05     0.04504       1.167
       2.124       1.254   2.974e-05     0.04416        1.21
       2.134       1.297   2.834e-05     0.04325       1.254
       2.144        1.34   2.703e-05      0.0423       1.298
       2.154       1.384    2.58e-05     0.04133       1.343
       2.164       1.428   2.466e-05     0.04035       1.388
       2.174       1.473   2.358e-05     0.03935       1.433
       2.184       1.517   2.257e-05     0.03833       1.479
       2.194       1.562   2.162e-05      0.0373       1.525
       2.204       1.606   2.072e-05     0.03626        1.57
       2.214        1.65   1.986e-05     0.03522       1.615
       2.224       1.694   1.905e-05     0.03417        1.66
       2.234       1.736   1.826e-05     0.03312       1.703
       2.244       1.777   1.751e-05     0.03207       1.745
       2.254       1.817   1.678e-05     0.03102       1.786
       2.264       1.855   1.608e-05     0.02998       1.825
       2.274       1.891    1.54e-05     0.02894       1.862
       2.284       1.925   1.473e-05     0.02792       1.897
       2.294       1.956   1.409e-05      0.0269       1.929
       2.304       1.985   1.347e-05      0.0259       1.959
       2.314       2.011   1.287e-05     0.02491       1.986
       2.324       2.033   1.229e-05     0.02394        2.01
       2.334       2.053   1.173e-05     0.02298        2.03
       2.344       2.069   1.119e-05     0.02205       2.047
       2.354       2.082   1.067e-05     0.02113       2.061
       2.364       2.091   1.018e-05     0.02022       2.071
       2.374       2.097   9.711e-06     0.01935       2.077
       2.384       2.099   9.263e-06     0.01849        2.08
       2.394       2.097   8.838e-06     0.01766       2.079
       2.404       2.092   8.433e-06     0.01686       2.075
       2.414       2.084   8.049e-06     0.01608       2.067
       2.424       2.072   7.684e-06     0.01532       2.056
       2.434       2.056   7.337e-06     0.01459       2.042
       2.444       2.038   7.007e-06     0.01387       2.024
       2.454       2.017   6.692e-06     0.01319       2.004
       2.464       1.993   6.392e-06     0.01253        1.98
       2.474       1.967   6.106e-06      0.0119       1.955
       2.484       1.938   5.832e-06     0.01128       1.927
       2.494       1.908   5.571e-06      0.0107       1.897
       2.504       1.876    5.32e-06     0.01014       1.866
       2.514       1.844   5.081e-06    0.009599       1.834
       2.524        1.81   4.851e-06    0.009082       1.801
       2.534       1.776   4.632e-06    0.008589       1.767
       2.544        1.74   4.422e-06    0.008116       1.732
       2.554       1.704   4.222e-06    0.007665       1.696
       2.564       1.665   4.031e-06    0.007238       1.657
       2.574       1.623   3.849e-06    0.006831       1.616
       2.584        1.58   3.675e-06    0.006439       1.573
       2.594       1.535   3.509e-06     0.00607       1.528
       2.604       1.488   3.351e-06    0.005715       1.482
       2.614       1.439   3.199e-06    0.005381       1.434
       2.624        1.39   3.053e-06     0.00506       1.385
       2.634       1.339   2.911e-06    0.004757       1.334
       2.644       1.287   2.775e-06    0.004475       1.282
       2.654       1.234   2.642e-06    0.004203       1.229
       2.664        1.18   2.512e-06    0.003945       1.176
       2.674       1.126   2.385e-06    0.003699       1.122
       2.684       1.072   2.259e-06    0.003471       1.069
       2.694        1.02   2.135e-06    0.003255       1.017
       2.704      0.9703   2.012e-06    0.003051      0.9672
       2.714      0.9223   1.889e-06    0.002858      0.9194
       2.724      0.8762   1.766e-06    0.002678      0.8735
       2.734       0.832   1.643e-06    0.002508      0.8295
       2.744      0.7895    1.52e-06     0.00235      0.7871
       2.754      0.7485   1.398e-06    0.002198      0.7463
       2.764      0.7092   1.275e-06    0.002057      0.7072
       2.774      0.6714   1.152e-06    0.001923      0.6695
       2.784      0.6351   1.029e-06    0.001798      0.6333
       2.794      0.6002   9.061e-07     0.00168      0.5986
       2.804      0.5667   7.832e-07    0.001569      0.5651
       2.814      0.5346   6.603e-07    0.001465      0.5331
       2.824      0.5036   5.374e-07    0.001368      0.5022
       2.834      0.4739   4.144e-07    0.001277      0.4727
       2.844      0.4455   2.915e-07    0.001192      0.4443
       2.854      0.4184   1.685e-07    0.001112      0.4173
       2.864      0.3925   4.557e-08    0.001038      0.3914
       2.874      0.3678  -7.741e-08   0.0009688      0.3668
       2.884      0.3443  -2.004e-07   0.0009046      0.3434
       2.894      0.3219  -3.234e-07   0.0008445      0.3211
       2.904      0.3007  -4.464e-07   0.0007878      0.2999
       2.914      0.2806  -5.694e-07   0.0007352      0.2798
       2.924      0.2616  -6.925e-07   0.0006866      0.2609
       2.934      0.2437  -8.155e-07   0.0006402       0.243
       2.944      0.2269  -9.386e-07   0.0005976      0.2263
       2.954      0.2112  -1.062e-06   0.0005578      0.2107
       2.964      0.1966  -1.185e-06   0.0005202       0.196
       2.974      0.1829  -1.308e-06   0.0004858      0.1824
       2.984      0.1701  -1.431e-06   0.0004533      0.1697
       2.994      0.1582  -1.554e-06   0.0004229      0.1578
       3.004       0.147  -1.677e-06   0.0003948      0.1466
       3.014      0.1366    -1.8e-06   0.0003686      0.1363
       3.024       0.127  -1.923e-06   0.0003438      0.1266
       3.034      0.1179  -2.046e-06    0.000321      0.1176
       3.044      0.1095  -2.169e-06   0.0002996      0.1092
       3.054      0.1017  -2.293e-06   0.0002796      0.1015
       3.064     0.09445  -2.416e-06   0.0002609      0.0942
       3.074     0.08769  -2.539e-06   0.0002435     0.08745
       3.084      0.0814  -2.662e-06   0.0002272     0.08117
       3.094     0.07554  -2.785e-06    0.000212     0.07534
       3.104     0.07011  -2.908e-06   0.0001977     0.06991
       3.114     0.06506  -3.031e-06   0.0001846     0.06488
       3.124     0.06037  -3.155e-06   0.0001724      0.0602
       3.134     0.05601  -3.278e-06   0.0001608     0.05585
       3.144     0.05196  -3.401e-06   0.0001501     0.05182
       3.154     0.04821  -3.524e-06     0.00014     0.04807
       3.164     0.04472  -3.647e-06   0.0001307      0.0446
       3.174     0.04149  -3.771e-06   0.0001219     0.04137
       3.184     0.03849  -3.894e-06   0.0001137     0.03838
       3.194      0.0357  -4.017e-06   0.0001062      0.0356
       3.204     0.03312   -4.14e-06   9.907e-05     0.03302
       3.214     0.03072  -4.263e-06   9.249e-05     0.03063
       3.224      0.0285  -4.386e-06   8.628e-05     0.02842
       3.234     0.02644   -4.51e-06   8.053e-05     0.02636
       3.244     0.02453  -4.633e-06   7.513e-05     0.02446
       3.254     0.02276  -4.756e-06   7.012e-05     0.02269
       3.264     0.02111  -4.879e-06   6.545e-05     0.02105
       3.274     0.01959  -5.003e-06   6.108e-05     0.01954
       3.284     0.01818  -5.126e-06   5.704e-05     0.01813
       3.294     0.01687  -5.249e-06   5.324e-05     0.01682
       3.304     0.01566  -5.372e-06    4.97e-05     0.01562
       3.314     0.01453  -5.495e-06   4.637e-05     0.01449
       3.324     0.01349  -5.619e-06   4.325e-05     0.01345
       3.334     0.01253  -5.742e-06   4.038e-05     0.01249
       3.344     0.01163  -5.865e-06   3.769e-05      0.0116
       3.354      0.0108  -5.988e-06   3.517e-05     0.01077
       3.364     0.01003  -6.112e-06   3.282e-05    0.009999
       3.374     0.00931  -6.235e-06   3.063e-05    0.009285
       3.384    0.008646  -6.358e-06   2.858e-05    0.008624
       3.394     0.00803  -6.481e-06   2.668e-05    0.008009
       3.404    0.007458  -6.604e-06   2.488e-05     0.00744
       3.414    0.006928  -6.728e-06    2.32e-05    0.006911
       3.424    0.006436  -6.851e-06   2.166e-05    0.006421
       3.434     0.00598  -6.974e-06   2.022e-05    0.005967
       3.444    0.005557  -7.097e-06   1.887e-05    0.005545
       3.454    0.005165  -7.221e-06   1.758e-05    0.005154
       3.464    0.004785  -7.344e-06   8.431e-13    0.004792
       3.474    0.004449  -7.467e-06   8.431e-13    0.004457
       3.484    0.004139   -7.59e-06   8.431e-13    0.004146
       3.494    0.003852  -7.714e-06   8.431e-13     0.00386
       3.504    0.003586  -7.837e-06   8.431e-13    0.003594
       3.514     0.00334   -7.96e-06   8.431e-13    0.003348
       3.524    0.003113  -8.083e-06   8.431e-13    0.003121
       3.534    0.002903  -8.207e-06   8.431e-13    0.002911
       3.544    0.002708   -8.33e-06   8.431e-13    0.002716
       3.554    0.002529  -8.453e-06   8.431e-13    0.002537
       3.564    0.002363  -8.576e-06   8.431e-13    0.002371
       3.574     0.00221    -8.7e-06   8.431e-13    0.002219
       3.584    0.002069  -8.823e-06   8.431e-13    0.002078
       3.594    0.001939  -8.946e-06   8.431e-13    0.001948
       3.604    0.001819  -9.069e-06   8.431e-13    0.001828
       3.614    0.001708  -9.193e-06   8.431e-13    0.001717
       3.624    0.001606  -9.316e-06   8.431e-13    0.001615
       3.634    0.001512  -9.439e-06   8.431e-13    0.001521
       3.644    0.001425  -9.562e-06   8.431e-13    0.001435
       3.654    0.001346  -9.686e-06   8.431e-13    0.001355
       3.664    0.001273  -9.809e-06   8.431e-13    0.001282
       3.674    0.001206  -9.932e-06   8.431e-13    0.001216
       3.684    0.001144  -1.006e-05   8.431e-13    0.001154
       3.694    0.001088  -1.018e-05   8.431e-13    0.001098
       3.704    0.001036   -1.03e-05   8.431e-13    0.001046
       3.714   0.0009884  -1.043e-05   8.431e-13   0.0009989
       3.724   0.0009451  -1.055e-05   8.431e-13   0.0009557
       3.734   0.0009056  -1.067e-05   8.431e-13   0.0009163
       3.744   0.0008697  -1.079e-05   8.431e-13   0.0008805
       3.754    0.000837  -1.092e-05   8.431e-13   0.0008479
       3.764   0.0008074  -1.104e-05   8.431e-13   0.0008184
       3.774   0.0007805  -1.116e-05   8.431e-13   0.0007917
       3.784   0.0007563  -1.129e-05   8.431e-13   0.0007676
       3.794   0.0007345  -1.141e-05   8.431e-13   0.0007459
       3.804   0.0007149  -1.153e-05   8.431e-13   0.0007265
       3.814   0.0006975  -1.166e-05   8.431e-13   0.0007092
       3.824    0.000682  -1.178e-05   8.431e-13   0.0006938
       3.834   0.0006684   -1.19e-05   8.431e-13   0.0006803
       3.844   0.0006564  -1.203e-05   8.431e-13   0.0006685
       3.854   0.0006461  -1.215e-05   8.431e-13   0.0006582
       3.864   0.0006372  -1.227e-05   8.431e-13   0.0006495
       3.874   0.0006297   -1.24e-05   8.431e-13   0.0006421
       3.884   0.0006235  -1.252e-05   8.431e-13    0.000636
       3.894   0.0006184  -1.264e-05   8.431e-13   0.0006311
       3.904   0.0006146  -1.277e-05   8.431e-13   0.0006273
       3.914   0.0006117  -1.289e-05   8.431e-13   0.0006246
       3.924   0.0006099  -1.301e-05   8.431e-13   0.0006229
       3.934    0.000609  -1.314e-05   8.431e-13   0.0006222
       3.944    0.000609  -1.326e-05   8.431e-13   0.0006223
       3.954   0.0006098  -1.338e-05   8.431e-13   0.0006232
       3.964   0.0006115  -1.351e-05   8.431e-13    0.000625
       3.974   0.0006138  -1.363e-05   8.431e-13   0.0006274
       3.984   0.0006169  -1.375e-05   8.431e-13   0.0006306
       3.994   0.0006206  -1.388e-05   8.431e-13   0.0006345
       4.004    0.000625    -1.4e-05   8.431e-13    0.000639
       4.014   0.0006299  -1.412e-05   8.431e-13    0.000644
       4.024   0.0006355  -1.425e-05   8.431e-13   0.0006497
       4.034   0.0006416  -1.437e-05   8.431e-13   0.0006559
       4.044   0.0006482  -1.449e-05   8.431e-13   0.0006627
       4.054   0.0006554  -1.462e-05   8.431e-13     0.00067
       4.064    0.000663  -1.474e-05   8.431e-13   0.0006777
       4.074   0.0006711  -1.486e-05   8.431e-13    0.000686
       4.084   0.0006797  -1.499e-05   8.431e-13   0.0006947
       4.094   0.0006887  -1.511e-05   8.431e-13   0.0007038
       4.104   0.0006982  -1.523e-05   8.431e-13   0.0007134
       4.114   0.0007081  -1.536e-05   8.431e-13   0.0007234
       4.124   0.0007184  -1.548e-05   8.431e-13   0.0007338
       4.134   0.0007291   -1.56e-05   8.431e-13   0.0007447
       4.144   0.0007402  -1.572e-05   8.431e-13   0.0007559
       4.154   0.0007517  -1.585e-05   8.431e-13   0.0007675
       4.164   0.0007635  -1.597e-05   8.431e-13   0.0007795
       4.174   0.0007758  -1.609e-05   8.431e-13   0.0007919
       4.184   0.0007884  -1.622e-05   8.431e-13   0.0008047
       4.194   0.0008014  -1.634e-05   8.431e-13   0.0008178
       4.204   0.0008148  -1.646e-05   8.431e-13   0.0008313
       4.214   0.0008286  -1.659e-05   8.431e-13   0.0008452
       4.224   0.0008427  -1.671e-05   8.431e-13   0.0008594
       4.234   0.0008572  -1.683e-05   8.431e-13    0.000874
       4.244    0.000872  -1.696e-05   8.431e-13    0.000889
       4.254   0.0008872  -1.708e-05   8.431e-13   0.0009043
       4.264   0.0009028   -1.72e-05   8.431e-13     0.00092
       4.274   0.0009187  -1.733e-05   8.431e-13   0.0009361
       4.284    0.000935  -1.745e-05   8.431e-13   0.0009525
       4.294   0.0009517  -1.757e-05   8.431e-13   0.0009693
       4.304   0.0009688   -1.77e-05   8.431e-13   0.0009865
       4.314   0.0009862  -1.782e-05   8.431e-13    0.001004
       4.324    0.001004  -1.794e-05   8.431e-13    0.001022
       4.334    0.001022  -1.807e-05   8.431e-13     0.00104
       4.344    0.001041  -1.819e-05   8.431e-13    0.001059
       4.354     0.00106  -1.831e-05   8.431e-13    0.001078
       4.364    0.001079  -1.844e-05   8.431e-13    0.001098
       4.374    0.001099  -1.856e-05   8.431e-13    0.001117
       4.384    0.001119  -1.868e-05   8.431e-13    0.001138
       4.394     0.00114  -1.881e-05   8.431e-13    0.001158
       4.404    0.001161  -1.893e-05   8.431e-13     0.00118
       4.414    0.001182  -1.905e-05   8.431e-13    0.001201
       4.424    0.001204  -1.918e-05   8.431e-13    0.001223
       4.434    0.001226   -1.93e-05   8.431e-13    0.001245
       4.444    0.001249  -1.942e-05   8.431e-13    0.001268
       4.454    0.001272  -1.955e-05   8.431e-13    0.001292
       4.464    0.001296  -1.967e-05   8.431e-13    0.001315
       4.474     0.00132  -1.979e-05   8.431e-13    0.001339
       4.484    0.001344  -1.992e-05   8.431e-13    0.001364
       4.494    0.001369  -2.004e-05   8.431e-13    0.001389
       4.504    0.001395  -2.016e-05   8.431e-13    0.001415
       4.514    0.001421  -2.028e-05   8.431e-13    0.001441
       4.524    0.001447  -2.041e-05   8.431e-13    0.001468
       4.534    0.001474  -2.053e-05   8.431e-13    0.001495
       4.544    0.001502  -2.065e-05   8.431e-13    0.001522
       4.554     0.00153  -2.078e-05   8.431e-13     0.00155
       4.564    0.001558   -2.09e-05   8.431e-13    0.001579
       4.574    0.001587  -2.102e-05   8.431e-13    0.001608
       4.584    0.001617  -2.115e-05   8.431e-13    0.001638
       4.594    0.001647  -2.127e-05   8.431e-13    0.001668
       4.604    0.001678  -2.139e-05   8.431e-13    0.001699
       4.614    0.001709  -2.152e-05   8.431e-13    0.001731
       4.624    0.001741  -2.164e-05   8.431e-13    0.001763
       4.634    0.001774  -2.176e-05   8.431e-13    0.001796
       4.644    0.001807  -2.189e-05   8.431e-13    0.001829
       4.654    0.001841  -2.201e-05   8.431e-13    0.001863
       4.664    0.001875  -2.213e-05   8.431e-13    0.001897
       4.674     0.00191  -2.226e-05   8.431e-13    0.001933
       4.684    0.001946  -2.238e-05   8.431e-13    0.001969
       4.694    0.001983   -2.25e-05   8.431e-13    0.002005
       4.704     0.00202  -2.263e-05   8.431e-13    0.002042
       4.714    0.002057  -2.275e-05   8.431e-13     0.00208
       4.724    0.002096  -2.287e-05   8.431e-13    0.002119
       4.734    0.002135    -2.3e-05   8.431e-13    0.002158
       4.744    0.002175  -2.312e-05   8.431e-13    0.002198
       4.754    0.002216  -2.324e-05   8.431e-13    0.002239
       4.764    0.002257  -2.337e-05   8.431e-13    0.002281
       4.774      0.0023  -2.349e-05   8.431e-13    0.002323
       4.784    0.002343  -2.361e-05   8.431e-13    0.002366
       4.794    0.002386  -2.374e-05   8.431e-13     0.00241
       4.804    0.002431  -2.386e-05   8.431e-13    0.002455
       4.814    0.002477  -2.398e-05   8.431e-13    0.002501
       4.824    0.002523   -2.41e-05   8.431e-13    0.002547
       4.834     0.00257  -2.423e-05   8.431e-13    0.002594
       4.844    0.002618  -2.435e-05   8.431e-13    0.002643
       4.854    0.002667  -2.447e-05   8.431e-13    0.002692
       4.864    0.002717   -2.46e-05   8.431e-13    0.002742
       4.874    0.002768  -2.472e-05   8.431e-13    0.002793
       4.884     0.00282  -2.484e-05   8.431e-13    0.002845
       4.894    0.002872  -2.497e-05   8.431e-13    0.002897
       4.904    0.002926  -2.509e-05   8.431e-13    0.002951
       4.914    0.002981  -2.521e-05   8.431e-13    0.003006
       4.924    0.003037  -2.534e-05   8.431e-13    0.003062
       4.934    0.003093  -2.546e-05   8.431e-13    0.003119
       4.944    0.003151  -2.558e-05   8.431e-13    0.003177
       4.954     0.00321  -2.571e-05   8.431e-13    0.003236
       4.964     0.00327  -2.583e-05   8.431e-13    0.003296
       4.974    0.003331  -2.595e-05   8.431e-13    0.003357
       4.984    0.003394  -2.608e-05   8.431e-13     0.00342
       4.994    0.003457   -2.62e-05   8.431e-13    0.003483
       5.004    0.003522  -2.632e-05   8.431e-13    0.003548
       5.014    0.003588  -2.645e-05   8.431e-13    0.003614
       5.024    0.003655  -2.657e-05   8.431e-13    0.003681
       5.034    0.003723  -2.669e-05   8.431e-13     0.00375
       5.044    0.003793  -2.682e-05   8.431e-13    0.003819
       5.054    0.003863  -2.694e-05   8.431e-13     0.00389
       5.064    0.003936  -2.706e-05   8.431e-13    0.003963
       5.074    0.004009  -2.719e-05   8.431e-13    0.004036
       5.084    0.004084  -2.731e-05   8.431e-13    0.004111
       5.094     0.00416  -2.743e-05   8.431e-13    0.004188
       5.104    0.004238  -2.756e-05   8.431e-13    0.004266
       5.114    0.004317  -2.768e-05   8.431e-13    0.004345
       5.124    0.004398   -2.78e-05   8.431e-13    0.004426
       5.134     0.00448  -2.793e-05   8.431e-13    0.004508
       5.144    0.004564  -2.805e-05   8.431e-13    0.004592
       5.154    0.004649  -2.817e-05   8.431e-13    0.004677
       5.164    0.004736  -2.829e-05   8.431e-13    0.004764
       5.174    0.004824  -2.842e-05   8.431e-13    0.004853
       5.184    0.004914  -2.854e-05   8.431e-13    0.004943
       5.194    0.005006  -2.866e-05   8.431e-13    0.005035
       5.204      0.0051  -2.879e-05   8.431e-13    0.005128
       5.214    0.005195  -2.891e-05   8.431e-13    0.005224
       5.224    0.005292  -2.903e-05   8.431e-13    0.005321
       5.234    0.005391  -2.916e-05   8.431e-13     0.00542
       5.244    0.005491  -2.928e-05   8.431e-13    0.005521
       5.254    0.005594   -2.94e-05   8.431e-13    0.005623
       5.264    0.005698  -2.953e-05   8.431e-13    0.005728
       5.274    0.005805  -2.965e-05   8.431e-13    0.005834
       5.284    0.005913  -2.977e-05   8.431e-13    0.005943
       5.294    0.006023   -2.99e-05   8.431e-13    0.006053
       5.304    0.006136  -3.002e-05   8.431e-13    0.006166
       5.314     0.00625  -3.014e-05   8.431e-13     0.00628
       5.324    0.006367  -3.027e-05   8.431e-13    0.006397
       5.334    0.006486  -3.039e-05   8.431e-13    0.006516
       5.344    0.006607  -3.051e-05   8.431e-13    0.006637
       5.354     0.00673  -3.064e-05   8.431e-13    0.006761
       5.364    0.006855  -3.076e-05   8.431e-13    0.006886
       5.374    0.006983  -3.088e-05   8.431e-13    0.007014
       5.384    0.007114  -3.101e-05   8.431e-13    0.007145
       5.394    0.007246  -3.113e-05   8.431e-13    0.007277
       5.404    0.007382  -3.125e-05   8.431e-13    0.007413
       5.414    0.007519  -3.138e-05   8.431e-13    0.007551
       5.424    0.007659   -3.15e-05   8.431e-13    0.007691
       5.434    0.007802  -3.162e-05   8.431e-13    0.007834
       5.444    0.007948  -3.174e-05   8.431e-13     0.00798
       5.454    0.008096  -3.187e-05   8.431e-13    0.008128
       5.464    0.008247  -3.199e-05   8.431e-13    0.008279
       5.474    0.008401  -3.211e-05   8.431e-13    0.008433
       5.484    0.008558  -3.224e-05   8.431e-13     0.00859
       5.494    0.008717  -3.236e-05   8.431e-13    0.008749
       5.504     0.00888  -3.248e-05   8.431e-13    0.008912
       5.514    0.009045  -3.261e-05   8.431e-13    0.009078
       5.524    0.009214  -3.273e-05   8.431e-13    0.009247
       5.534    0.009386  -3.285e-05   8.431e-13    0.009418
       5.544    0.009561  -3.298e-05   8.431e-13    0.009594
       5.554    0.009739   -3.31e-05   8.431e-13    0.009772
       5.564     0.00992  -3.322e-05   8.431e-13    0.009954
       5.574     0.01011  -3.335e-05   8.431e-13     0.01014
       5.584     0.01029  -3.347e-05   8.431e-13     0.01033
       5.594     0.01049  -3.359e-05   8.431e-13     0.01052
       5.604     0.01068  -3.372e-05   8.431e-13     0.01071
       5.614     0.01088  -3.384e-05   8.431e-13     0.01091
       5.624     0.01108  -3.396e-05   8.431e-13     0.01112
       5.634     0.01129  -3.409e-05   8.431e-13     0.01132
       5.644      0.0115  -3.421e-05   8.431e-13     0.01153
       5.654     0.01171  -3.433e-05   8.431e-13     0.01175
       5.664     0.01193  -3.446e-05   8.431e-13     0.01197
       5.674     0.01215  -3.458e-05   8.431e-13     0.01219
       5.684     0.01238   -3.47e-05   8.431e-13     0.01242
       5.694     0.01261  -3.483e-05   8.431e-13     0.01265
       5.704     0.01285  -3.495e-05   8.431e-13     0.01288
       5.714     0.01309  -3.507e-05   8.431e-13     0.01312
       5.724     0.01333   -3.52e-05   8.431e-13     0.01337
       5.734     0.01358  -3.532e-05   8.431e-13     0.01361
       5.744     0.01383  -3.544e-05   8.431e-13     0.01387
       5.754     0.01409  -3.556e-05   8.431e-13     0.01412
       5.764     0.01435  -3.569e-05   8.431e-13     0.01439
       5.774     0.01462  -3.581e-05   8.431e-13     0.01465
       5.784     0.01489  -3.593e-05   8.431e-13     0.01493
       5.794     0.01517  -3.606e-05   8.431e-13      0.0152
       5.804     0.01545  -3.618e-05   8.431e-13     0.01549
       5.814     0.01574   -3.63e-05   8.431e-13     0.01578
       5.824     0.01603  -3.643e-05   8.431e-13     0.01607
       5.834     0.01633  -3.655e-05   8.431e-13     0.01637
       5.844     0.01664  -3.667e-05   8.431e-13     0.01667
       5.854     0.01694   -3.68e-05   8.431e-13     0.01698
       5.864     0.01726  -3.692e-05   8.431e-13      0.0173
       5.874     0.01758  -3.704e-05   8.431e-13     0.01762
       5.884     0.01791  -3.717e-05   8.431e-13     0.01795
       5.894     0.01824  -3.729e-05   8.431e-13     0.01828
       5.904     0.01858  -3.741e-05   8.431e-13     0.01862
       5.914     0.01893  -3.754e-05   8.431e-13     0.01897
       5.924     0.01928  -3.766e-05   8.431e-13     0.01932
       5.934     0.01964  -3.778e-05   8.431e-13     0.01968
       5.944     0.02001  -3.791e-05   8.431e-13     0.02004
       5.954     0.02038  -3.803e-05   8.431e-13     0.02042
       5.964     0.02076  -3.815e-05   8.431e-13      0.0208
       5.974     0.02114  -3.828e-05   8.431e-13     0.02118
       5.984     0.02154   -3.84e-05   8.431e-13     0.02158
       5.994     0.02194  -3.852e-05   8.431e-13     0.02198
       6.004     0.02235  -3.865e-05   8.431e-13     0.02239
       6.014     0.02276  -3.877e-05   8.431e-13      0.0228
       6.024     0.02319  -3.889e-05   8.431e-13     0.02323
       6.034     0.02362  -3.902e-05   8.431e-13     0.02366
       6.044     0.02406  -3.914e-05   8.431e-13      0.0241
       6.054     0.02451  -3.926e-05   8.431e-13     0.02455
