#      _xxWS        ftot       firac        fagn        fsfr
#
     -0.4703      0.1169   1.425e-05   5.386e-12      0.1169
     -0.4603     0.09228   1.759e-05   5.386e-12     0.09226
     -0.4503     0.06767   2.204e-05   5.386e-12     0.06765
     -0.4403     0.04306   2.757e-05   5.386e-12     0.04303
     -0.4303     0.01846    3.46e-05   5.386e-12     0.01842
     -0.4203   4.337e-05   4.328e-05   5.386e-12   8.319e-08
     -0.4103   5.221e-05   5.213e-05   5.386e-12   8.473e-08
     -0.4003   6.262e-05   6.253e-05   5.386e-12   8.631e-08
     -0.3903   7.168e-05   7.159e-05   5.386e-12   8.791e-08
     -0.3803   8.328e-05   8.319e-05   5.386e-12   8.955e-08
     -0.3703   9.547e-05   9.538e-05   5.386e-12   9.121e-08
     -0.3603   0.0001096   0.0001095   5.386e-12   9.291e-08
     -0.3503    0.000123   0.0001229   5.386e-12   9.464e-08
     -0.3403   0.0001427   0.0001426   5.386e-12    9.64e-08
     -0.3303    0.000164   0.0001639   5.386e-12   9.819e-08
     -0.3203   0.0001862   0.0001861   5.386e-12       1e-07
     -0.3103   0.0002101     0.00021   5.386e-12   1.019e-07
     -0.3003   0.0002341    0.000234   5.386e-12   1.038e-07
     -0.2903   0.0002587   0.0002586   5.386e-12   1.057e-07
     -0.2803   0.0002851   0.0002849   5.386e-12   1.077e-07
     -0.2703    0.000314   0.0003139   5.386e-12   1.097e-07
     -0.2603   0.0003484   0.0003483   5.386e-12   1.117e-07
     -0.2503   0.0003823   0.0003822   5.386e-12   1.138e-07
     -0.2403   0.0004209   0.0004208   5.386e-12   1.159e-07
     -0.2303   0.0004669   0.0004668   5.386e-12    1.18e-07
     -0.2203   0.0005232   0.0005231   5.386e-12   1.202e-07
     -0.2103   0.0005752   0.0005751   5.386e-12   1.225e-07
     -0.2003   0.0006328   0.0006327   5.386e-12   1.248e-07
     -0.1903   0.0006907   0.0006906   5.386e-12   1.271e-07
     -0.1803   0.0007503   0.0007502   5.386e-12   1.294e-07
     -0.1703   0.0008095   0.0008094   5.386e-12   1.318e-07
     -0.1603   0.0008726   0.0008725   5.386e-12   1.343e-07
     -0.1503   0.0009402     0.00094   5.386e-12   1.368e-07
     -0.1403     0.00101     0.00101   5.386e-12   1.393e-07
     -0.1303    0.001085    0.001085   5.386e-12   1.419e-07
     -0.1203    0.001165    0.001165   5.386e-12   1.446e-07
     -0.1103    0.001247    0.001247   5.386e-12   1.473e-07
     -0.1003    0.001326    0.001325   5.386e-12     1.5e-07
     -0.0903    0.001411    0.001411   5.386e-12   1.528e-07
     -0.0803    0.001503    0.001503   5.386e-12   1.556e-07
     -0.0703    0.001596    0.001596   5.386e-12   1.585e-07
     -0.0603    0.001694    0.001694   5.386e-12   1.615e-07
     -0.0503    0.001799    0.001799   5.386e-12   1.645e-07
     -0.0403    0.001919    0.001919   5.386e-12   1.675e-07
     -0.0303    0.002041     0.00204   5.386e-12   1.706e-07
     -0.0203    0.002167    0.002167   5.386e-12   1.738e-07
     -0.0103    0.002304    0.002303   5.386e-12    1.77e-07
  -0.0003032    0.002438    0.002438   5.386e-12   1.803e-07
    0.009697    0.002579    0.002579   5.386e-12   1.837e-07
      0.0197    0.002721    0.002721   5.386e-12   1.871e-07
      0.0297    0.002882    0.002882   5.386e-12   1.906e-07
      0.0397    0.003141    0.003141   5.386e-12   1.941e-07
      0.0497    0.003358    0.003358   5.386e-12   1.977e-07
      0.0597    0.003629    0.003628   5.386e-12   2.014e-07
      0.0697    0.004006    0.004006   5.386e-12   2.051e-07
      0.0797    0.004424    0.004423   5.386e-12    2.09e-07
      0.0897    0.004859    0.004859   5.386e-12   2.128e-07
      0.0997    0.005304    0.005304   5.386e-12   2.168e-07
      0.1097    0.005809    0.005809   5.386e-12   2.208e-07
      0.1197    0.006374    0.006374   5.386e-12   2.249e-07
      0.1297    0.006962    0.006962   5.386e-12   2.291e-07
      0.1397    0.007579    0.007579   5.386e-12   2.334e-07
      0.1497    0.008225    0.008225   5.386e-12   2.377e-07
      0.1597    0.008855    0.008854   5.386e-12   2.421e-07
      0.1697    0.009338    0.009338   5.386e-12   2.466e-07
      0.1797     0.00996     0.00996   5.386e-12   2.512e-07
      0.1897     0.01054     0.01054   5.386e-12   2.559e-07
      0.1997     0.01096     0.01096   5.386e-12   2.607e-07
      0.2097     0.01138     0.01138   5.386e-12   2.655e-07
      0.2197     0.01183     0.01183   5.386e-12   2.704e-07
      0.2297     0.01229     0.01229   5.386e-12   2.755e-07
      0.2397     0.01274     0.01274   5.386e-12   2.806e-07
      0.2497     0.01312     0.01312   5.386e-12   2.858e-07
      0.2597     0.01354     0.01354   5.386e-12   2.911e-07
      0.2697     0.01398     0.01398   5.386e-12   2.965e-07
      0.2797     0.01445     0.01445   5.386e-12    3.02e-07
      0.2897     0.01498     0.01498   5.386e-12   3.077e-07
      0.2997     0.01552     0.01552   5.386e-12   3.134e-07
      0.3097     0.01601     0.01601   5.386e-12   3.192e-07
      0.3197     0.01651     0.01651   5.386e-12   3.251e-07
      0.3297     0.01707     0.01707   5.386e-12   3.312e-07
      0.3397     0.01765     0.01765   5.386e-12   3.373e-07
      0.3497      0.0182      0.0182   5.386e-12   3.436e-07
      0.3597     0.01877     0.01877   5.386e-12     3.5e-07
      0.3697     0.01933     0.01933   5.386e-12   3.565e-07
      0.3797     0.01994     0.01994   5.386e-12   3.631e-07
      0.3897     0.02049     0.02049   5.386e-12   3.699e-07
      0.3997      0.0212      0.0212   5.386e-12   3.768e-07
      0.4097     0.02192     0.02192   5.386e-12   3.838e-07
      0.4197     0.02269     0.02269   5.386e-12   3.909e-07
      0.4297     0.02343     0.02343   5.386e-12   3.982e-07
      0.4397     0.02407     0.02407   5.386e-12   4.056e-07
      0.4497     0.02487     0.02487   5.386e-12   4.131e-07
      0.4597     0.02568     0.02568   5.386e-12   4.208e-07
      0.4697     0.02643     0.02643   5.386e-12   4.286e-07
      0.4797     0.02722     0.02722   5.386e-12   4.366e-07
      0.4897     0.02806     0.02806   5.386e-12   4.447e-07
      0.4997     0.02872     0.02871   5.386e-12    4.53e-07
      0.5097     0.02951     0.02949   5.386e-12    2.62e-05
      0.5197     0.03036     0.03029   5.386e-12   6.818e-05
      0.5297     0.03098     0.03087   5.386e-12   0.0001069
      0.5397     0.03159     0.03144   5.386e-12   0.0001445
      0.5497     0.03214     0.03196   5.386e-12   0.0001834
      0.5597     0.03273      0.0325   5.386e-12   0.0002237
      0.5697     0.03347     0.03321   5.386e-12   0.0002594
      0.5797     0.03403     0.03375   5.386e-12   0.0002868
      0.5897     0.03461      0.0343   5.386e-12    0.000306
      0.5997     0.03521      0.0349   5.386e-12   0.0003162
      0.6097     0.03563     0.03532   5.386e-12   0.0003115
      0.6197     0.03611      0.0358   5.386e-12   0.0003114
      0.6297     0.03676     0.03644   5.386e-12   0.0003197
      0.6397     0.03734     0.03701   5.386e-12   0.0003312
      0.6497     0.03807     0.03773   5.386e-12   0.0003436
      0.6597      0.0387     0.03835   5.386e-12   0.0003551
      0.6697     0.03938     0.03902   5.386e-12   0.0003638
      0.6797     0.04011     0.03974   5.386e-12   0.0003673
      0.6897     0.04097      0.0406   5.386e-12   0.0003656
      0.6997     0.04177      0.0414   5.386e-12   0.0003645
      0.7097     0.04247     0.04211   5.386e-12   0.0003677
      0.7197     0.04291     0.04253   5.386e-12   0.0003743
      0.7297     0.04328     0.04289   5.386e-12   0.0003824
      0.7397     0.04392     0.04353   5.386e-12   0.0003911
      0.7497     0.04419     0.04379   5.386e-12   0.0004029
      0.7597      0.0445     0.04408   5.386e-12   0.0004187
      0.7697     0.04459     0.04415   5.386e-12   0.0004376
      0.7797     0.04454     0.04408   5.386e-12   0.0004588
      0.7897     0.04443     0.04395   5.386e-12   0.0004821
      0.7997     0.04407     0.04356   5.386e-12   0.0005071
      0.8097     0.04359     0.04305   5.386e-12   0.0005338
      0.8197     0.04262     0.04206   5.386e-12   0.0005623
      0.8297     0.04175     0.04116   5.386e-12   0.0005926
      0.8397     0.04087     0.04025   5.386e-12   0.0006252
      0.8497     0.03971     0.03905   5.386e-12   0.0006608
      0.8597     0.03834     0.03764   5.386e-12   0.0007004
      0.8697     0.03698     0.03623   5.386e-12   0.0007439
      0.8797     0.03606     0.03527   5.386e-12   0.0007886
      0.8897       0.035     0.03417   5.386e-12   0.0008334
      0.8997     0.03422     0.03334   5.386e-12   0.0008795
      0.9097     0.03338     0.03245   5.386e-12   0.0009281
      0.9197     0.03923     0.03153    0.006712   0.0009807
      0.9297     0.03833     0.03051    0.006782     0.00104
      0.9397     0.03738      0.0294     0.00687    0.001111
      0.9497     0.03675     0.02857     0.00698    0.001206
      0.9597     0.03611     0.02761     0.00712    0.001376
      0.9697     0.03584     0.02665    0.007295    0.001898
      0.9797     0.04087     0.02616    0.007511    0.007197
      0.9897     0.04145     0.02598    0.007774    0.007688
      0.9997     0.04166     0.02571    0.008091    0.007861
        1.01     0.04158     0.02514    0.008467    0.007981
        1.02     0.04154     0.02454    0.008908    0.008083
        1.03     0.04127     0.02367    0.009421    0.008177
        1.04     0.04099     0.02271     0.01001    0.008269
        1.05     0.04091     0.02186     0.01069     0.00836
        1.06     0.04118     0.02128     0.01145    0.008452
        1.07     0.04167     0.02082     0.01231     0.00854
        1.08     0.04229      0.0204     0.01327    0.008613
        1.09     0.04302     0.02006     0.01434    0.008625
         1.1     0.04336     0.01953     0.01553      0.0083
        1.11       0.039     0.01896     0.01683    0.003215
        1.12     0.03944     0.01822     0.01826    0.002959
        1.13     0.04025     0.01738     0.01982    0.003046
        1.14     0.04138     0.01666      0.0215    0.003219
        1.15     0.04273     0.01596     0.02331    0.003453
        1.16     0.04436     0.01536     0.02523    0.003759
        1.17     0.04631     0.01484     0.02726    0.004205
        1.18     0.04877     0.01434     0.02937    0.005054
        1.19     0.05116     0.01383     0.03156    0.005773
         1.2     0.05361     0.01329     0.03379    0.006533
        1.21     0.05662     0.01274     0.03604    0.007837
        1.22     0.05995     0.01213     0.03828    0.009538
        1.23     0.06335     0.01171     0.04049     0.01114
        1.24     0.06798     0.01134     0.04262     0.01402
        1.25     0.07971     0.01105     0.04471     0.02395
        1.26     0.08927     0.01074     0.04674     0.03179
        1.27     0.09466     0.01042     0.04873     0.03551
        1.28     0.09996      0.0101     0.05066      0.0392
        1.29      0.1055    0.009798     0.05254     0.04316
         1.3      0.1109    0.009495     0.05438     0.04707
        1.31      0.1169    0.009192     0.05621     0.05151
        1.32      0.1251    0.008903       0.058     0.05821
        1.33      0.1376    0.008601      0.0598     0.06924
        1.34       0.158    0.008297     0.06161     0.08808
        1.35      0.1783    0.008008     0.06348      0.1069
        1.36      0.1953    0.007709     0.06537      0.1222
        1.37      0.2044    0.007422     0.06736      0.1297
        1.38      0.2049    0.007137     0.06939      0.1284
        1.39      0.2091    0.006878     0.07152      0.1307
         1.4      0.2168    0.006635     0.07373      0.1365
        1.41      0.2209     0.00642     0.07607      0.1384
        1.42      0.2237    0.006201     0.07855      0.1389
        1.43      0.2263    0.006004     0.08121      0.1391
        1.44      0.2282    0.005817     0.08409      0.1382
        1.45      0.2283     0.00563     0.08731      0.1353
        1.46      0.2245    0.005451      0.0908      0.1282
        1.47      0.2129    0.005269     0.09461       0.113
        1.48      0.2018    0.005079     0.09872     0.09798
        1.49      0.1954    0.004887      0.1031     0.08742
         1.5      0.1982    0.004695      0.1076     0.08597
        1.51      0.2204    0.004504      0.1122      0.1038
        1.52      0.2314     0.00431      0.1167      0.1103
        1.53      0.2383    0.004112      0.1213      0.1128
        1.54      0.2509    0.003903      0.1259      0.1211
        1.55      0.2638    0.003701      0.1305      0.1296
        1.56      0.2815    0.003494       0.135      0.1429
        1.57      0.2947    0.003285      0.1396      0.1518
        1.58      0.3057    0.003077      0.1443      0.1584
        1.59      0.3176    0.002874       0.149      0.1657
         1.6      0.3276    0.002686      0.1539       0.171
        1.61      0.3377     0.00251       0.159      0.1762
        1.62      0.3466    0.002347      0.1643        0.18
        1.63      0.3538    0.002196      0.1703      0.1814
        1.64      0.3445    0.002057      0.1767      0.1658
        1.65      0.3461    0.001928      0.1835      0.1606
        1.66      0.3541     0.00181      0.1909      0.1614
        1.67      0.3626    0.001702       0.199      0.1619
        1.68      0.3752    0.001604      0.2077       0.166
        1.69      0.3851    0.001514      0.2168      0.1668
         1.7      0.4011    0.001432      0.2263      0.1734
        1.71      0.4184    0.001357      0.2358      0.1812
        1.72      0.4348     0.00129      0.2454      0.1881
        1.73      0.4534    0.001229      0.2549      0.1973
        1.74      0.4728    0.001173      0.2643      0.2073
        1.75      0.4927    0.001123      0.2734      0.2181
        1.76      0.5124    0.001078       0.282      0.2294
        1.77      0.5318    0.001036      0.2899      0.2409
        1.78       0.551   0.0009975      0.2974      0.2526
        1.79      0.5692    0.000962      0.3041      0.2641
         1.8      0.5861   0.0009288        0.31      0.2752
        1.81      0.6007   0.0008976       0.315      0.2848
        1.82      0.6146   0.0008679      0.3192      0.2945
        1.83      0.6283   0.0008395      0.3226      0.3048
        1.84      0.6441    0.000812      0.3252       0.318
        1.85      0.6615   0.0007853      0.3273      0.3335
        1.86      0.6802   0.0007591      0.3288      0.3506
        1.87      0.6998   0.0007333      0.3297      0.3694
        1.88      0.7219   0.0007078      0.3303       0.391
        1.89      0.7467   0.0006826      0.3306      0.4154
         1.9      0.7743   0.0006577      0.3308      0.4429
        1.91      0.8053   0.0006331      0.3309      0.4738
        1.92      0.8398   0.0006089      0.3309      0.5082
        1.93      0.8782   0.0005851      0.3311      0.5465
        1.94      0.9207   0.0005616      0.3312      0.5889
        1.95      0.9673   0.0005386      0.3315      0.6353
        1.96       1.018    0.000516      0.3318      0.6857
        1.97       1.072   0.0004938      0.3322      0.7398
        1.98        1.13   0.0004721      0.3325      0.7973
        1.99       1.191    0.000451      0.3328      0.8578
           2       1.254   0.0004304       0.333      0.9207
        2.01       1.319   0.0004103      0.3331      0.9855
        2.02       1.385   0.0003908      0.3329       1.051
        2.03       1.451   0.0003719      0.3325       1.118
        2.04       1.517   0.0003536      0.3318       1.185
        2.05       1.582   0.0003359      0.3307       1.251
        2.06       1.645    0.000319      0.3292       1.316
        2.07       1.707   0.0003027      0.3273        1.38
        2.08       1.767   0.0002871       0.325       1.442
        2.09       1.825   0.0002722      0.3223       1.503
         2.1       1.882   0.0002581      0.3192       1.562
        2.11       1.936   0.0002446      0.3157        1.62
        2.12       1.989    0.000232      0.3118       1.677
        2.13       2.041     0.00022      0.3076       1.733
        2.14       2.092   0.0002088      0.3031       1.789
        2.15       2.143   0.0001982      0.2982       1.845
        2.16       2.194   0.0001883      0.2931       1.901
        2.17       2.245   0.0001791      0.2877       1.957
        2.18       2.297   0.0001705      0.2821       2.014
        2.19       2.349   0.0001624      0.2763       2.072
         2.2       2.402   0.0001549      0.2703       2.131
        2.21       2.455   0.0001479      0.2641       2.191
        2.22       2.509   0.0001414      0.2578       2.251
        2.23       2.564   0.0001352      0.2514       2.312
        2.24       2.618   0.0001295      0.2449       2.373
        2.25       2.673    0.000124      0.2383       2.435
        2.26       2.727   0.0001189      0.2317       2.496
        2.27       2.781    0.000114       0.225       2.556
        2.28       2.834   0.0001093      0.2183       2.615
        2.29       2.885   0.0001048      0.2116       2.673
         2.3       2.934   0.0001005      0.2049       2.729
        2.31       2.981   9.631e-05      0.1982       2.783
        2.32       3.026   9.228e-05      0.1915       2.834
        2.33       3.068   8.837e-05      0.1849       2.883
        2.34       3.106   8.458e-05      0.1784       2.928
        2.35       3.142   8.091e-05      0.1719        2.97
        2.36       3.173   7.734e-05      0.1655       3.007
        2.37         3.2   7.388e-05      0.1592       3.041
        2.38       3.222   7.055e-05      0.1529       3.069
        2.39       3.241   6.734e-05      0.1468       3.094
         2.4       3.254   6.426e-05      0.1408       3.113
        2.41       3.262    6.13e-05       0.135       3.127
        2.42       3.266   5.848e-05      0.1292       3.137
        2.43       3.264   5.579e-05      0.1236       3.141
        2.44       3.258   5.322e-05      0.1181        3.14
        2.45       3.246   5.078e-05      0.1128       3.133
        2.46        3.23   4.846e-05      0.1077       3.122
        2.47       3.209   4.625e-05      0.1027       3.106
        2.48       3.183   4.416e-05     0.09786       3.085
        2.49       3.152   4.217e-05     0.09318       3.059
         2.5       3.117   4.027e-05     0.08862       3.029
        2.51       3.079   3.847e-05     0.08426       2.994
        2.52       3.036   3.674e-05     0.08004       2.956
        2.53       2.991    3.51e-05       0.076       2.915
        2.54       2.942   3.353e-05     0.07207        2.87
        2.55       2.892   3.203e-05     0.06837       2.823
        2.56       2.839   3.059e-05     0.06478       2.774
        2.57       2.785   2.921e-05     0.06132       2.724
        2.58        2.73    2.79e-05     0.05802       2.672
        2.59       2.675   2.664e-05     0.05487        2.62
         2.6       2.618   2.543e-05     0.05185       2.566
        2.61       2.559   2.428e-05     0.04897        2.51
        2.62       2.497   2.318e-05     0.04624       2.451
        2.63       2.433   2.214e-05     0.04364       2.389
        2.64       2.365   2.114e-05     0.04113       2.324
        2.65       2.295   2.019e-05     0.03878       2.256
        2.66       2.223   1.927e-05     0.03651       2.186
        2.67       2.148    1.84e-05     0.03437       2.114
        2.68       2.072   1.756e-05     0.03233        2.04
        2.69       1.995   1.675e-05     0.03039       1.965
         2.7       1.916   1.596e-05     0.02859       1.888
        2.71       1.836    1.52e-05     0.02685       1.809
        2.72       1.754   1.445e-05      0.0252       1.729
        2.73       1.673   1.372e-05     0.02363       1.649
        2.74       1.592     1.3e-05     0.02218        1.57
        2.75       1.514   1.229e-05      0.0208       1.494
        2.76        1.44   1.158e-05     0.01949        1.42
        2.77       1.368   1.087e-05     0.01825       1.349
        2.78       1.299   1.016e-05     0.01711       1.282
        2.79       1.233   9.456e-06     0.01602       1.217
         2.8       1.169   8.749e-06     0.01501       1.154
        2.81       1.108   8.043e-06     0.01404       1.094
        2.82       1.049   7.336e-06     0.01314       1.036
        2.83      0.9929   6.629e-06     0.01228      0.9806
        2.84      0.9389   5.922e-06     0.01148      0.9275
        2.85       0.887   5.215e-06     0.01073      0.8763
        2.86      0.8372   4.508e-06     0.01003      0.8271
        2.87      0.7894   3.801e-06     0.00936        0.78
        2.88      0.7434   3.093e-06    0.008737      0.7347
        2.89      0.6994   2.386e-06    0.008156      0.6913
         2.9      0.6573   1.678e-06    0.007617      0.6497
        2.91      0.6171   9.702e-07    0.007103        0.61
        2.92      0.5787   2.623e-07    0.006632      0.5721
        2.93      0.5421  -4.456e-07    0.006189       0.536
        2.94      0.5074  -1.154e-06    0.005779      0.5016
        2.95      0.4744  -1.862e-06    0.005395       0.469
        2.96       0.443   -2.57e-06    0.005033       0.438
        2.97      0.4133  -3.278e-06    0.004697      0.4086
        2.98      0.3852  -3.987e-06    0.004386      0.3808
        2.99      0.3588  -4.695e-06     0.00409      0.3547
           3       0.334  -5.404e-06    0.003817      0.3302
        3.01      0.3109  -6.113e-06    0.003563      0.3074
        3.02      0.2893  -6.821e-06    0.003323       0.286
        3.03      0.2692   -7.53e-06    0.003103      0.2661
        3.04      0.2503  -8.239e-06    0.002896      0.2474
        3.05      0.2327  -8.948e-06    0.002702      0.2301
        3.06      0.2163  -9.657e-06    0.002522      0.2138
        3.07       0.201  -1.037e-05    0.002355      0.1987
        3.08      0.1868  -1.107e-05    0.002197      0.1846
        3.09      0.1735  -1.178e-05     0.00205      0.1715
         3.1      0.1611  -1.249e-05    0.001914      0.1592
        3.11      0.1496   -1.32e-05    0.001786      0.1478
        3.12      0.1389  -1.391e-05    0.001666      0.1373
        3.13       0.129  -1.462e-05    0.001556      0.1274
        3.14      0.1197  -1.533e-05    0.001451      0.1183
        3.15      0.1111  -1.604e-05    0.001354      0.1097
        3.16      0.1031  -1.675e-05    0.001263      0.1018
        3.17     0.09566  -1.746e-05     0.00118      0.0945
        3.18     0.08876  -1.817e-05    0.001101     0.08768
        3.19     0.08235  -1.888e-05    0.001027     0.08135
         3.2      0.0764  -1.959e-05   0.0009587     0.07546
        3.21     0.07088   -2.03e-05   0.0008945        0.07
        3.22     0.06575  -2.101e-05   0.0008348     0.06494
        3.23       0.061  -2.172e-05   0.0007786     0.06024
        3.24     0.05658  -2.243e-05   0.0007266     0.05588
        3.25     0.05249  -2.314e-05   0.0006783     0.05183
        3.26     0.04869  -2.385e-05   0.0006329     0.04808
        3.27     0.04517  -2.456e-05   0.0005909      0.0446
        3.28      0.0419  -2.527e-05   0.0005512     0.04137
        3.29     0.03887  -2.598e-05   0.0005145     0.03838
         3.3     0.03606  -2.669e-05   0.0004799     0.03561
        3.31     0.03346   -2.74e-05    0.000448     0.03304
        3.32     0.03104  -2.811e-05   0.0004181     0.03065
        3.33     0.02881  -2.882e-05   0.0003902     0.02844
        3.34     0.02673  -2.953e-05   0.0003644      0.0264
        3.35     0.02481  -3.024e-05   0.0003401      0.0245
        3.36     0.02303  -3.095e-05   0.0003175     0.02274
        3.37     0.02137  -3.166e-05   0.0002962     0.02111
        3.38     0.01984  -3.237e-05   0.0002763      0.0196
        3.39     0.01842  -3.308e-05   0.0002579      0.0182
         3.4      0.0171  -3.379e-05   0.0002407      0.0169
        3.41     0.01588   -3.45e-05   0.0002246     0.01569
        3.42     0.01475  -3.521e-05   0.0002096     0.01457
        3.43     0.01369  -3.592e-05   0.0001957     0.01353
        3.44     0.01272  -3.663e-05   0.0001826     0.01257
        3.45     0.01181  -3.734e-05   0.0001704     0.01168
        3.46     0.01097  -3.805e-05    0.000159     0.01085
        3.47     0.01019  -3.876e-05   0.0001482     0.01008
        3.48    0.009471  -3.947e-05   0.0001384    0.009372
        3.49    0.008801  -4.018e-05   0.0001292    0.008712
         3.5    0.008179  -4.089e-05   0.0001205    0.008099
        3.51    0.007602   -4.16e-05   0.0001123    0.007532
        3.52    0.006964  -4.231e-05   5.386e-12    0.007006
        3.53    0.006476  -4.302e-05   5.386e-12    0.006519
        3.54    0.006025  -4.373e-05   5.386e-12    0.006068
        3.55    0.005608  -4.444e-05   5.386e-12    0.005652
        3.56    0.005221  -4.515e-05   5.386e-12    0.005267
        3.57    0.004864  -4.586e-05   5.386e-12     0.00491
        3.58    0.004534  -4.657e-05   5.386e-12    0.004581
        3.59    0.004229  -4.728e-05   5.386e-12    0.004276
         3.6    0.003946  -4.799e-05   5.386e-12    0.003994
        3.61    0.003686   -4.87e-05   5.386e-12    0.003735
        3.62    0.003445  -4.941e-05   5.386e-12    0.003495
        3.63    0.003223  -5.012e-05   5.386e-12    0.003274
        3.64    0.003019  -5.083e-05   5.386e-12     0.00307
        3.65     0.00283  -5.154e-05   5.386e-12    0.002881
        3.66    0.002656  -5.225e-05   5.386e-12    0.002708
        3.67    0.002496  -5.296e-05   5.386e-12    0.002549
        3.68    0.002347  -5.367e-05   5.386e-12    0.002401
        3.69    0.002211  -5.438e-05   5.386e-12    0.002266
         3.7    0.002086  -5.509e-05   5.386e-12    0.002141
        3.71    0.001971   -5.58e-05   5.386e-12    0.002027
        3.72    0.001865  -5.651e-05   5.386e-12    0.001922
        3.73    0.001769  -5.722e-05   5.386e-12    0.001826
        3.74     0.00168  -5.793e-05   5.386e-12    0.001737
        3.75    0.001598  -5.865e-05   5.386e-12    0.001657
        3.76    0.001524  -5.936e-05   5.386e-12    0.001583
        3.77    0.001455  -6.007e-05   5.386e-12    0.001516
        3.78    0.001393  -6.078e-05   5.386e-12    0.001454
        3.79    0.001337  -6.149e-05   5.386e-12    0.001398
         3.8    0.001285   -6.22e-05   5.386e-12    0.001347
        3.81    0.001238  -6.291e-05   5.386e-12    0.001301
        3.82    0.001196  -6.362e-05   5.386e-12     0.00126
        3.83    0.001158  -6.433e-05   5.386e-12    0.001222
        3.84    0.001123  -6.504e-05   5.386e-12    0.001188
        3.85    0.001093  -6.575e-05   5.386e-12    0.001158
        3.86    0.001065  -6.646e-05   5.386e-12    0.001131
        3.87    0.001041  -6.717e-05   5.386e-12    0.001108
        3.88    0.001019  -6.788e-05   5.386e-12    0.001087
        3.89       0.001  -6.859e-05   5.386e-12    0.001069
         3.9   0.0009837   -6.93e-05   5.386e-12    0.001053
        3.91   0.0009697  -7.001e-05   5.386e-12     0.00104
        3.92   0.0009578  -7.072e-05   5.386e-12    0.001028
        3.93   0.0009479  -7.143e-05   5.386e-12    0.001019
        3.94     0.00094  -7.214e-05   5.386e-12    0.001012
        3.95   0.0009338  -7.285e-05   5.386e-12    0.001007
        3.96   0.0009293  -7.356e-05   5.386e-12    0.001003
        3.97   0.0009264  -7.427e-05   5.386e-12    0.001001
        3.98   0.0009249  -7.498e-05   5.386e-12   0.0009999
        3.99   0.0009249  -7.569e-05   5.386e-12    0.001001
           4   0.0009261   -7.64e-05   5.386e-12    0.001003
        4.01   0.0009286  -7.711e-05   5.386e-12    0.001006
        4.02   0.0009323  -7.782e-05   5.386e-12     0.00101
        4.03   0.0009371  -7.853e-05   5.386e-12    0.001016
        4.04    0.000943  -7.924e-05   5.386e-12    0.001022
        4.05   0.0009498  -7.995e-05   5.386e-12     0.00103
        4.06   0.0009576  -8.067e-05   5.386e-12    0.001038
        4.07   0.0009664  -8.138e-05   5.386e-12    0.001048
        4.08    0.000976  -8.209e-05   5.386e-12    0.001058
        4.09   0.0009865   -8.28e-05   5.386e-12    0.001069
         4.1   0.0009977  -8.351e-05   5.386e-12    0.001081
        4.11     0.00101  -8.422e-05   5.386e-12    0.001094
        4.12    0.001023  -8.493e-05   5.386e-12    0.001108
        4.13    0.001036  -8.564e-05   5.386e-12    0.001122
        4.14     0.00105  -8.635e-05   5.386e-12    0.001137
        4.15    0.001065  -8.706e-05   5.386e-12    0.001152
        4.16    0.001081  -8.777e-05   5.386e-12    0.001169
        4.17    0.001097  -8.848e-05   5.386e-12    0.001186
        4.18    0.001114  -8.919e-05   5.386e-12    0.001203
        4.19    0.001132   -8.99e-05   5.386e-12    0.001222
         4.2     0.00115  -9.061e-05   5.386e-12    0.001241
        4.21    0.001169  -9.132e-05   5.386e-12     0.00126
        4.22    0.001188  -9.203e-05   5.386e-12     0.00128
        4.23    0.001208  -9.274e-05   5.386e-12    0.001301
        4.24    0.001229  -9.345e-05   5.386e-12    0.001322
        4.25     0.00125  -9.416e-05   5.386e-12    0.001344
        4.26    0.001272  -9.487e-05   5.386e-12    0.001367
        4.27    0.001294  -9.558e-05   5.386e-12     0.00139
        4.28    0.001317  -9.629e-05   5.386e-12    0.001414
        4.29    0.001341    -9.7e-05   5.386e-12    0.001438
         4.3    0.001365  -9.771e-05   5.386e-12    0.001463
        4.31     0.00139  -9.842e-05   5.386e-12    0.001488
        4.32    0.001415  -9.913e-05   5.386e-12    0.001514
        4.33    0.001441  -9.984e-05   5.386e-12    0.001541
        4.34    0.001468  -0.0001006   5.386e-12    0.001568
        4.35    0.001495  -0.0001013   5.386e-12    0.001596
        4.36    0.001522   -0.000102   5.386e-12    0.001624
        4.37    0.001551  -0.0001027   5.386e-12    0.001654
        4.38     0.00158  -0.0001034   5.386e-12    0.001683
        4.39    0.001609  -0.0001041   5.386e-12    0.001714
         4.4     0.00164  -0.0001048   5.386e-12    0.001744
        4.41     0.00167  -0.0001055   5.386e-12    0.001776
        4.42    0.001702  -0.0001062   5.386e-12    0.001808
        4.43    0.001734  -0.0001069   5.386e-12    0.001841
        4.44    0.001767  -0.0001077   5.386e-12    0.001875
        4.45      0.0018  -0.0001084   5.386e-12    0.001909
        4.46    0.001835  -0.0001091   5.386e-12    0.001944
        4.47     0.00187  -0.0001098   5.386e-12    0.001979
        4.48    0.001905  -0.0001105   5.386e-12    0.002016
        4.49    0.001941  -0.0001112   5.386e-12    0.002053
         4.5    0.001978  -0.0001119   5.386e-12     0.00209
        4.51    0.002016  -0.0001126   5.386e-12    0.002129
        4.52    0.002055  -0.0001133   5.386e-12    0.002168
        4.53    0.002094   -0.000114   5.386e-12    0.002208
        4.54    0.002134  -0.0001148   5.386e-12    0.002249
        4.55    0.002175  -0.0001155   5.386e-12     0.00229
        4.56    0.002216  -0.0001162   5.386e-12    0.002332
        4.57    0.002258  -0.0001169   5.386e-12    0.002375
        4.58    0.002302  -0.0001176   5.386e-12    0.002419
        4.59    0.002346  -0.0001183   5.386e-12    0.002464
         4.6     0.00239   -0.000119   5.386e-12    0.002509
        4.61    0.002436  -0.0001197   5.386e-12    0.002556
        4.62    0.002483  -0.0001204   5.386e-12    0.002603
        4.63     0.00253  -0.0001211   5.386e-12    0.002651
        4.64    0.002578  -0.0001219   5.386e-12      0.0027
        4.65    0.002628  -0.0001226   5.386e-12     0.00275
        4.66    0.002678  -0.0001233   5.386e-12    0.002801
        4.67    0.002729   -0.000124   5.386e-12    0.002853
        4.68    0.002782  -0.0001247   5.386e-12    0.002906
        4.69    0.002835  -0.0001254   5.386e-12     0.00296
         4.7    0.002889  -0.0001261   5.386e-12    0.003015
        4.71    0.002944  -0.0001268   5.386e-12    0.003071
        4.72       0.003  -0.0001275   5.386e-12    0.003128
        4.73    0.003058  -0.0001282   5.386e-12    0.003186
        4.74    0.003116   -0.000129   5.386e-12    0.003245
        4.75    0.003176  -0.0001297   5.386e-12    0.003305
        4.76    0.003236  -0.0001304   5.386e-12    0.003367
        4.77    0.003298  -0.0001311   5.386e-12    0.003429
        4.78    0.003361  -0.0001318   5.386e-12    0.003493
        4.79    0.003425  -0.0001325   5.386e-12    0.003558
         4.8    0.003491  -0.0001332   5.386e-12    0.003624
        4.81    0.003557  -0.0001339   5.386e-12    0.003691
        4.82    0.003625  -0.0001346   5.386e-12     0.00376
        4.83    0.003694  -0.0001354   5.386e-12     0.00383
        4.84    0.003765  -0.0001361   5.386e-12    0.003901
        4.85    0.003836  -0.0001368   5.386e-12    0.003973
        4.86     0.00391  -0.0001375   5.386e-12    0.004047
        4.87    0.003984  -0.0001382   5.386e-12    0.004122
        4.88     0.00406  -0.0001389   5.386e-12    0.004199
        4.89    0.004137  -0.0001396   5.386e-12    0.004277
         4.9    0.004216  -0.0001403   5.386e-12    0.004356
        4.91    0.004296   -0.000141   5.386e-12    0.004437
        4.92    0.004378  -0.0001417   5.386e-12     0.00452
        4.93    0.004461  -0.0001425   5.386e-12    0.004604
        4.94    0.004546  -0.0001432   5.386e-12    0.004689
        4.95    0.004633  -0.0001439   5.386e-12    0.004777
        4.96    0.004721  -0.0001446   5.386e-12    0.004865
        4.97     0.00481  -0.0001453   5.386e-12    0.004956
        4.98    0.004902   -0.000146   5.386e-12    0.005048
        4.99    0.004995  -0.0001467   5.386e-12    0.005142
           5     0.00509  -0.0001474   5.386e-12    0.005237
        5.01    0.005187  -0.0001481   5.386e-12    0.005335
        5.02    0.005285  -0.0001488   5.386e-12    0.005434
        5.03    0.005385  -0.0001496   5.386e-12    0.005535
        5.04    0.005487  -0.0001503   5.386e-12    0.005638
        5.05    0.005592   -0.000151   5.386e-12    0.005743
        5.06    0.005698  -0.0001517   5.386e-12    0.005849
        5.07    0.005806  -0.0001524   5.386e-12    0.005958
        5.08    0.005916  -0.0001531   5.386e-12    0.006069
        5.09    0.006028  -0.0001538   5.386e-12    0.006182
         5.1    0.006142  -0.0001545   5.386e-12    0.006297
        5.11    0.006258  -0.0001552   5.386e-12    0.006414
        5.12    0.006377  -0.0001559   5.386e-12    0.006533
        5.13    0.006498  -0.0001567   5.386e-12    0.006654
        5.14    0.006621  -0.0001574   5.386e-12    0.006778
        5.15    0.006746  -0.0001581   5.386e-12    0.006904
        5.16    0.006874  -0.0001588   5.386e-12    0.007032
        5.17    0.007004  -0.0001595   5.386e-12    0.007163
        5.18    0.007136  -0.0001602   5.386e-12    0.007296
        5.19    0.007271  -0.0001609   5.386e-12    0.007432
         5.2    0.007408  -0.0001616   5.386e-12     0.00757
        5.21    0.007548  -0.0001623   5.386e-12    0.007711
        5.22    0.007691   -0.000163   5.386e-12    0.007854
        5.23    0.007836  -0.0001638   5.386e-12       0.008
        5.24    0.007984  -0.0001645   5.386e-12    0.008149
        5.25    0.008135  -0.0001652   5.386e-12      0.0083
        5.26    0.008289  -0.0001659   5.386e-12    0.008455
        5.27    0.008445  -0.0001666   5.386e-12    0.008612
        5.28    0.008605  -0.0001673   5.386e-12    0.008772
        5.29    0.008767   -0.000168   5.386e-12    0.008935
         5.3    0.008932  -0.0001687   5.386e-12    0.009101
        5.31    0.009101  -0.0001694   5.386e-12     0.00927
        5.32    0.009273  -0.0001701   5.386e-12    0.009443
        5.33    0.009447  -0.0001709   5.386e-12    0.009618
        5.34    0.009625  -0.0001716   5.386e-12    0.009797
        5.35    0.009807  -0.0001723   5.386e-12    0.009979
        5.36    0.009992   -0.000173   5.386e-12     0.01016
        5.37     0.01018  -0.0001737   5.386e-12     0.01035
        5.38     0.01037  -0.0001744   5.386e-12     0.01055
        5.39     0.01057  -0.0001751   5.386e-12     0.01074
         5.4     0.01077  -0.0001758   5.386e-12     0.01094
        5.41     0.01097  -0.0001765   5.386e-12     0.01115
        5.42     0.01118  -0.0001772   5.386e-12     0.01135
        5.43     0.01139   -0.000178   5.386e-12     0.01156
        5.44      0.0116  -0.0001787   5.386e-12     0.01178
        5.45     0.01182  -0.0001794   5.386e-12       0.012
        5.46     0.01204  -0.0001801   5.386e-12     0.01222
        5.47     0.01227  -0.0001808   5.386e-12     0.01245
        5.48      0.0125  -0.0001815   5.386e-12     0.01268
        5.49     0.01273  -0.0001822   5.386e-12     0.01291
         5.5     0.01297  -0.0001829   5.386e-12     0.01316
        5.51     0.01322  -0.0001836   5.386e-12      0.0134
        5.52     0.01346  -0.0001843   5.386e-12     0.01365
        5.53     0.01372  -0.0001851   5.386e-12      0.0139
        5.54     0.01398  -0.0001858   5.386e-12     0.01416
        5.55     0.01424  -0.0001865   5.386e-12     0.01442
        5.56     0.01451  -0.0001872   5.386e-12     0.01469
        5.57     0.01478  -0.0001879   5.386e-12     0.01497
        5.58     0.01506  -0.0001886   5.386e-12     0.01524
        5.59     0.01534  -0.0001893   5.386e-12     0.01553
         5.6     0.01563    -0.00019   5.386e-12     0.01582
        5.61     0.01592  -0.0001907   5.386e-12     0.01611
        5.62     0.01622  -0.0001914   5.386e-12     0.01641
        5.63     0.01652  -0.0001922   5.386e-12     0.01671
        5.64     0.01683  -0.0001929   5.386e-12     0.01703
        5.65     0.01715  -0.0001936   5.386e-12     0.01734
        5.66     0.01747  -0.0001943   5.386e-12     0.01766
        5.67      0.0178   -0.000195   5.386e-12     0.01799
        5.68     0.01813  -0.0001957   5.386e-12     0.01833
        5.69     0.01847  -0.0001964   5.386e-12     0.01867
         5.7     0.01882  -0.0001971   5.386e-12     0.01901
        5.71     0.01917  -0.0001978   5.386e-12     0.01937
        5.72     0.01953  -0.0001985   5.386e-12     0.01973
        5.73      0.0199  -0.0001993   5.386e-12      0.0201
        5.74     0.02027     -0.0002   5.386e-12     0.02047
        5.75     0.02065  -0.0002007   5.386e-12     0.02085
        5.76     0.02104  -0.0002014   5.386e-12     0.02124
        5.77     0.02143  -0.0002021   5.386e-12     0.02163
        5.78     0.02183  -0.0002028   5.386e-12     0.02203
        5.79     0.02224  -0.0002035   5.386e-12     0.02244
         5.8     0.02266  -0.0002042   5.386e-12     0.02286
        5.81     0.02308  -0.0002049   5.386e-12     0.02329
        5.82     0.02351  -0.0002057   5.386e-12     0.02372
        5.83     0.02395  -0.0002064   5.386e-12     0.02416
        5.84      0.0244  -0.0002071   5.386e-12     0.02461
        5.85     0.02486  -0.0002078   5.386e-12     0.02507
        5.86     0.02532  -0.0002085   5.386e-12     0.02553
        5.87      0.0258  -0.0002092   5.386e-12     0.02601
        5.88     0.02628  -0.0002099   5.386e-12     0.02649
        5.89     0.02677  -0.0002106   5.386e-12     0.02698
         5.9     0.02727  -0.0002113   5.386e-12     0.02748
        5.91     0.02778   -0.000212   5.386e-12       0.028
        5.92      0.0283  -0.0002128   5.386e-12     0.02852
        5.93     0.02883  -0.0002135   5.386e-12     0.02905
        5.94     0.02937  -0.0002142   5.386e-12     0.02959
        5.95     0.02992  -0.0002149   5.386e-12     0.03014
        5.96     0.03048  -0.0002156   5.386e-12      0.0307
        5.97     0.03105  -0.0002163   5.386e-12     0.03127
        5.98     0.03163   -0.000217   5.386e-12     0.03185
        5.99     0.03222  -0.0002177   5.386e-12     0.03244
           6     0.03283  -0.0002184   5.386e-12     0.03304
        6.01     0.03344  -0.0002191   5.386e-12     0.03366
        6.02     0.03406  -0.0002199   5.386e-12     0.03428
        6.03      0.0347  -0.0002206   5.386e-12     0.03492
        6.04     0.03535  -0.0002213   5.386e-12     0.03557
        6.05     0.03601   -0.000222   5.386e-12     0.03623
        6.06     0.03668  -0.0002227   5.386e-12     0.03691
        6.07     0.03737  -0.0002234   5.386e-12     0.03759
        6.08     0.03807  -0.0002241   5.386e-12     0.03829
        6.09     0.03878  -0.0002248   5.386e-12       0.039
         6.1      0.0395  -0.0002255   5.386e-12     0.03973
        6.11     0.04024  -0.0002262   5.386e-12     0.04047
