#      _xxWS        ftot       firac        fagn        fsfr
#
     -0.4931      0.0441   7.384e-05   8.595e-13     0.04403
     -0.4831     0.03525   8.161e-05   8.595e-13     0.03517
     -0.4731     0.02641   9.179e-05   8.595e-13     0.02632
     -0.4631     0.01757   0.0001033   8.595e-13     0.01746
     -0.4531    0.008726   0.0001169   8.595e-13    0.008609
     -0.4431   0.0001323   0.0001322   8.595e-13     3.9e-08
     -0.4331   0.0001443   0.0001443   8.595e-13   3.973e-08
     -0.4231   0.0001572   0.0001572   8.595e-13   4.047e-08
     -0.4131   0.0001638   0.0001638   8.595e-13   4.122e-08
     -0.4031   0.0001736   0.0001736   8.595e-13   4.198e-08
     -0.3931    0.000182   0.0001819   8.595e-13   4.277e-08
     -0.3831   0.0001913   0.0001912   8.595e-13   4.356e-08
     -0.3731   0.0001971   0.0001971   8.595e-13   4.437e-08
     -0.3631   0.0002102   0.0002102   8.595e-13   4.519e-08
     -0.3531   0.0002226   0.0002225   8.595e-13   4.604e-08
     -0.3431   0.0002333   0.0002333   8.595e-13   4.689e-08
     -0.3331   0.0002434   0.0002433   8.595e-13   4.776e-08
     -0.3231   0.0002512   0.0002512   8.595e-13   4.865e-08
     -0.3131   0.0002576   0.0002576   8.595e-13   4.956e-08
     -0.3031   0.0002639   0.0002638   8.595e-13   5.048e-08
     -0.2931   0.0002706   0.0002706   8.595e-13   5.142e-08
     -0.2831   0.0002801   0.0002801   8.595e-13   5.237e-08
     -0.2731   0.0002871    0.000287   8.595e-13   5.334e-08
     -0.2631   0.0002957   0.0002956   8.595e-13   5.434e-08
     -0.2531   0.0003073   0.0003073   8.595e-13   5.535e-08
     -0.2431   0.0003231   0.0003231   8.595e-13   5.638e-08
     -0.2331   0.0003338   0.0003337   8.595e-13   5.742e-08
     -0.2231   0.0003456   0.0003455   8.595e-13   5.849e-08
     -0.2131   0.0003555   0.0003554   8.595e-13   5.958e-08
     -0.2031   0.0003643   0.0003643   8.595e-13   6.069e-08
     -0.1931   0.0003714   0.0003714   8.595e-13   6.181e-08
     -0.1831   0.0003788   0.0003787   8.595e-13   6.296e-08
     -0.1731   0.0003866   0.0003865   8.595e-13   6.413e-08
     -0.1631   0.0003939   0.0003939   8.595e-13   6.533e-08
     -0.1531   0.0004017   0.0004016   8.595e-13   6.654e-08
     -0.1431   0.0004101     0.00041   8.595e-13   6.778e-08
     -0.1331   0.0004179   0.0004178   8.595e-13   6.904e-08
     -0.1231   0.0004232   0.0004232   8.595e-13   7.032e-08
     -0.1131   0.0004298   0.0004297   8.595e-13   7.163e-08
     -0.1031    0.000437    0.000437   8.595e-13   7.296e-08
    -0.09314   0.0004437   0.0004437   8.595e-13   7.432e-08
    -0.08314   0.0004506   0.0004506   8.595e-13    7.57e-08
    -0.07314   0.0004585   0.0004584   8.595e-13   7.711e-08
    -0.06314    0.000469   0.0004689   8.595e-13   7.854e-08
    -0.05314   0.0004785   0.0004785   8.595e-13       8e-08
    -0.04314   0.0004881    0.000488   8.595e-13   8.149e-08
    -0.03314    0.000499   0.0004989   8.595e-13     8.3e-08
    -0.02314   0.0005082   0.0005081   8.595e-13   8.455e-08
    -0.01314   0.0005178   0.0005177   8.595e-13   8.612e-08
    -0.00314   0.0005267   0.0005266   8.595e-13   8.772e-08
     0.00686   0.0005382   0.0005381   8.595e-13   8.935e-08
     0.01686   0.0005664   0.0005663   8.595e-13   9.101e-08
     0.02686   0.0005852   0.0005851   8.595e-13    9.27e-08
     0.03686   0.0006116   0.0006115   8.595e-13   9.443e-08
     0.04686   0.0006535   0.0006534   8.595e-13   9.618e-08
     0.05686   0.0006989   0.0006988   8.595e-13   9.797e-08
     0.06686   0.0007441    0.000744   8.595e-13   9.979e-08
     0.07686   0.0007879   0.0007878   8.595e-13   1.016e-07
     0.08686   0.0008377   0.0008376   8.595e-13   1.035e-07
     0.09686   0.0008928   0.0008926   8.595e-13   1.055e-07
      0.1069   0.0009478   0.0009477   8.595e-13   1.074e-07
      0.1169    0.001004    0.001003   8.595e-13   1.094e-07
      0.1269     0.00106     0.00106   8.595e-13   1.115e-07
      0.1369    0.001111    0.001111   8.595e-13   1.135e-07
      0.1469    0.001142    0.001142   8.595e-13   1.156e-07
      0.1569    0.001187    0.001187   8.595e-13   1.178e-07
      0.1669    0.001226    0.001225   8.595e-13     1.2e-07
      0.1769    0.001244    0.001244   8.595e-13   1.222e-07
      0.1869    0.001261    0.001261   8.595e-13   1.245e-07
      0.1969    0.001281    0.001281   8.595e-13   1.268e-07
      0.2069    0.001302    0.001302   8.595e-13   1.291e-07
      0.2169     0.00132     0.00132   8.595e-13   1.315e-07
      0.2269    0.001331     0.00133   8.595e-13    1.34e-07
      0.2369    0.001344    0.001344   8.595e-13   1.365e-07
      0.2469    0.001359    0.001359   8.595e-13    1.39e-07
      0.2569    0.001377    0.001377   8.595e-13   1.416e-07
      0.2669      0.0014      0.0014   8.595e-13   1.442e-07
      0.2769    0.001422    0.001422   8.595e-13   1.469e-07
      0.2869    0.001441     0.00144   8.595e-13   1.497e-07
      0.2969    0.001458    0.001458   8.595e-13   1.524e-07
      0.3069    0.001481     0.00148   8.595e-13   1.553e-07
      0.3169    0.001505    0.001505   8.595e-13   1.582e-07
      0.3269    0.001525    0.001525   8.595e-13   1.611e-07
      0.3369    0.001547    0.001547   8.595e-13   1.641e-07
      0.3469    0.001567    0.001567   8.595e-13   1.671e-07
      0.3569    0.001591    0.001591   8.595e-13   1.703e-07
      0.3669    0.001609    0.001609   8.595e-13   1.734e-07
      0.3769     0.00164     0.00164   8.595e-13   1.766e-07
      0.3869    0.001671     0.00167   8.595e-13   1.799e-07
      0.3969    0.001704    0.001704   8.595e-13   1.833e-07
      0.4069    0.001735    0.001734   8.595e-13   1.867e-07
      0.4169    0.001757    0.001757   8.595e-13   1.901e-07
      0.4269    0.001792    0.001792   8.595e-13   1.937e-07
      0.4369    0.001825    0.001825   8.595e-13   1.973e-07
      0.4469    0.001854    0.001854   8.595e-13    2.01e-07
      0.4569    0.001885    0.001885   8.595e-13   2.047e-07
      0.4669     0.00192    0.001919   8.595e-13   2.085e-07
      0.4769    0.001941    0.001941   8.595e-13   2.124e-07
      0.4869    0.001971    0.001969   8.595e-13   1.738e-06
      0.4969    0.002003       0.002   8.595e-13   3.402e-06
      0.5069     0.00202    0.002015   8.595e-13   4.933e-06
      0.5169    0.002036     0.00203   8.595e-13   6.413e-06
      0.5269    0.002049    0.002041   8.595e-13    7.93e-06
      0.5369    0.002064    0.002054   8.595e-13   9.483e-06
      0.5469    0.002088    0.002077   8.595e-13   1.085e-05
      0.5569    0.002101     0.00209   8.595e-13    1.19e-05
      0.5669    0.002116    0.002103   8.595e-13   1.262e-05
      0.5769    0.002132    0.002119   8.595e-13     1.3e-05
      0.5869    0.002137    0.002125   8.595e-13   1.279e-05
      0.5969    0.002146    0.002134   8.595e-13   1.277e-05
      0.6069    0.002166    0.002153   8.595e-13   1.307e-05
      0.6169    0.002181    0.002167   8.595e-13    1.35e-05
      0.6269    0.002204     0.00219   8.595e-13   1.396e-05
      0.6369    0.002222    0.002208   8.595e-13   1.438e-05
      0.6469    0.002243    0.002228   8.595e-13   1.469e-05
      0.6569    0.002266    0.002251   8.595e-13   1.481e-05
      0.6669    0.002297    0.002282   8.595e-13   1.473e-05
      0.6769    0.002324    0.002309   8.595e-13   1.467e-05
      0.6869    0.002346    0.002331   8.595e-13   1.478e-05
      0.6969    0.002352    0.002337   8.595e-13   1.501e-05
      0.7069    0.002356     0.00234   8.595e-13   1.529e-05
      0.7169    0.002374    0.002359   8.595e-13    1.56e-05
      0.7269    0.002373    0.002357   8.595e-13   1.602e-05
      0.7369    0.002373    0.002356   8.595e-13   1.657e-05
      0.7469    0.002362    0.002345   8.595e-13   1.722e-05
      0.7569    0.002344    0.002326   8.595e-13   1.796e-05
      0.7669    0.002324    0.002305   8.595e-13   1.875e-05
      0.7769     0.00229    0.002271   8.595e-13    1.96e-05
      0.7869    0.002252    0.002231   8.595e-13   2.051e-05
      0.7969    0.002188    0.002167   8.595e-13   2.147e-05
      0.8069    0.002131    0.002109   8.595e-13    2.25e-05
      0.8169    0.002074     0.00205   8.595e-13    2.36e-05
      0.8269    0.002003    0.001979   8.595e-13    2.48e-05
      0.8369    0.001923    0.001897   8.595e-13   2.613e-05
      0.8469    0.001844    0.001817   8.595e-13   2.761e-05
      0.8569    0.001789    0.001759   8.595e-13   2.913e-05
      0.8669    0.001727    0.001696   8.595e-13   3.066e-05
      0.8769     0.00168    0.001647   8.595e-13   3.225e-05
      0.8869     0.00163    0.001596   8.595e-13   3.395e-05
      0.8969     0.00265    0.001543    0.001071   3.581e-05
      0.9069    0.002607    0.001487    0.001082   3.793e-05
      0.9169    0.002563    0.001426    0.001096    4.05e-05
      0.9269    0.002538     0.00138    0.001114   4.399e-05
      0.9369    0.002514    0.001328    0.001136   5.012e-05
      0.9469    0.002509    0.001276    0.001164   6.848e-05
      0.9569    0.002698    0.001248    0.001199   0.0002513
      0.9669    0.002744    0.001235    0.001241   0.0002688
      0.9769    0.002784    0.001217    0.001291   0.0002755
      0.9869    0.002817    0.001185    0.001351   0.0002806
      0.9969     0.00286    0.001153    0.001422   0.0002854
       1.007    0.002902    0.001108    0.001503   0.0002901
       1.017    0.002952    0.001059    0.001598   0.0002952
       1.027    0.003023    0.001017    0.001705   0.0003007
       1.037     0.00312   0.0009864    0.001827   0.0003066
       1.047    0.003239   0.0009619    0.001965   0.0003129
       1.057    0.003377   0.0009395    0.002118   0.0003195
       1.067    0.003534   0.0009206    0.002289   0.0003246
       1.077    0.003691    0.000894    0.002478   0.0003189
       1.087    0.003701    0.000865    0.002686   0.0001504
       1.097    0.003892   0.0008289    0.002914   0.0001492
       1.107    0.004112   0.0007886    0.003163   0.0001609
       1.117    0.004362   0.0007535    0.003432    0.000177
       1.127    0.004637   0.0007201     0.00372   0.0001966
       1.137    0.004939   0.0006913    0.004027   0.0002204
       1.147    0.005268    0.000666     0.00435   0.0002512
       1.157    0.005629    0.000642    0.004688   0.0002991
       1.167    0.005998   0.0006174    0.005036   0.0003444
       1.177    0.006378   0.0005921    0.005392   0.0003936
       1.187    0.006784   0.0005662    0.005751   0.0004669
       1.197    0.007207   0.0005378    0.006109   0.0005595
       1.207    0.007631   0.0005183    0.006461   0.0006516
       1.217    0.008103   0.0005007    0.006801    0.000801
       1.227    0.008881   0.0004867    0.007135     0.00126
       1.237    0.009569    0.000472     0.00746    0.001638
       1.247     0.01007   0.0004569    0.007777    0.001841
       1.257     0.01058   0.0004421    0.008085    0.002049
       1.267     0.01109   0.0004281    0.008384    0.002277
       1.277      0.0116    0.000414    0.008678    0.002512
       1.287     0.01216   0.0004001     0.00897    0.002786
       1.297     0.01283   0.0003868    0.009256    0.003183
       1.307     0.01374    0.000373    0.009543    0.003823
       1.317     0.01511   0.0003592    0.009832    0.004918
       1.327     0.01652   0.0003461     0.01013    0.006048
       1.337     0.01777   0.0003326     0.01043    0.007011
       1.347     0.01862   0.0003197     0.01075    0.007554
       1.357     0.01908   0.0003069     0.01107    0.007699
       1.367     0.01974   0.0002954     0.01141    0.008035
       1.377     0.02057   0.0002845     0.01177     0.00852
       1.387     0.02119   0.0002748     0.01214     0.00878
       1.397     0.02176   0.0002651     0.01254    0.008964
       1.407     0.02235   0.0002563     0.01296     0.00913
       1.417     0.02292    0.000248     0.01342    0.009249
       1.427     0.02343   0.0002397     0.01393    0.009261
       1.437     0.02377   0.0002317     0.01449     0.00905
       1.447     0.02371   0.0002237      0.0151    0.008392
       1.457     0.02369   0.0002154     0.01575    0.007722
       1.467     0.02396    0.000207     0.01646    0.007293
       1.477     0.02478   0.0001986     0.01717    0.007412
       1.487     0.02694   0.0001903      0.0179    0.008848
       1.497     0.02838   0.0001819     0.01863     0.00957
       1.507     0.02953   0.0001733     0.01936    0.009992
       1.517     0.03107   0.0001644      0.0201     0.01081
       1.527     0.03265   0.0001557     0.02083     0.01167
       1.537     0.03464   0.0001468     0.02155     0.01295
       1.547     0.03631   0.0001379     0.02228     0.01389
       1.557     0.03782    0.000129     0.02302     0.01466
       1.567     0.03945   0.0001204     0.02378     0.01554
       1.577     0.04095   0.0001124     0.02456     0.01627
       1.587     0.04251   0.0001049     0.02537     0.01703
       1.597     0.04403   9.803e-05     0.02622     0.01771
       1.607     0.04553   9.164e-05     0.02717     0.01826
       1.617     0.04597   8.575e-05      0.0282     0.01769
       1.627     0.04723   8.033e-05     0.02929     0.01786
       1.637      0.0491   7.536e-05     0.03047     0.01855
       1.647     0.05117    7.08e-05     0.03176     0.01933
       1.657      0.0538   6.664e-05     0.03314     0.02059
       1.667     0.05634   6.285e-05     0.03459     0.02169
       1.677      0.0595    5.94e-05     0.03611     0.02334
       1.687      0.0627   5.628e-05     0.03763     0.02501
       1.697     0.06579   5.344e-05     0.03916     0.02657
       1.707     0.06912   5.087e-05     0.04068      0.0284
       1.717      0.0726   4.855e-05     0.04218     0.03036
       1.727      0.0761   4.644e-05     0.04364     0.03242
       1.737      0.0796   4.452e-05       0.045     0.03456
       1.747     0.08307   4.277e-05     0.04626     0.03677
       1.757     0.08653   4.116e-05     0.04746     0.03903
       1.767     0.08989   3.967e-05     0.04853     0.04132
       1.777     0.09308   3.828e-05     0.04946     0.04358
       1.787     0.09595   3.697e-05     0.05026     0.04565
       1.797     0.09874   3.573e-05     0.05094     0.04776
       1.807      0.1015   3.454e-05     0.05148        0.05
       1.817      0.1047   3.339e-05      0.0519     0.05275
       1.827      0.1082   3.227e-05     0.05223     0.05595
       1.837       0.112   3.118e-05     0.05247     0.05951
       1.847      0.1161    3.01e-05     0.05262     0.06345
       1.857      0.1207   2.904e-05      0.0527     0.06801
       1.867       0.126     2.8e-05     0.05276     0.07321
       1.877       0.132   2.696e-05     0.05279     0.07917
       1.887      0.1388   2.594e-05      0.0528     0.08599
       1.897      0.1466   2.494e-05     0.05281      0.0938
       1.907      0.1556   2.395e-05     0.05283      0.1027
       1.917      0.1658   2.298e-05     0.05286      0.1129
       1.927      0.1774   2.203e-05      0.0529      0.1245
       1.937      0.1906   2.109e-05     0.05295      0.1376
       1.947      0.2053   2.018e-05     0.05301      0.1523
       1.957      0.2216   1.929e-05     0.05306      0.1685
       1.967      0.2396   1.842e-05     0.05311      0.1864
       1.977      0.2591   1.757e-05     0.05314      0.2059
       1.987      0.2801   1.674e-05     0.05316       0.227
       1.997      0.3026   1.594e-05     0.05313      0.2494
       2.007      0.3263   1.516e-05     0.05306      0.2732
       2.017      0.3511   1.441e-05     0.05294      0.2982
       2.027       0.377   1.369e-05     0.05277      0.3242
       2.037      0.4036   1.299e-05     0.05253       0.351
       2.047      0.4308   1.232e-05     0.05222      0.3786
       2.057      0.4585   1.169e-05     0.05186      0.4067
       2.067      0.4866   1.108e-05     0.05143      0.4352
       2.077      0.5149    1.05e-05     0.05094       0.464
       2.087      0.5434    9.95e-06     0.05039       0.493
       2.097       0.572   9.431e-06     0.04976      0.5222
       2.107      0.6006   8.942e-06     0.04909      0.5515
       2.117      0.6294   8.483e-06     0.04836      0.5811
       2.127      0.6583   8.051e-06     0.04759      0.6107
       2.137      0.6874   7.648e-06     0.04677      0.6406
       2.147      0.7165   7.271e-06     0.04591      0.6706
       2.157      0.7458    6.92e-06     0.04502      0.7008
       2.167      0.7753   6.592e-06     0.04409      0.7312
       2.177      0.8049   6.286e-06     0.04313      0.7617
       2.187      0.8345       6e-06     0.04214      0.7924
       2.197      0.8642   5.733e-06     0.04114      0.8231
       2.207      0.8938   5.483e-06     0.04011      0.8537
       2.217      0.9233   5.248e-06     0.03907      0.8843
       2.227      0.9526   5.026e-06     0.03803      0.9146
       2.237      0.9815   4.816e-06     0.03697      0.9446
       2.247        1.01   4.616e-06      0.0359       0.974
       2.257       1.038   4.426e-06     0.03483       1.003
       2.267       1.065   4.243e-06     0.03376       1.031
       2.277       1.091   4.068e-06     0.03269       1.058
       2.287       1.116   3.898e-06     0.03163       1.084
       2.297       1.139   3.735e-06     0.03056       1.109
       2.307       1.162   3.576e-06     0.02951       1.132
       2.317       1.183   3.422e-06     0.02846       1.154
       2.327       1.202   3.273e-06     0.02743       1.174
       2.337       1.219   3.128e-06      0.0264       1.193
       2.347       1.234   2.988e-06      0.0254       1.209
       2.357       1.248   2.852e-06     0.02441       1.223
       2.367       1.259   2.722e-06     0.02343       1.236
       2.377       1.268   2.597e-06     0.02248       1.246
       2.387       1.275   2.477e-06     0.02154       1.254
       2.397        1.28   2.363e-06     0.02062       1.259
       2.407       1.283   2.254e-06     0.01972       1.263
       2.417       1.283    2.15e-06     0.01885       1.264
       2.427       1.281   2.051e-06     0.01801       1.263
       2.437       1.277   1.957e-06     0.01719        1.26
       2.447        1.27   1.868e-06     0.01639       1.254
       2.457       1.262   1.783e-06     0.01562       1.246
       2.467       1.252   1.702e-06     0.01487       1.237
       2.477        1.24   1.625e-06     0.01414       1.225
       2.487       1.226   1.552e-06     0.01345       1.212
       2.497        1.21   1.483e-06     0.01277       1.197
       2.507       1.193   1.416e-06     0.01213       1.181
       2.517       1.175   1.353e-06      0.0115       1.163
       2.527       1.155   1.292e-06     0.01091       1.144
       2.537       1.135   1.234e-06     0.01034       1.125
       2.547       1.114   1.178e-06    0.009785       1.104
       2.557       1.092   1.125e-06    0.009259       1.083
       2.567       1.071   1.074e-06    0.008756       1.062
       2.577       1.048   1.025e-06    0.008274        1.04
       2.587       1.025   9.789e-07    0.007814       1.017
       2.597       1.001   9.345e-07    0.007379      0.9933
       2.607      0.9749   8.923e-07    0.006964       0.968
       2.617      0.9481    8.52e-07    0.006564      0.9416
       2.627      0.9203   8.135e-07    0.006188      0.9141
       2.637      0.8915   7.767e-07    0.005826      0.8857
       2.647       0.862   7.414e-07    0.005485      0.8565
       2.657      0.8318   7.075e-07    0.005159      0.8267
       2.667       0.801   6.748e-07     0.00485      0.7962
       2.677      0.7696   6.431e-07    0.004562      0.7651
       2.687      0.7376   6.123e-07    0.004285      0.7333
       2.697      0.7052   5.822e-07    0.004022      0.7012
       2.707      0.6727   5.526e-07    0.003771      0.6689
       2.717      0.6406   5.235e-07    0.003539       0.637
       2.727      0.6095   4.947e-07    0.003319      0.6062
       2.737      0.5795   4.661e-07    0.003111      0.5764
       2.747      0.5507   4.376e-07    0.002913      0.5477
       2.757       0.523   4.091e-07     0.00273      0.5202
       2.767      0.4964   3.807e-07    0.002557      0.4938
       2.777      0.4708   3.522e-07    0.002396      0.4684
       2.787      0.4462   3.238e-07     0.00224       0.444
       2.797      0.4226   2.953e-07    0.002097      0.4205
       2.807      0.3999   2.668e-07     0.00196      0.3979
       2.817      0.3781   2.384e-07    0.001833      0.3763
       2.827      0.3572   2.099e-07    0.001712      0.3555
       2.837      0.3371   1.814e-07      0.0016      0.3355
       2.847      0.3178   1.529e-07    0.001494      0.3163
       2.857      0.2993   1.245e-07    0.001394      0.2979
       2.867      0.2816   9.599e-08    0.001302      0.2803
       2.877      0.2647   6.752e-08    0.001215      0.2635
       2.887      0.2485   3.904e-08    0.001134      0.2473
       2.897       0.233   1.055e-08    0.001058       0.232
       2.907      0.2183  -1.793e-08   0.0009877      0.2173
       2.917      0.2044  -4.641e-08   0.0009222      0.2034
       2.927      0.1911   -7.49e-08    0.000861      0.1902
       2.937      0.1785  -1.034e-07   0.0008032      0.1777
       2.947      0.1665  -1.319e-07   0.0007495      0.1658
       2.957      0.1552  -1.604e-07      0.0007      0.1545
       2.967      0.1446  -1.888e-07   0.0006526      0.1439
       2.977      0.1346  -2.173e-07   0.0006092       0.134
       2.987      0.1253  -2.458e-07   0.0005686      0.1248
       2.997      0.1166  -2.743e-07   0.0005304      0.1161
       3.007      0.1085  -3.028e-07   0.0004952       0.108
       3.017      0.1009  -3.313e-07   0.0004621      0.1005
       3.027     0.09384  -3.598e-07   0.0004312     0.09341
       3.037     0.08722  -3.883e-07   0.0004024     0.08682
       3.047     0.08105  -4.168e-07   0.0003758     0.08068
       3.057     0.07531  -4.453e-07   0.0003505     0.07496
       3.067     0.06995  -4.738e-07   0.0003272     0.06963
       3.077     0.06497  -5.023e-07   0.0003054     0.06466
       3.087     0.06033  -5.308e-07    0.000285     0.06004
       3.097     0.05601  -5.593e-07   0.0002659     0.05574
       3.107     0.05199  -5.878e-07   0.0002482     0.05175
       3.117     0.04825  -6.163e-07   0.0002316     0.04802
       3.127     0.04478  -6.448e-07   0.0002161     0.04456
       3.137     0.04155  -6.733e-07   0.0002016     0.04135
       3.147     0.03855  -7.018e-07   0.0001882     0.03836
       3.157     0.03577  -7.303e-07   0.0001757     0.03559
       3.167     0.03318  -7.588e-07   0.0001639     0.03302
       3.177     0.03078  -7.873e-07    0.000153     0.03063
       3.187     0.02855  -8.158e-07   0.0001428     0.02841
       3.197     0.02648  -8.443e-07   0.0001332     0.02635
       3.207     0.02456  -8.728e-07   0.0001243     0.02444
       3.217     0.02278  -9.013e-07   0.0001159     0.02266
       3.227     0.02113  -9.298e-07   0.0001082     0.02102
       3.237     0.01959  -9.583e-07    0.000101     0.01949
       3.247     0.01817  -9.869e-07   9.429e-05     0.01808
       3.257     0.01685  -1.015e-06   8.796e-05     0.01677
       3.267     0.01563  -1.044e-06    8.21e-05     0.01555
       3.277      0.0145  -1.072e-06   7.659e-05     0.01442
       3.287     0.01345  -1.101e-06   7.149e-05     0.01338
       3.297     0.01248  -1.129e-06   6.673e-05     0.01241
       3.307     0.01158  -1.158e-06   6.227e-05     0.01152
       3.317     0.01074  -1.186e-06   5.815e-05     0.01068
       3.327    0.009967  -1.215e-06   5.427e-05    0.009914
       3.337    0.009249  -1.243e-06   5.066e-05      0.0092
       3.347    0.008584  -1.272e-06   4.727e-05    0.008538
       3.357    0.007967    -1.3e-06    4.41e-05    0.007924
       3.367    0.007395  -1.329e-06   4.116e-05    0.007356
       3.377    0.006866  -1.357e-06   3.842e-05    0.006829
       3.387    0.006375  -1.386e-06   3.585e-05     0.00634
       3.397    0.005919  -1.415e-06   3.345e-05    0.005887
       3.407    0.005496  -1.443e-06   3.122e-05    0.005466
       3.417    0.005104  -1.472e-06   2.913e-05    0.005077
       3.427    0.004741    -1.5e-06   2.719e-05    0.004715
       3.437    0.004404  -1.529e-06   2.537e-05     0.00438
       3.447    0.004092  -1.557e-06   2.365e-05     0.00407
       3.457    0.003802  -1.586e-06   2.209e-05    0.003782
       3.467    0.003534  -1.614e-06   2.062e-05    0.003515
       3.477    0.003285  -1.643e-06   1.923e-05    0.003267
       3.487    0.003054  -1.671e-06   1.792e-05    0.003038
       3.497    0.002824    -1.7e-06   8.595e-13    0.002826
       3.507    0.002628  -1.728e-06   8.595e-13     0.00263
       3.517    0.002446  -1.757e-06   8.595e-13    0.002448
       3.527    0.002278  -1.785e-06   8.595e-13     0.00228
       3.537    0.002123  -1.814e-06   8.595e-13    0.002124
       3.547    0.001979  -1.842e-06   8.595e-13    0.001981
       3.557    0.001846  -1.871e-06   8.595e-13    0.001848
       3.567    0.001723  -1.899e-06   8.595e-13    0.001725
       3.577     0.00161  -1.928e-06   8.595e-13    0.001612
       3.587    0.001505  -1.956e-06   8.595e-13    0.001507
       3.597    0.001409  -1.985e-06   8.595e-13    0.001411
       3.607     0.00132  -2.013e-06   8.595e-13    0.001322
       3.617    0.001238  -2.042e-06   8.595e-13     0.00124
       3.627    0.001162   -2.07e-06   8.595e-13    0.001164
       3.637    0.001092  -2.099e-06   8.595e-13    0.001094
       3.647    0.001028  -2.127e-06   8.595e-13     0.00103
       3.657   0.0009689  -2.156e-06   8.595e-13    0.000971
       3.667   0.0009144  -2.184e-06   8.595e-13   0.0009166
       3.677   0.0008645  -2.213e-06   8.595e-13   0.0008667
       3.687   0.0008186  -2.241e-06   8.595e-13   0.0008208
       3.697   0.0007765   -2.27e-06   8.595e-13   0.0007787
       3.707   0.0007379  -2.298e-06   8.595e-13   0.0007402
       3.717   0.0007025  -2.327e-06   8.595e-13   0.0007048
       3.727   0.0006702  -2.355e-06   8.595e-13   0.0006725
       3.737   0.0006406  -2.384e-06   8.595e-13    0.000643
       3.747   0.0006135  -2.412e-06   8.595e-13    0.000616
       3.757   0.0005889  -2.441e-06   8.595e-13   0.0005914
       3.767   0.0005665  -2.469e-06   8.595e-13    0.000569
       3.777   0.0005462  -2.498e-06   8.595e-13   0.0005487
       3.787   0.0005278  -2.527e-06   8.595e-13   0.0005303
       3.797   0.0005112  -2.555e-06   8.595e-13   0.0005138
       3.807   0.0004962  -2.584e-06   8.595e-13   0.0004988
       3.817   0.0004828  -2.612e-06   8.595e-13   0.0004854
       3.827   0.0004708  -2.641e-06   8.595e-13   0.0004735
       3.837   0.0004602  -2.669e-06   8.595e-13   0.0004628
       3.847   0.0004508  -2.698e-06   8.595e-13   0.0004535
       3.857   0.0004425  -2.726e-06   8.595e-13   0.0004452
       3.867   0.0004353  -2.755e-06   8.595e-13   0.0004381
       3.877   0.0004291  -2.783e-06   8.595e-13   0.0004319
       3.887   0.0004239  -2.812e-06   8.595e-13   0.0004267
       3.897   0.0004195   -2.84e-06   8.595e-13   0.0004224
       3.907    0.000416  -2.869e-06   8.595e-13   0.0004189
       3.917   0.0004132  -2.897e-06   8.595e-13   0.0004161
       3.927   0.0004112  -2.926e-06   8.595e-13   0.0004141
       3.937   0.0004098  -2.954e-06   8.595e-13   0.0004128
       3.947   0.0004091  -2.983e-06   8.595e-13   0.0004121
       3.957   0.0004089  -3.011e-06   8.595e-13   0.0004119
       3.967   0.0004093   -3.04e-06   8.595e-13   0.0004124
       3.977   0.0004103  -3.068e-06   8.595e-13   0.0004134
       3.987   0.0004117  -3.097e-06   8.595e-13   0.0004148
       3.997   0.0004137  -3.125e-06   8.595e-13   0.0004168
       4.007   0.0004161  -3.154e-06   8.595e-13   0.0004192
       4.017   0.0004189  -3.182e-06   8.595e-13   0.0004221
       4.027   0.0004221  -3.211e-06   8.595e-13   0.0004253
       4.037   0.0004257  -3.239e-06   8.595e-13   0.0004289
       4.047   0.0004297  -3.268e-06   8.595e-13   0.0004329
       4.057    0.000434  -3.296e-06   8.595e-13   0.0004373
       4.067   0.0004387  -3.325e-06   8.595e-13    0.000442
       4.077   0.0004437  -3.353e-06   8.595e-13   0.0004471
       4.087   0.0004491  -3.382e-06   8.595e-13   0.0004524
       4.097   0.0004547   -3.41e-06   8.595e-13   0.0004581
       4.107   0.0004606  -3.439e-06   8.595e-13   0.0004641
       4.117   0.0004669  -3.467e-06   8.595e-13   0.0004703
       4.127   0.0004734  -3.496e-06   8.595e-13   0.0004769
       4.137   0.0004802  -3.524e-06   8.595e-13   0.0004837
       4.147   0.0004873  -3.553e-06   8.595e-13   0.0004908
       4.157   0.0004946  -3.582e-06   8.595e-13   0.0004982
       4.167   0.0005022   -3.61e-06   8.595e-13   0.0005058
       4.177     0.00051  -3.639e-06   8.595e-13   0.0005137
       4.187   0.0005181  -3.667e-06   8.595e-13   0.0005218
       4.197   0.0005265  -3.696e-06   8.595e-13   0.0005302
       4.207   0.0005351  -3.724e-06   8.595e-13   0.0005388
       4.217   0.0005439  -3.753e-06   8.595e-13   0.0005477
       4.227    0.000553  -3.781e-06   8.595e-13   0.0005568
       4.237   0.0005623   -3.81e-06   8.595e-13   0.0005661
       4.247   0.0005719  -3.838e-06   8.595e-13   0.0005757
       4.257   0.0005817  -3.867e-06   8.595e-13   0.0005856
       4.267   0.0005918  -3.895e-06   8.595e-13   0.0005957
       4.277   0.0006021  -3.924e-06   8.595e-13    0.000606
       4.287   0.0006126  -3.952e-06   8.595e-13   0.0006165
       4.297   0.0006234  -3.981e-06   8.595e-13   0.0006274
       4.307   0.0006344  -4.009e-06   8.595e-13   0.0006384
       4.317   0.0006457  -4.038e-06   8.595e-13   0.0006497
       4.327   0.0006572  -4.066e-06   8.595e-13   0.0006613
       4.337    0.000669  -4.095e-06   8.595e-13   0.0006731
       4.347    0.000681  -4.123e-06   8.595e-13   0.0006851
       4.357   0.0006933  -4.152e-06   8.595e-13   0.0006975
       4.367   0.0007058   -4.18e-06   8.595e-13     0.00071
       4.377   0.0007186  -4.209e-06   8.595e-13   0.0007229
       4.387   0.0007317  -4.237e-06   8.595e-13   0.0007359
       4.397    0.000745  -4.266e-06   8.595e-13   0.0007493
       4.407   0.0007586  -4.294e-06   8.595e-13   0.0007629
       4.417   0.0007725  -4.323e-06   8.595e-13   0.0007768
       4.427   0.0007867  -4.351e-06   8.595e-13    0.000791
       4.437   0.0008011   -4.38e-06   8.595e-13   0.0008055
       4.447   0.0008158  -4.408e-06   8.595e-13   0.0008202
       4.457   0.0008308  -4.437e-06   8.595e-13   0.0008353
       4.467   0.0008461  -4.465e-06   8.595e-13   0.0008506
       4.477   0.0008617  -4.494e-06   8.595e-13   0.0008662
       4.487   0.0008776  -4.522e-06   8.595e-13   0.0008822
       4.497   0.0008938  -4.551e-06   8.595e-13   0.0008984
       4.507   0.0009104  -4.579e-06   8.595e-13   0.0009149
       4.517   0.0009272  -4.608e-06   8.595e-13   0.0009318
       4.527   0.0009444  -4.636e-06   8.595e-13    0.000949
       4.537   0.0009618  -4.665e-06   8.595e-13   0.0009665
       4.547   0.0009797  -4.694e-06   8.595e-13   0.0009844
       4.557   0.0009978  -4.722e-06   8.595e-13    0.001003
       4.567    0.001016  -4.751e-06   8.595e-13    0.001021
       4.577    0.001035  -4.779e-06   8.595e-13     0.00104
       4.587    0.001054  -4.808e-06   8.595e-13    0.001059
       4.597    0.001074  -4.836e-06   8.595e-13    0.001079
       4.607    0.001094  -4.865e-06   8.595e-13    0.001099
       4.617    0.001114  -4.893e-06   8.595e-13    0.001119
       4.627    0.001135  -4.922e-06   8.595e-13     0.00114
       4.637    0.001156   -4.95e-06   8.595e-13    0.001161
       4.647    0.001178  -4.979e-06   8.595e-13    0.001183
       4.657    0.001199  -5.007e-06   8.595e-13    0.001204
       4.667    0.001222  -5.036e-06   8.595e-13    0.001227
       4.677    0.001245  -5.064e-06   8.595e-13     0.00125
       4.687    0.001268  -5.093e-06   8.595e-13    0.001273
       4.697    0.001291  -5.121e-06   8.595e-13    0.001296
       4.707    0.001315   -5.15e-06   8.595e-13     0.00132
       4.717     0.00134  -5.178e-06   8.595e-13    0.001345
       4.727    0.001365  -5.207e-06   8.595e-13     0.00137
       4.737     0.00139  -5.235e-06   8.595e-13    0.001395
       4.747    0.001416  -5.264e-06   8.595e-13    0.001421
       4.757    0.001442  -5.292e-06   8.595e-13    0.001448
       4.767    0.001469  -5.321e-06   8.595e-13    0.001475
       4.777    0.001497  -5.349e-06   8.595e-13    0.001502
       4.787    0.001524  -5.378e-06   8.595e-13     0.00153
       4.797    0.001553  -5.406e-06   8.595e-13    0.001558
       4.807    0.001582  -5.435e-06   8.595e-13    0.001587
       4.817    0.001611  -5.463e-06   8.595e-13    0.001617
       4.827    0.001641  -5.492e-06   8.595e-13    0.001647
       4.837    0.001672   -5.52e-06   8.595e-13    0.001677
       4.847    0.001703  -5.549e-06   8.595e-13    0.001709
       4.857    0.001735  -5.577e-06   8.595e-13     0.00174
       4.867    0.001767  -5.606e-06   8.595e-13    0.001773
       4.877      0.0018  -5.634e-06   8.595e-13    0.001806
       4.887    0.001833  -5.663e-06   8.595e-13    0.001839
       4.897    0.001868  -5.691e-06   8.595e-13    0.001873
       4.907    0.001902   -5.72e-06   8.595e-13    0.001908
       4.917    0.001938  -5.748e-06   8.595e-13    0.001944
       4.927    0.001974  -5.777e-06   8.595e-13     0.00198
       4.937    0.002011  -5.805e-06   8.595e-13    0.002016
       4.947    0.002048  -5.834e-06   8.595e-13    0.002054
       4.957    0.002086  -5.862e-06   8.595e-13    0.002092
       4.967    0.002125  -5.891e-06   8.595e-13    0.002131
       4.977    0.002165   -5.92e-06   8.595e-13    0.002171
       4.987    0.002205  -5.948e-06   8.595e-13    0.002211
       4.997    0.002246  -5.977e-06   8.595e-13    0.002252
       5.007    0.002288  -6.005e-06   8.595e-13    0.002294
       5.017    0.002331  -6.034e-06   8.595e-13    0.002337
       5.027    0.002374  -6.062e-06   8.595e-13     0.00238
       5.037    0.002418  -6.091e-06   8.595e-13    0.002424
       5.047    0.002463  -6.119e-06   8.595e-13    0.002469
       5.057    0.002509  -6.148e-06   8.595e-13    0.002515
       5.067    0.002556  -6.176e-06   8.595e-13    0.002562
       5.077    0.002603  -6.205e-06   8.595e-13     0.00261
       5.087    0.002652  -6.233e-06   8.595e-13    0.002658
       5.097    0.002701  -6.262e-06   8.595e-13    0.002708
       5.107    0.002752   -6.29e-06   8.595e-13    0.002758
       5.117    0.002803  -6.319e-06   8.595e-13    0.002809
       5.127    0.002855  -6.347e-06   8.595e-13    0.002861
       5.137    0.002908  -6.376e-06   8.595e-13    0.002915
       5.147    0.002962  -6.404e-06   8.595e-13    0.002969
       5.157    0.003018  -6.433e-06   8.595e-13    0.003024
       5.167    0.003074  -6.461e-06   8.595e-13     0.00308
       5.177    0.003131   -6.49e-06   8.595e-13    0.003137
       5.187    0.003189  -6.518e-06   8.595e-13    0.003196
       5.197    0.003249  -6.547e-06   8.595e-13    0.003255
       5.207    0.003309  -6.575e-06   8.595e-13    0.003316
       5.217    0.003371  -6.604e-06   8.595e-13    0.003377
       5.227    0.003434  -6.632e-06   8.595e-13     0.00344
       5.237    0.003497  -6.661e-06   8.595e-13    0.003504
       5.247    0.003563  -6.689e-06   8.595e-13    0.003569
       5.257    0.003629  -6.718e-06   8.595e-13    0.003636
       5.267    0.003696  -6.746e-06   8.595e-13    0.003703
       5.277    0.003765  -6.775e-06   8.595e-13    0.003772
       5.287    0.003835  -6.803e-06   8.595e-13    0.003842
       5.297    0.003907  -6.832e-06   8.595e-13    0.003914
       5.307     0.00398   -6.86e-06   8.595e-13    0.003986
       5.317    0.004054  -6.889e-06   8.595e-13     0.00406
       5.327    0.004129  -6.917e-06   8.595e-13    0.004136
       5.337    0.004206  -6.946e-06   8.595e-13    0.004213
       5.347    0.004284  -6.974e-06   8.595e-13    0.004291
       5.357    0.004364  -7.003e-06   8.595e-13    0.004371
       5.367    0.004445  -7.031e-06   8.595e-13    0.004452
       5.377    0.004528   -7.06e-06   8.595e-13    0.004535
       5.387    0.004612  -7.088e-06   8.595e-13    0.004619
       5.397    0.004698  -7.117e-06   8.595e-13    0.004705
       5.407    0.004786  -7.145e-06   8.595e-13    0.004793
       5.417    0.004875  -7.174e-06   8.595e-13    0.004882
       5.427    0.004965  -7.202e-06   8.595e-13    0.004973
       5.437    0.005058  -7.231e-06   8.595e-13    0.005065
       5.447    0.005152   -7.26e-06   8.595e-13    0.005159
       5.457    0.005248  -7.288e-06   8.595e-13    0.005255
       5.467    0.005345  -7.317e-06   8.595e-13    0.005353
       5.477    0.005445  -7.345e-06   8.595e-13    0.005452
       5.487    0.005546  -7.374e-06   8.595e-13    0.005554
       5.497    0.005649  -7.402e-06   8.595e-13    0.005657
       5.507    0.005755  -7.431e-06   8.595e-13    0.005762
       5.517    0.005862  -7.459e-06   8.595e-13    0.005869
       5.527    0.005971  -7.488e-06   8.595e-13    0.005978
       5.537    0.006082  -7.516e-06   8.595e-13    0.006089
       5.547    0.006195  -7.545e-06   8.595e-13    0.006203
       5.557     0.00631  -7.573e-06   8.595e-13    0.006318
       5.567    0.006428  -7.602e-06   8.595e-13    0.006435
       5.577    0.006547   -7.63e-06   8.595e-13    0.006555
       5.587    0.006669  -7.659e-06   8.595e-13    0.006677
       5.597    0.006793  -7.687e-06   8.595e-13    0.006801
       5.607     0.00692  -7.716e-06   8.595e-13    0.006928
       5.617    0.007049  -7.744e-06   8.595e-13    0.007056
       5.627     0.00718  -7.773e-06   8.595e-13    0.007187
       5.637    0.007313  -7.801e-06   8.595e-13    0.007321
       5.647    0.007449   -7.83e-06   8.595e-13    0.007457
       5.657    0.007588  -7.858e-06   8.595e-13    0.007596
       5.667    0.007729  -7.887e-06   8.595e-13    0.007737
       5.677    0.007873  -7.915e-06   8.595e-13    0.007881
       5.687     0.00802  -7.944e-06   8.595e-13    0.008027
       5.697    0.008169  -7.972e-06   8.595e-13    0.008177
       5.707    0.008321  -8.001e-06   8.595e-13    0.008329
       5.717    0.008476  -8.029e-06   8.595e-13    0.008484
       5.727    0.008633  -8.058e-06   8.595e-13    0.008641
       5.737    0.008794  -8.086e-06   8.595e-13    0.008802
       5.747    0.008957  -8.115e-06   8.595e-13    0.008966
       5.757    0.009124  -8.143e-06   8.595e-13    0.009132
       5.767    0.009294  -8.172e-06   8.595e-13    0.009302
       5.777    0.009467    -8.2e-06   8.595e-13    0.009475
       5.787    0.009643  -8.229e-06   8.595e-13    0.009651
       5.797    0.009822  -8.257e-06   8.595e-13    0.009831
       5.807     0.01001  -8.286e-06   8.595e-13     0.01001
       5.817     0.01019  -8.314e-06   8.595e-13      0.0102
       5.827     0.01038  -8.343e-06   8.595e-13     0.01039
       5.837     0.01057  -8.371e-06   8.595e-13     0.01058
       5.847     0.01077    -8.4e-06   8.595e-13     0.01078
       5.857     0.01097  -8.428e-06   8.595e-13     0.01098
       5.867     0.01118  -8.457e-06   8.595e-13     0.01118
       5.877     0.01138  -8.485e-06   8.595e-13     0.01139
       5.887     0.01159  -8.514e-06   8.595e-13      0.0116
       5.897     0.01181  -8.542e-06   8.595e-13     0.01182
       5.907     0.01203  -8.571e-06   8.595e-13     0.01204
       5.917     0.01225    -8.6e-06   8.595e-13     0.01226
       5.927     0.01248  -8.628e-06   8.595e-13     0.01249
       5.937     0.01271  -8.657e-06   8.595e-13     0.01272
       5.947     0.01295  -8.685e-06   8.595e-13     0.01296
       5.957     0.01319  -8.714e-06   8.595e-13      0.0132
       5.967     0.01344  -8.742e-06   8.595e-13     0.01345
       5.977     0.01369  -8.771e-06   8.595e-13      0.0137
       5.987     0.01394  -8.799e-06   8.595e-13     0.01395
       5.997      0.0142  -8.828e-06   8.595e-13     0.01421
       6.007     0.01446  -8.856e-06   8.595e-13     0.01447
       6.017     0.01473  -8.885e-06   8.595e-13     0.01474
       6.027     0.01501  -8.913e-06   8.595e-13     0.01502
       6.037     0.01529  -8.942e-06   8.595e-13      0.0153
       6.047     0.01557   -8.97e-06   8.595e-13     0.01558
       6.057     0.01586  -8.999e-06   8.595e-13     0.01587
       6.067     0.01616  -9.027e-06   8.595e-13     0.01617
       6.077     0.01646  -9.056e-06   8.595e-13     0.01647
       6.087     0.01676  -9.084e-06   8.595e-13     0.01677
