#      _xxWS        ftot       firac        fagn        fsfr
#
     -0.8761      0.1971     0.01836           0      0.1788
     -0.8661      0.1609      0.0192           0      0.1417
     -0.8561       0.125     0.02046           0      0.1045
     -0.8461     0.08929     0.02184           0     0.06744
     -0.8361     0.05382     0.02347           0     0.03035
     -0.8261     0.02524     0.02524           0  -2.416e-08
     -0.8161     0.02622     0.02622           0  -2.461e-08
     -0.8061     0.02722     0.02722           0  -2.506e-08
     -0.7961     0.02706     0.02706           0  -2.553e-08
     -0.7861     0.02739     0.02739           0    -2.6e-08
     -0.7761     0.02744     0.02744           0  -2.649e-08
     -0.7661     0.02761     0.02761           0  -2.698e-08
     -0.7561     0.02725     0.02725           0  -2.748e-08
     -0.7461     0.02787     0.02787           0  -2.799e-08
     -0.7361     0.02833     0.02833           0  -2.851e-08
     -0.7261     0.02852     0.02852           0  -2.904e-08
     -0.7161     0.02861     0.02861           0  -2.958e-08
     -0.7061     0.02843     0.02843           0  -3.013e-08
     -0.6961     0.02808     0.02808           0  -3.069e-08
     -0.6861     0.02773     0.02773           0  -3.126e-08
     -0.6761     0.02744     0.02744           0  -3.184e-08
     -0.6661     0.02743     0.02743           0  -3.244e-08
     -0.6561     0.02717     0.02717           0  -3.304e-08
     -0.6461     0.02707     0.02707           0  -3.365e-08
     -0.6361     0.02723     0.02723           0  -3.428e-08
     -0.6261     0.02773     0.02773           0  -3.492e-08
     -0.6161     0.02777     0.02777           0  -3.557e-08
     -0.6061     0.02789     0.02789           0  -3.623e-08
     -0.5961     0.02785     0.02785           0   -3.69e-08
     -0.5861     0.02773     0.02773           0  -3.759e-08
     -0.5761     0.02748     0.02748           0  -3.829e-08
     -0.5661     0.02726     0.02726           0    -3.9e-08
     -0.5561     0.02707     0.02707           0  -3.972e-08
     -0.5461     0.02687     0.02687           0  -4.046e-08
     -0.5361      0.0267      0.0267           0  -4.121e-08
     -0.5261     0.02657     0.02657           0  -4.198e-08
     -0.5161     0.02642     0.02642           0  -4.276e-08
     -0.5061     0.02612     0.02612           0  -4.355e-08
     -0.4961      0.0259      0.0259           0  -4.436e-08
     -0.4861     0.02574     0.02574           0  -4.519e-08
     -0.4761     0.02555     0.02555           0  -4.603e-08
     -0.4661     0.02538     0.02538           0  -4.688e-08
     -0.4561     0.02528     0.02528           0  -4.776e-08
     -0.4461     0.02532     0.02532           0  -4.864e-08
     -0.4361     0.02531     0.02531           0  -4.955e-08
     -0.4261      0.0253      0.0253           0  -5.047e-08
     -0.4161     0.02536     0.02536           0  -5.141e-08
     -0.4061     0.02534     0.02534           0  -5.236e-08
     -0.3961     0.02534     0.02534           0  -5.334e-08
     -0.3861      0.0253      0.0253           0  -5.433e-08
     -0.3761      0.0254      0.0254           0  -5.534e-08
     -0.3661     0.02627     0.02627           0  -5.637e-08
     -0.3561     0.02668     0.02668           0  -5.742e-08
     -0.3461     0.02742     0.02742           0  -5.848e-08
     -0.3361     0.02883     0.02883           0  -5.957e-08
     -0.3261     0.03034     0.03034           0  -6.068e-08
     -0.3161      0.0318      0.0318           0  -6.181e-08
     -0.3061     0.03317     0.03317           0  -6.296e-08
     -0.2961     0.03474     0.03474           0  -6.413e-08
     -0.2861     0.03649     0.03649           0  -6.532e-08
     -0.2761     0.03819     0.03819           0  -6.653e-08
     -0.2661     0.03988     0.03988           0  -6.777e-08
     -0.2561     0.04155     0.04155           0  -6.903e-08
     -0.2461     0.04299     0.04299           0  -7.031e-08
     -0.2361      0.0436      0.0436           0  -7.162e-08
     -0.2261     0.04477     0.04477           0  -7.295e-08
     -0.2161     0.04565     0.04565           0  -7.431e-08
     -0.2061     0.04579     0.04579           0  -7.569e-08
     -0.1961     0.04587     0.04587           0   -7.71e-08
     -0.1861     0.04605     0.04605           0  -7.853e-08
     -0.1761     0.04627     0.04627           0  -7.999e-08
     -0.1661      0.0464      0.0464           0  -8.148e-08
     -0.1561     0.04627     0.04627           0  -8.299e-08
     -0.1461     0.04625     0.04625           0  -8.453e-08
     -0.1361     0.04629     0.04629           0  -8.611e-08
     -0.1261     0.04642     0.04642           0  -8.771e-08
     -0.1161     0.04673     0.04673           0  -8.934e-08
     -0.1061     0.04703     0.04703           0    -9.1e-08
    -0.09606     0.04719     0.04719           0  -9.269e-08
    -0.08606     0.04734     0.04734           0  -9.441e-08
    -0.07606     0.04763     0.04763           0  -9.617e-08
    -0.06606     0.04798     0.04798           0  -9.796e-08
    -0.05606     0.04823     0.04823           0  -9.978e-08
    -0.04606      0.0485      0.0485           0  -1.016e-07
    -0.03606     0.04874     0.04874           0  -1.035e-07
    -0.02606     0.04908     0.04908           0  -1.054e-07
    -0.01606     0.04926     0.04926           0  -1.074e-07
   -0.006057     0.04982     0.04982           0  -1.094e-07
    0.003943     0.05037     0.05037           0  -1.114e-07
     0.01394     0.05101     0.05101           0  -1.135e-07
     0.02394     0.05155     0.05155           0  -1.156e-07
     0.03394     0.05186     0.05186           0  -1.178e-07
     0.04394     0.05252     0.05252           0    -1.2e-07
     0.05394     0.05315     0.05315           0  -1.222e-07
     0.06394     0.05364     0.05364           0  -1.245e-07
     0.07394      0.0542      0.0542           0  -1.268e-07
     0.08394     0.05484     0.05484           0  -1.291e-07
     0.09394     0.05512     0.05512           0  -1.315e-07
      0.1039     0.05563      0.0556           0     2.8e-05
      0.1139     0.05621     0.05613           0   7.378e-05
      0.1239     0.05636     0.05624           0    0.000116
      0.1339      0.0565     0.05635           0    0.000157
      0.1439     0.05655     0.05635           0   0.0001994
      0.1539     0.05665     0.05641           0   0.0002433
      0.1639     0.05703     0.05674           0   0.0002823
      0.1739     0.05711      0.0568           0    0.000312
      0.1839     0.05722     0.05689           0   0.0003329
      0.1939     0.05739     0.05704           0   0.0003439
      0.2039     0.05726     0.05692           0   0.0003386
      0.2139     0.05724      0.0569           0   0.0003383
      0.2239     0.05749     0.05715           0   0.0003472
      0.2339     0.05764     0.05728           0   0.0003596
      0.2439     0.05802     0.05765           0   0.0003729
      0.2539     0.05825     0.05786           0   0.0003853
      0.2639     0.05854     0.05815           0   0.0003945
      0.2739     0.05892     0.05853           0   0.0003981
      0.2839     0.05949     0.05909           0    0.000396
      0.2939     0.05996     0.05957           0   0.0003944
      0.3039      0.0603      0.0599           0   0.0003976
      0.3139     0.06026     0.05985           0   0.0004045
      0.3239     0.06013     0.05971           0   0.0004128
      0.3339     0.06039     0.05997           0   0.0004219
      0.3439     0.06015     0.05972           0   0.0004344
      0.3539     0.05996     0.05951           0   0.0004511
      0.3639     0.05949     0.05902           0   0.0004712
      0.3739     0.05887     0.05838           0   0.0004938
      0.3839     0.05818     0.05766           0   0.0005185
      0.3939     0.05717     0.05663           0    0.000545
      0.4039     0.05605     0.05548           0   0.0005734
      0.4139     0.05432     0.05372           0   0.0006036
      0.4239     0.05277     0.05213           0   0.0006357
      0.4339     0.05122     0.05055           0   0.0006702
      0.4439     0.04936     0.04865           0   0.0007078
      0.4539     0.04727     0.04652           0   0.0007498
      0.4639     0.04523     0.04444           0   0.0007959
      0.4739     0.04377     0.04293           0   0.0008431
      0.4839     0.04217     0.04128           0   0.0008903
      0.4939     0.04093        0.04           0   0.0009386
      0.5039     0.03964     0.03865           0   0.0009895
      0.5139     0.03834      0.0373           0    0.001044
      0.5239     0.03695     0.03585           0    0.001106
      0.5339     0.03549     0.03432           0     0.00118
      0.5439      0.0344     0.03312           0     0.00128
      0.5539     0.03327     0.03182           0    0.001458
      0.5639     0.03253     0.03051           0    0.002012
      0.5739     0.03744     0.02978           0    0.007654
      0.5839     0.03758      0.0294           0    0.008172
      0.5939     0.03727     0.02892           0    0.008352
      0.6039      0.0366     0.02812           0    0.008473
      0.6139     0.03588     0.02731           0    0.008574
      0.6239     0.03486      0.0262           0    0.008665
      0.6339     0.03375       0.025           0    0.008753
      0.6439     0.03278     0.02395           0    0.008838
      0.6539     0.03211     0.02319           0     0.00892
      0.6639     0.03158     0.02258           0    0.008997
      0.6739     0.03108     0.02202           0    0.009054
      0.6839     0.03059     0.02155           0    0.009043
      0.6939     0.02956     0.02089           0    0.008669
      0.7039      0.0234     0.02018           0    0.003219
      0.7139     0.02222     0.01931           0     0.00291
      0.7239     0.02131     0.01835           0    0.002961
      0.7339      0.0206     0.01751           0    0.003096
      0.7439        0.02     0.01671           0    0.003289
      0.7539     0.01957     0.01602           0    0.003551
      0.7639     0.01936     0.01541           0     0.00395
      0.7739      0.0196     0.01484           0    0.004759
      0.7839     0.01968     0.01425           0    0.005425
      0.7939     0.01977     0.01365           0    0.006123
      0.8039     0.02041     0.01304           0    0.007373
      0.8139     0.02139     0.01237           0    0.009022
      0.8239     0.02247     0.01191           0     0.01056
      0.8339     0.02488     0.01149           0     0.01339
      0.8439     0.03461     0.01116           0     0.02345
      0.8539     0.04216     0.01081           0     0.03135
      0.8639     0.04545     0.01045           0       0.035
      0.8739      0.0487      0.0101           0      0.0386
      0.8839     0.05223    0.009774           0     0.04245
      0.8939     0.05568    0.009444           0     0.04624
      0.9039     0.05965    0.009117           0     0.05053
      0.9139     0.06592    0.008806           0     0.05712
      0.9239     0.07656    0.008485           0     0.06807
      0.9339     0.09508    0.008163           0     0.08691
      0.9439      0.1135    0.007859           0      0.1056
      0.9539      0.1284    0.007546           0      0.1208
      0.9639      0.1353    0.007248           0      0.1281
      0.9739      0.1332    0.006953           0      0.1263
      0.9839       0.135    0.006685           0      0.1283
      0.9939      0.1401    0.006434           0      0.1336
       1.004      0.1413    0.006211           0      0.1351
       1.014      0.1411    0.005986           0      0.1351
       1.024      0.1405    0.005784           0      0.1347
       1.034      0.1388    0.005592           0      0.1332
       1.044      0.1349    0.005401           0      0.1295
       1.054      0.1268    0.005219           0      0.1216
       1.064      0.1105    0.005035           0      0.1055
       1.074     0.09429    0.004845           0     0.08944
       1.084     0.08267    0.004653           0     0.07802
       1.094     0.08036    0.004461           0      0.0759
       1.104     0.09823    0.004273           0     0.09396
       1.114      0.1042    0.004081           0      0.1001
       1.124       0.106    0.003888           0      0.1021
       1.134      0.1136    0.003684           0      0.1099
       1.144      0.1216    0.003487           0      0.1181
       1.154      0.1347    0.003286           0      0.1314
       1.164       0.143    0.003086           0      0.1399
       1.174       0.149    0.002886           0      0.1461
       1.184      0.1556    0.002692           0       0.153
       1.194      0.1603    0.002511           0      0.1578
       1.204      0.1648    0.002344           0      0.1624
       1.214      0.1676    0.002188           0      0.1654
       1.224      0.1678    0.002045           0      0.1658
       1.234        0.15    0.001913           0       0.148
       1.244      0.1429    0.001791           0      0.1411
       1.254      0.1418    0.001679           0      0.1401
       1.264        0.14    0.001577           0      0.1385
       1.274      0.1417    0.001484           0      0.1402
       1.284      0.1395    0.001399           0      0.1381
       1.294      0.1429    0.001322           0      0.1416
       1.304      0.1471    0.001252           0      0.1459
       1.314      0.1499    0.001188           0      0.1487
       1.324      0.1547    0.001131           0      0.1536
       1.334        0.16    0.001079           0       0.159
       1.344      0.1659    0.001031           0      0.1648
       1.354       0.172   0.0009886           0       0.171
       1.364      0.1781   0.0009494           0      0.1772
       1.374      0.1842   0.0009133           0      0.1833
       1.384      0.1899     0.00088           0       0.189
       1.394      0.1949   0.0008489           0       0.194
       1.404       0.198   0.0008196           0      0.1972
       1.414      0.2009   0.0007919           0      0.2001
       1.424      0.2041   0.0007653           0      0.2033
       1.434      0.2098   0.0007396           0      0.2091
       1.444      0.2172   0.0007147           0      0.2165
       1.454      0.2256   0.0006903           0      0.2249
       1.464      0.2347   0.0006663           0      0.2341
       1.474      0.2456   0.0006426           0       0.245
       1.484       0.258   0.0006193           0      0.2574
       1.494       0.272   0.0005963           0      0.2714
       1.504      0.2877   0.0005736           0      0.2871
       1.514      0.3053   0.0005513           0      0.3048
       1.524      0.3249   0.0005293           0      0.3244
       1.534      0.3466   0.0005078           0      0.3461
       1.544      0.3705   0.0004866           0      0.3701
       1.554      0.3967   0.0004659           0      0.3962
       1.564      0.4251   0.0004456           0      0.4246
       1.574      0.4556   0.0004258           0      0.4552
       1.584      0.4883   0.0004065           0      0.4879
       1.594       0.523   0.0003877           0      0.5226
       1.604      0.5595   0.0003694           0      0.5592
       1.614      0.5979   0.0003516           0      0.5976
       1.624       0.638   0.0003344           0      0.6377
       1.634      0.6798   0.0003178           0      0.6794
       1.644      0.7231   0.0003018           0      0.7228
       1.654       0.768   0.0002864           0      0.7677
       1.664      0.8145   0.0002717           0      0.8142
       1.674      0.8627   0.0002575           0      0.8625
       1.684      0.9128   0.0002441           0      0.9126
       1.694       0.965   0.0002313           0      0.9648
       1.704        1.02   0.0002192           0       1.019
       1.714       1.077   0.0002077           0       1.077
       1.724       1.137   0.0001969           0       1.137
       1.734         1.2   0.0001868           0         1.2
       1.744       1.267   0.0001773           0       1.267
       1.754       1.338   0.0001684           0       1.338
       1.764       1.414     0.00016           0       1.413
       1.774       1.493   0.0001523           0       1.493
       1.784       1.577    0.000145           0       1.577
       1.794       1.666   0.0001383           0       1.666
       1.804        1.76    0.000132           0       1.759
       1.814       1.858   0.0001261           0       1.858
       1.824       1.961   0.0001206           0       1.961
       1.834       2.069   0.0001154           0       2.069
       1.844       2.181   0.0001105           0       2.181
       1.854       2.298   0.0001059           0       2.298
       1.864       2.418   0.0001015           0       2.418
       1.874       2.542   9.729e-05           0       2.542
       1.884        2.67   9.327e-05           0        2.67
       1.894         2.8    8.94e-05           0         2.8
       1.904       2.932   8.567e-05           0       2.932
       1.914       3.066   8.206e-05           0       3.066
       1.924       3.201   7.857e-05           0       3.201
       1.934       3.336   7.518e-05           0       3.336
       1.944       3.471   7.189e-05           0       3.471
       1.954       3.606   6.871e-05           0       3.606
       1.964       3.738   6.562e-05           0       3.738
       1.974       3.868   6.265e-05           0       3.868
       1.984       3.996   5.978e-05           0       3.996
       1.994       4.119   5.703e-05           0       4.119
       2.004       4.238    5.44e-05           0       4.238
       2.014       4.353   5.188e-05           0       4.353
       2.024       4.461   4.948e-05           0       4.461
       2.034       4.564   4.719e-05           0       4.564
       2.044       4.659   4.502e-05           0       4.659
       2.054       4.748   4.295e-05           0       4.748
       2.064       4.829   4.099e-05           0       4.829
       2.074       4.902   3.913e-05           0       4.901
       2.084       4.966   3.736e-05           0       4.966
       2.094       5.023   3.567e-05           0       5.023
       2.104       5.071   3.407e-05           0       5.071
       2.114       5.111   3.253e-05           0       5.111
       2.124       5.143   3.107e-05           0       5.143
       2.134       5.167   2.968e-05           0       5.167
       2.144       5.185   2.834e-05           0       5.184
       2.154       5.195   2.707e-05           0       5.195
       2.164       5.201   2.585e-05           0       5.201
       2.174       5.201   2.468e-05           0       5.201
       2.184       5.197   2.356e-05           0       5.197
       2.194       5.187   2.249e-05           0       5.187
       2.204       5.168   2.147e-05           0       5.168
       2.214       5.137    2.05e-05           0       5.137
       2.224       5.094   1.957e-05           0       5.094
       2.234       5.039   1.868e-05           0       5.039
       2.244       4.972   1.784e-05           0       4.972
       2.254       4.895   1.703e-05           0       4.895
       2.264       4.807   1.626e-05           0       4.807
       2.274        4.71   1.551e-05           0        4.71
       2.284       4.603   1.479e-05           0       4.603
       2.294       4.486    1.41e-05           0       4.486
       2.304        4.36   1.342e-05           0        4.36
       2.314       4.225   1.276e-05           0       4.225
       2.324       4.084   1.211e-05           0       4.084
       2.334       3.939   1.148e-05           0       3.939
       2.344       3.796   1.084e-05           0       3.796
       2.354       3.655   1.022e-05           0       3.655
       2.364       3.516   9.592e-06           0       3.516
       2.374        3.38   8.968e-06           0        3.38
       2.384       3.246   8.344e-06           0       3.246
       2.394       3.115    7.72e-06           0       3.115
       2.404       2.986   7.096e-06           0       2.986
       2.414        2.86   6.472e-06           0        2.86
       2.424       2.736   5.848e-06           0       2.736
       2.434       2.615   5.223e-06           0       2.615
       2.444       2.496   4.599e-06           0       2.496
       2.454        2.38   3.975e-06           0        2.38
       2.464       2.267   3.351e-06           0       2.267
       2.474       2.156   2.727e-06           0       2.156
       2.484       2.047   2.103e-06           0       2.047
       2.494       1.942   1.479e-06           0       1.942
       2.504        1.84   8.553e-07           0        1.84
       2.514        1.74   2.313e-07           0        1.74
       2.524       1.644  -3.928e-07           0       1.644
       2.534       1.552  -1.017e-06           0       1.552
       2.544       1.463  -1.641e-06           0       1.463
       2.554       1.377  -2.265e-06           0       1.377
       2.564       1.295  -2.889e-06           0       1.295
       2.574       1.216  -3.513e-06           0       1.216
       2.584       1.141  -4.137e-06           0       1.141
       2.594        1.07  -4.761e-06           0        1.07
       2.604       1.003  -5.385e-06           0       1.003
       2.614      0.9393  -6.009e-06           0      0.9393
       2.624      0.8796  -6.633e-06           0      0.8796
       2.634      0.8232  -7.257e-06           0      0.8232
       2.644      0.7701  -7.881e-06           0      0.7701
       2.654      0.7201  -8.505e-06           0      0.7201
       2.664      0.6731  -9.129e-06           0      0.6731
       2.674      0.6288  -9.753e-06           0      0.6289
       2.684      0.5873  -1.038e-05           0      0.5873
       2.694      0.5484    -1.1e-05           0      0.5484
       2.704      0.5118  -1.163e-05           0      0.5119
       2.714      0.4776  -1.225e-05           0      0.4776
       2.724      0.4455  -1.287e-05           0      0.4455
       2.734      0.4155   -1.35e-05           0      0.4155
       2.744      0.3873  -1.412e-05           0      0.3873
       2.754       0.361  -1.475e-05           0       0.361
       2.764      0.3364  -1.537e-05           0      0.3364
       2.774      0.3134  -1.599e-05           0      0.3134
       2.784       0.292  -1.662e-05           0       0.292
       2.794      0.2719  -1.724e-05           0      0.2719
       2.804      0.2532  -1.787e-05           0      0.2532
       2.814      0.2357  -1.849e-05           0      0.2357
       2.824      0.2194  -1.911e-05           0      0.2194
       2.834      0.2042  -1.974e-05           0      0.2042
       2.844        0.19  -2.036e-05           0      0.1901
       2.854      0.1768  -2.099e-05           0      0.1768
       2.864      0.1645  -2.161e-05           0      0.1645
       2.874       0.153  -2.223e-05           0      0.1531
       2.884      0.1424  -2.286e-05           0      0.1424
       2.894      0.1324  -2.348e-05           0      0.1324
       2.904      0.1232  -2.411e-05           0      0.1232
       2.914      0.1145  -2.473e-05           0      0.1146
       2.924      0.1065  -2.535e-05           0      0.1065
       2.934     0.09905  -2.598e-05           0     0.09907
       2.944      0.0921   -2.66e-05           0     0.09213
       2.954     0.08564  -2.723e-05           0     0.08566
       2.964     0.07962  -2.785e-05           0     0.07964
       2.974     0.07402  -2.847e-05           0     0.07405
       2.984     0.06881   -2.91e-05           0     0.06884
       2.994     0.06397  -2.972e-05           0       0.064
       3.004     0.05946  -3.035e-05           0     0.05949
       3.014     0.05525  -3.097e-05           0     0.05529
       3.024     0.05135  -3.159e-05           0     0.05138
       3.034     0.04771  -3.222e-05           0     0.04774
       3.044     0.04432  -3.284e-05           0     0.04436
       3.054     0.04117  -3.347e-05           0     0.04121
       3.064     0.03824  -3.409e-05           0     0.03828
       3.074     0.03552  -3.471e-05           0     0.03555
       3.084     0.03298  -3.534e-05           0     0.03302
       3.094     0.03062  -3.596e-05           0     0.03066
       3.104     0.02843  -3.659e-05           0     0.02846
       3.114     0.02639  -3.721e-05           0     0.02643
       3.124     0.02449  -3.783e-05           0     0.02453
       3.134     0.02273  -3.846e-05           0     0.02277
       3.144      0.0211  -3.908e-05           0     0.02114
       3.154     0.01959  -3.971e-05           0     0.01963
       3.164     0.01818  -4.033e-05           0     0.01822
       3.174     0.01688  -4.095e-05           0     0.01692
       3.184     0.01567  -4.158e-05           0     0.01571
       3.194     0.01454   -4.22e-05           0     0.01459
       3.204      0.0135  -4.283e-05           0     0.01355
       3.214     0.01254  -4.345e-05           0     0.01258
       3.224     0.01165  -4.407e-05           0     0.01169
       3.234     0.01082   -4.47e-05           0     0.01086
       3.244     0.01005  -4.532e-05           0      0.0101
       3.254    0.009341  -4.595e-05           0    0.009387
       3.264    0.008682  -4.657e-05           0    0.008729
       3.274    0.008071   -4.72e-05           0    0.008118
       3.284    0.007505  -4.782e-05           0    0.007553
       3.294    0.006983  -4.844e-05           0    0.007031
       3.304    0.006499  -4.907e-05           0    0.006548
       3.314    0.006051  -4.969e-05           0    0.006101
       3.324    0.005637  -5.032e-05           0    0.005687
       3.334    0.005253  -5.094e-05           0    0.005304
       3.344    0.004899  -5.156e-05           0    0.004951
       3.354    0.004571  -5.219e-05           0    0.004623
       3.364    0.004267  -5.281e-05           0     0.00432
       3.374    0.003986  -5.344e-05           0     0.00404
       3.384    0.003727  -5.406e-05           0    0.003781
       3.394    0.003488  -5.468e-05           0    0.003542
       3.404    0.003266  -5.531e-05           0    0.003321
       3.414    0.003062  -5.593e-05           0    0.003118
       3.424    0.002873  -5.656e-05           0     0.00293
       3.434    0.002699  -5.718e-05           0    0.002756
       3.444    0.002538   -5.78e-05           0    0.002596
       3.454     0.00239  -5.843e-05           0    0.002448
       3.464    0.002253  -5.905e-05           0    0.002312
       3.474    0.002127  -5.968e-05           0    0.002187
       3.484    0.002012   -6.03e-05           0    0.002072
       3.494    0.001905  -6.092e-05           0    0.001966
       3.504    0.001807  -6.155e-05           0    0.001869
       3.514    0.001717  -6.217e-05           0    0.001779
       3.524    0.001634   -6.28e-05           0    0.001697
       3.534    0.001558  -6.342e-05           0    0.001622
       3.544    0.001489  -6.404e-05           0    0.001553
       3.554    0.001425  -6.467e-05           0     0.00149
       3.564    0.001367  -6.529e-05           0    0.001432
       3.574    0.001314  -6.592e-05           0     0.00138
       3.584    0.001266  -6.654e-05           0    0.001332
       3.594    0.001222  -6.716e-05           0    0.001289
       3.604    0.001182  -6.779e-05           0     0.00125
       3.614    0.001146  -6.841e-05           0    0.001214
       3.624    0.001113  -6.904e-05           0    0.001183
       3.634    0.001084  -6.966e-05           0    0.001154
       3.644    0.001058  -7.028e-05           0    0.001128
       3.654    0.001035  -7.091e-05           0    0.001106
       3.664    0.001014  -7.153e-05           0    0.001086
       3.674   0.0009962  -7.216e-05           0    0.001068
       3.684   0.0009805  -7.278e-05           0    0.001053
       3.694   0.0009669   -7.34e-05           0     0.00104
       3.704   0.0009555  -7.403e-05           0     0.00103
       3.714   0.0009459  -7.465e-05           0    0.001021
       3.724   0.0009382  -7.528e-05           0    0.001013
       3.734   0.0009321   -7.59e-05           0    0.001008
       3.744   0.0009277  -7.652e-05           0    0.001004
       3.754   0.0009248  -7.715e-05           0    0.001002
       3.764   0.0009232  -7.777e-05           0    0.001001
       3.774   0.0009231   -7.84e-05           0    0.001001
       3.784   0.0009242  -7.902e-05           0    0.001003
       3.794   0.0009265  -7.964e-05           0    0.001006
       3.804   0.0009299  -8.027e-05           0     0.00101
       3.814   0.0009344  -8.089e-05           0    0.001015
       3.824     0.00094  -8.152e-05           0    0.001022
       3.834   0.0009466  -8.214e-05           0    0.001029
       3.844   0.0009541  -8.276e-05           0    0.001037
       3.854   0.0009625  -8.339e-05           0    0.001046
       3.864   0.0009717  -8.401e-05           0    0.001056
       3.874   0.0009819  -8.464e-05           0    0.001066
       3.884   0.0009928  -8.526e-05           0    0.001078
       3.894    0.001004  -8.588e-05           0     0.00109
       3.904    0.001017  -8.651e-05           0    0.001103
       3.914     0.00103  -8.713e-05           0    0.001117
       3.924    0.001044  -8.776e-05           0    0.001132
       3.934    0.001059  -8.838e-05           0    0.001147
       3.944    0.001074  -8.901e-05           0    0.001163
       3.954     0.00109  -8.963e-05           0    0.001179
       3.964    0.001106  -9.025e-05           0    0.001197
       3.974    0.001124  -9.088e-05           0    0.001214
       3.984    0.001141   -9.15e-05           0    0.001233
       3.994     0.00116  -9.213e-05           0    0.001252
       4.004    0.001179  -9.275e-05           0    0.001272
       4.014    0.001199  -9.337e-05           0    0.001292
       4.024    0.001219    -9.4e-05           0    0.001313
       4.034     0.00124  -9.462e-05           0    0.001334
       4.044    0.001261  -9.525e-05           0    0.001356
       4.054    0.001283  -9.587e-05           0    0.001379
       4.064    0.001306  -9.649e-05           0    0.001402
       4.074    0.001329  -9.712e-05           0    0.001426
       4.084    0.001353  -9.774e-05           0    0.001451
       4.094    0.001377  -9.837e-05           0    0.001476
       4.104    0.001402  -9.899e-05           0    0.001501
       4.114    0.001428  -9.961e-05           0    0.001527
       4.124    0.001454  -0.0001002           0    0.001554
       4.134    0.001481  -0.0001009           0    0.001582
       4.144    0.001508  -0.0001015           0     0.00161
       4.154    0.001536  -0.0001021           0    0.001638
       4.164    0.001565  -0.0001027           0    0.001667
       4.174    0.001594  -0.0001034           0    0.001697
       4.184    0.001624   -0.000104           0    0.001728
       4.194    0.001654  -0.0001046           0    0.001759
       4.204    0.001685  -0.0001052           0    0.001791
       4.214    0.001717  -0.0001059           0    0.001823
       4.224     0.00175  -0.0001065           0    0.001856
       4.234    0.001783  -0.0001071           0     0.00189
       4.244    0.001817  -0.0001077           0    0.001924
       4.254    0.001851  -0.0001084           0    0.001959
       4.264    0.001886   -0.000109           0    0.001995
       4.274    0.001922  -0.0001096           0    0.002032
       4.284    0.001959  -0.0001102           0    0.002069
       4.294    0.001996  -0.0001108           0    0.002107
       4.304    0.002034  -0.0001115           0    0.002146
       4.314    0.002073  -0.0001121           0    0.002185
       4.324    0.002113  -0.0001127           0    0.002225
       4.334    0.002153  -0.0001133           0    0.002266
       4.344    0.002194   -0.000114           0    0.002308
       4.354    0.002236  -0.0001146           0    0.002351
       4.364    0.002279  -0.0001152           0    0.002394
       4.374    0.002322  -0.0001158           0    0.002438
       4.384    0.002367  -0.0001165           0    0.002483
       4.394    0.002412  -0.0001171           0    0.002529
       4.404    0.002458  -0.0001177           0    0.002576
       4.414    0.002505  -0.0001183           0    0.002624
       4.424    0.002553   -0.000119           0    0.002672
       4.434    0.002602  -0.0001196           0    0.002722
       4.444    0.002652  -0.0001202           0    0.002772
       4.454    0.002703  -0.0001208           0    0.002823
       4.464    0.002754  -0.0001215           0    0.002876
       4.474    0.002807  -0.0001221           0    0.002929
       4.484    0.002861  -0.0001227           0    0.002983
       4.494    0.002915  -0.0001233           0    0.003039
       4.504    0.002971   -0.000124           0    0.003095
       4.514    0.003028  -0.0001246           0    0.003152
       4.524    0.003086  -0.0001252           0    0.003211
       4.534    0.003145  -0.0001258           0    0.003271
       4.544    0.003205  -0.0001264           0    0.003331
       4.554    0.003266  -0.0001271           0    0.003393
       4.564    0.003328  -0.0001277           0    0.003456
       4.574    0.003392  -0.0001283           0     0.00352
       4.584    0.003457  -0.0001289           0    0.003586
       4.594    0.003523  -0.0001296           0    0.003652
       4.604     0.00359  -0.0001302           0     0.00372
       4.614    0.003658  -0.0001308           0    0.003789
       4.624    0.003728  -0.0001314           0     0.00386
       4.634    0.003799  -0.0001321           0    0.003931
       4.644    0.003872  -0.0001327           0    0.004004
       4.654    0.003945  -0.0001333           0    0.004079
       4.664    0.004021  -0.0001339           0    0.004155
       4.674    0.004097  -0.0001346           0    0.004232
       4.684    0.004175  -0.0001352           0     0.00431
       4.694    0.004255  -0.0001358           0     0.00439
       4.704    0.004336  -0.0001364           0    0.004472
       4.714    0.004418  -0.0001371           0    0.004555
       4.724    0.004502  -0.0001377           0     0.00464
       4.734    0.004588  -0.0001383           0    0.004726
       4.744    0.004675  -0.0001389           0    0.004814
       4.754    0.004764  -0.0001396           0    0.004903
       4.764    0.004854  -0.0001402           0    0.004995
       4.774    0.004947  -0.0001408           0    0.005087
       4.784    0.005041  -0.0001414           0    0.005182
       4.794    0.005136   -0.000142           0    0.005278
       4.804    0.005234  -0.0001427           0    0.005376
       4.814    0.005333  -0.0001433           0    0.005476
       4.824    0.005434  -0.0001439           0    0.005578
       4.834    0.005537  -0.0001445           0    0.005682
       4.844    0.005642  -0.0001452           0    0.005787
       4.854    0.005749  -0.0001458           0    0.005895
       4.864    0.005858  -0.0001464           0    0.006005
       4.874    0.005969   -0.000147           0    0.006116
       4.884    0.006082  -0.0001477           0     0.00623
       4.894    0.006197  -0.0001483           0    0.006346
       4.904    0.006315  -0.0001489           0    0.006464
       4.914    0.006434  -0.0001495           0    0.006584
       4.924    0.006556  -0.0001502           0    0.006706
       4.934     0.00668  -0.0001508           0    0.006831
       4.944    0.006806  -0.0001514           0    0.006958
       4.954    0.006935   -0.000152           0    0.007087
       4.964    0.007066  -0.0001527           0    0.007219
       4.974      0.0072  -0.0001533           0    0.007353
       4.984    0.007336  -0.0001539           0     0.00749
       4.994    0.007475  -0.0001545           0    0.007629
       5.004    0.007616  -0.0001552           0    0.007771
       5.014     0.00776  -0.0001558           0    0.007915
       5.024    0.007906  -0.0001564           0    0.008063
       5.034    0.008055   -0.000157           0    0.008213
       5.044    0.008208  -0.0001576           0    0.008365
       5.054    0.008362  -0.0001583           0    0.008521
       5.064     0.00852  -0.0001589           0    0.008679
       5.074    0.008681  -0.0001595           0     0.00884
       5.084    0.008845  -0.0001601           0    0.009005
       5.094    0.009011  -0.0001608           0    0.009172
       5.104    0.009181  -0.0001614           0    0.009343
       5.114    0.009354   -0.000162           0    0.009516
       5.124    0.009531  -0.0001626           0    0.009693
       5.134     0.00971  -0.0001633           0    0.009874
       5.144    0.009893  -0.0001639           0     0.01006
       5.154     0.01008  -0.0001645           0     0.01024
       5.164     0.01027  -0.0001651           0     0.01043
       5.174     0.01046  -0.0001658           0     0.01063
       5.184     0.01066  -0.0001664           0     0.01083
       5.194     0.01086   -0.000167           0     0.01103
       5.204     0.01106  -0.0001676           0     0.01123
       5.214     0.01127  -0.0001683           0     0.01144
       5.224     0.01149  -0.0001689           0     0.01165
       5.234      0.0117  -0.0001695           0     0.01187
       5.244     0.01192  -0.0001701           0     0.01209
       5.254     0.01215  -0.0001708           0     0.01232
       5.264     0.01237  -0.0001714           0     0.01255
       5.274     0.01261   -0.000172           0     0.01278
       5.284     0.01284  -0.0001726           0     0.01302
       5.294     0.01308  -0.0001732           0     0.01326
       5.304     0.01333  -0.0001739           0      0.0135
       5.314     0.01358  -0.0001745           0     0.01376
       5.324     0.01384  -0.0001751           0     0.01401
       5.334      0.0141  -0.0001757           0     0.01427
       5.344     0.01436  -0.0001764           0     0.01454
       5.354     0.01463   -0.000177           0     0.01481
       5.364      0.0149  -0.0001776           0     0.01508
       5.374     0.01518  -0.0001782           0     0.01536
       5.384     0.01547  -0.0001789           0     0.01565
       5.394     0.01576  -0.0001795           0     0.01594
       5.404     0.01606  -0.0001801           0     0.01624
       5.414     0.01636  -0.0001807           0     0.01654
       5.424     0.01666  -0.0001814           0     0.01685
       5.434     0.01698   -0.000182           0     0.01716
       5.444     0.01729  -0.0001826           0     0.01748
       5.454     0.01762  -0.0001832           0      0.0178
       5.464     0.01795  -0.0001839           0     0.01813
       5.474     0.01829  -0.0001845           0     0.01847
       5.484     0.01863  -0.0001851           0     0.01881
       5.494     0.01898  -0.0001857           0     0.01916
       5.504     0.01933  -0.0001864           0     0.01952
       5.514      0.0197   -0.000187           0     0.01988
       5.524     0.02006  -0.0001876           0     0.02025
       5.534     0.02044  -0.0001882           0     0.02063
       5.544     0.02082  -0.0001888           0     0.02101
       5.554     0.02121  -0.0001895           0      0.0214
       5.564     0.02161  -0.0001901           0      0.0218
       5.574     0.02202  -0.0001907           0     0.02221
       5.584     0.02243  -0.0001913           0     0.02262
       5.594     0.02285   -0.000192           0     0.02304
       5.604     0.02328  -0.0001926           0     0.02347
       5.614     0.02371  -0.0001932           0      0.0239
       5.624     0.02415  -0.0001938           0     0.02435
       5.634     0.02461  -0.0001945           0      0.0248
       5.644     0.02507  -0.0001951           0     0.02526
       5.654     0.02554  -0.0001957           0     0.02573
       5.664     0.02601  -0.0001963           0     0.02621
       5.674      0.0265   -0.000197           0      0.0267
       5.684       0.027  -0.0001976           0     0.02719
       5.694      0.0275  -0.0001982           0      0.0277
       5.704     0.02802  -0.0001988           0     0.02821
