#      _xxWS        ftot       firac        fagn        fsfr
#
     -0.6201      0.1257   1.505e-09   5.471e-12      0.1257
     -0.6101      0.1004   2.193e-09   5.471e-12      0.1004
     -0.6001     0.07512   3.231e-09   5.471e-12     0.07512
     -0.5901     0.04984   4.737e-09   5.471e-12     0.04984
     -0.5801     0.02457   6.939e-09   5.471e-12     0.02457
     -0.5701   5.501e-08    1.01e-08   5.471e-12   4.491e-08
     -0.5601   5.985e-08    1.41e-08   5.471e-12   4.574e-08
     -0.5501   6.614e-08   1.955e-08   5.471e-12   4.659e-08
     -0.5401   7.324e-08   2.577e-08   5.471e-12   4.746e-08
     -0.5301   8.273e-08   3.438e-08   5.471e-12   4.834e-08
     -0.5201   9.436e-08   4.512e-08   5.471e-12   4.924e-08
     -0.5101   1.092e-07   5.907e-08   5.471e-12   5.015e-08
     -0.5001   1.265e-07   7.546e-08   5.471e-12   5.109e-08
     -0.4901   1.513e-07   9.928e-08   5.471e-12   5.204e-08
     -0.4801    1.82e-07    1.29e-07   5.471e-12     5.3e-08
     -0.4701   2.192e-07   1.653e-07   5.471e-12   5.399e-08
     -0.4601   2.647e-07   2.097e-07   5.471e-12   5.499e-08
     -0.4501   3.181e-07   2.621e-07   5.471e-12   5.601e-08
     -0.4401   3.811e-07    3.24e-07   5.471e-12   5.706e-08
     -0.4301   4.566e-07   3.984e-07   5.471e-12   5.812e-08
     -0.4201   5.477e-07   4.885e-07   5.471e-12    5.92e-08
     -0.4101   6.623e-07    6.02e-07   5.471e-12    6.03e-08
     -0.4001   7.932e-07   7.318e-07   5.471e-12   6.142e-08
     -0.3901   9.529e-07   8.903e-07   5.471e-12   6.256e-08
     -0.3801   1.153e-06   1.089e-06   5.471e-12   6.372e-08
     -0.3701   1.407e-06   1.343e-06   5.471e-12   6.491e-08
     -0.3601   1.687e-06    1.62e-06   5.471e-12   6.612e-08
     -0.3501   2.021e-06   1.953e-06   5.471e-12   6.734e-08
     -0.3401   2.399e-06   2.331e-06   5.471e-12    6.86e-08
     -0.3301   2.832e-06   2.762e-06   5.471e-12   6.987e-08
     -0.3201   3.316e-06   3.245e-06   5.471e-12   7.117e-08
     -0.3101   3.874e-06   3.801e-06   5.471e-12   7.249e-08
     -0.3001   4.516e-06   4.442e-06   5.471e-12   7.384e-08
     -0.2901   5.243e-06   5.167e-06   5.471e-12   7.521e-08
     -0.2801   6.074e-06   5.997e-06   5.471e-12   7.661e-08
     -0.2701   7.025e-06   6.947e-06   5.471e-12   7.804e-08
     -0.2601   8.089e-06    8.01e-06   5.471e-12   7.949e-08
     -0.2501   9.235e-06   9.154e-06   5.471e-12   8.097e-08
     -0.2401   1.054e-05   1.046e-05   5.471e-12   8.247e-08
     -0.2301   1.202e-05   1.194e-05   5.471e-12     8.4e-08
     -0.2201   1.365e-05   1.356e-05   5.471e-12   8.557e-08
     -0.2101   1.547e-05   1.538e-05   5.471e-12   8.716e-08
     -0.2001   1.751e-05   1.743e-05   5.471e-12   8.878e-08
     -0.1901   1.989e-05    1.98e-05   5.471e-12   9.043e-08
     -0.1801   2.248e-05   2.239e-05   5.471e-12   9.211e-08
     -0.1701   2.534e-05   2.525e-05   5.471e-12   9.382e-08
     -0.1601   2.857e-05   2.847e-05   5.471e-12   9.557e-08
     -0.1501   3.201e-05   3.192e-05   5.471e-12   9.734e-08
     -0.1401   3.581e-05   3.572e-05   5.471e-12   9.915e-08
     -0.1301   3.991e-05   3.981e-05   5.471e-12    1.01e-07
     -0.1201    4.46e-05    4.45e-05   5.471e-12   1.029e-07
     -0.1101   5.121e-05   5.111e-05   5.471e-12   1.048e-07
     -0.1001   5.762e-05   5.751e-05   5.471e-12   1.067e-07
    -0.09008   6.545e-05   6.534e-05   5.471e-12   1.087e-07
    -0.08008   7.588e-05   7.577e-05   5.471e-12   1.107e-07
    -0.07008   8.787e-05   8.776e-05   5.471e-12   1.128e-07
    -0.06008   0.0001011    0.000101   5.471e-12   1.149e-07
    -0.05008   0.0001155   0.0001154   5.471e-12    1.17e-07
    -0.04008   0.0001323   0.0001322   5.471e-12   1.192e-07
    -0.03008   0.0001516   0.0001515   5.471e-12   1.214e-07
    -0.02008   0.0001728   0.0001727   5.471e-12   1.237e-07
    -0.01008   0.0001961    0.000196   5.471e-12    1.26e-07
  -7.945e-05   0.0002217   0.0002216   5.471e-12   1.283e-07
    0.009921   0.0002483   0.0002482   5.471e-12   1.307e-07
     0.01992   0.0002723   0.0002721   5.471e-12   1.331e-07
     0.02992   0.0003017   0.0003015   5.471e-12   1.356e-07
     0.03992   0.0003313   0.0003311   5.471e-12   1.381e-07
     0.04992   0.0003573   0.0003572   5.471e-12   1.407e-07
     0.05992   0.0003843   0.0003841   5.471e-12   1.433e-07
     0.06992   0.0004135   0.0004133   5.471e-12    1.46e-07
     0.07992   0.0004445   0.0004444   5.471e-12   1.487e-07
     0.08992   0.0004763   0.0004761   5.471e-12   1.515e-07
     0.09992   0.0005067   0.0005066   5.471e-12   1.543e-07
      0.1099   0.0005396   0.0005394   5.471e-12   1.571e-07
      0.1199   0.0005745   0.0005744   5.471e-12   1.601e-07
      0.1299    0.000612   0.0006118   5.471e-12    1.63e-07
      0.1399   0.0006535   0.0006533   5.471e-12   1.661e-07
      0.1499   0.0006967   0.0006966   5.471e-12   1.692e-07
      0.1599   0.0007396   0.0007394   5.471e-12   1.723e-07
      0.1699    0.000784   0.0007838   5.471e-12   1.755e-07
      0.1799   0.0008323   0.0008322   5.471e-12   1.788e-07
      0.1899   0.0008838   0.0008836   5.471e-12   1.821e-07
      0.1999   0.0009352    0.000935   5.471e-12   1.855e-07
      0.2099    0.000989   0.0009888   5.471e-12   1.889e-07
      0.2199    0.001044    0.001044   5.471e-12   1.924e-07
      0.2299    0.001103    0.001103   5.471e-12    1.96e-07
      0.2399     0.00116     0.00116   5.471e-12   1.997e-07
      0.2499    0.001228    0.001228   5.471e-12   2.034e-07
      0.2599    0.001299    0.001298   5.471e-12   2.072e-07
      0.2699    0.001374    0.001374   5.471e-12    2.11e-07
      0.2799    0.001449    0.001449   5.471e-12   2.149e-07
      0.2899     0.00152     0.00152   5.471e-12   2.189e-07
      0.2999    0.001603    0.001603   5.471e-12    2.23e-07
      0.3099    0.001689    0.001689   5.471e-12   2.271e-07
      0.3199    0.001772    0.001772   5.471e-12   2.314e-07
      0.3299     0.00186     0.00186   5.471e-12   2.357e-07
      0.3399    0.001953    0.001953   5.471e-12   2.401e-07
      0.3499    0.002036    0.002036   5.471e-12   2.445e-07
      0.3599    0.002133    0.002128   5.471e-12   4.593e-06
      0.3699    0.002234    0.002224   5.471e-12   9.334e-06
      0.3799    0.002319    0.002306   5.471e-12    1.37e-05
      0.3899    0.002406    0.002388   5.471e-12   1.791e-05
      0.3999    0.002489    0.002467   5.471e-12   2.224e-05
      0.4099    0.002575    0.002549   5.471e-12   2.666e-05
      0.4199    0.002675    0.002645   5.471e-12   3.057e-05
      0.4299    0.002762    0.002729   5.471e-12   3.354e-05
      0.4399    0.002851    0.002815   5.471e-12   3.561e-05
      0.4499    0.002942    0.002905   5.471e-12   3.666e-05
      0.4599    0.003018    0.002982   5.471e-12   3.606e-05
      0.4699    0.003101    0.003065   5.471e-12   3.599e-05
      0.4799    0.003199    0.003162   5.471e-12   3.685e-05
      0.4899    0.003292    0.003254   5.471e-12   3.806e-05
      0.4999      0.0034     0.00336   5.471e-12   3.936e-05
      0.5099    0.003499    0.003459   5.471e-12   4.056e-05
      0.5199    0.003604    0.003563   5.471e-12   4.145e-05
      0.5299    0.003715    0.003673   5.471e-12   4.177e-05
      0.5399    0.003838    0.003797   5.471e-12   4.154e-05
      0.5499    0.003958    0.003916   5.471e-12   4.136e-05
      0.5599    0.004069    0.004028   5.471e-12   4.164e-05
      0.5699    0.004156    0.004113   5.471e-12   4.229e-05
      0.5799    0.004236    0.004193   5.471e-12   4.309e-05
      0.5899    0.004344      0.0043   5.471e-12   4.397e-05
      0.5999    0.004415     0.00437   5.471e-12   4.514e-05
      0.6099     0.00449    0.004443   5.471e-12   4.671e-05
      0.6199    0.004542    0.004494   5.471e-12   4.856e-05
      0.6299    0.004581     0.00453   5.471e-12   5.064e-05
      0.6399    0.004612    0.004559   5.471e-12   5.291e-05
      0.6499    0.004615     0.00456   5.471e-12   5.533e-05
      0.6599    0.004605    0.004547   5.471e-12   5.791e-05
      0.6699    0.004541    0.004481   5.471e-12   6.064e-05
      0.6799    0.004486    0.004423   5.471e-12   6.355e-05
      0.6899    0.004427    0.004361   5.471e-12   6.668e-05
      0.6999    0.004336    0.004265   5.471e-12   7.009e-05
      0.7099    0.004218    0.004144   5.471e-12   7.389e-05
      0.7199    0.004099     0.00402   5.471e-12   7.809e-05
      0.7299    0.004026    0.003943   5.471e-12   8.241e-05
      0.7399    0.003935    0.003848   5.471e-12   8.677e-05
      0.7499    0.003875    0.003783   5.471e-12   9.129e-05
      0.7599    0.003804    0.003708   5.471e-12   9.612e-05
      0.7699     0.01055    0.003628    0.006817   0.0001014
      0.7799     0.01053    0.003534    0.006889   0.0001075
      0.7899     0.01052    0.003429    0.006978   0.0001148
      0.7999     0.01057    0.003353     0.00709   0.0001247
      0.8099     0.01063    0.003261    0.007232   0.0001422
      0.8199     0.01077    0.003166    0.007409   0.0001946
      0.8299     0.01147    0.003128    0.007628   0.0007164
      0.8399     0.01179    0.003125    0.007896   0.0007663
      0.8499     0.01211    0.003109    0.008217   0.0007855
      0.8599     0.01246    0.003057    0.008599   0.0008001
      0.8699     0.01286    0.003002    0.009048   0.0008136
      0.8799     0.01331     0.00291    0.009569   0.0008272
      0.8899     0.01382    0.002807     0.01017   0.0008416
      0.8999     0.01443    0.002716     0.01085   0.0008572
      0.9099     0.01516    0.002658     0.01163   0.0008741
      0.9199     0.01601    0.002613      0.0125   0.0008922
      0.9299     0.01696    0.002573     0.01348   0.0009107
      0.9399     0.01803    0.002541     0.01457   0.0009253
      0.9499     0.01917    0.002486     0.01577    0.000909
      0.9599     0.01995    0.002423     0.01709   0.0004281
      0.9699     0.02131    0.002339     0.01855   0.0004246
      0.9799     0.02283    0.002241     0.02013   0.0004581
      0.9899      0.0245    0.002157     0.02184   0.0005039
      0.9999     0.02631    0.002075     0.02368     0.00056
        1.01     0.02826    0.002005     0.02563    0.000628
        1.02     0.03035    0.001944     0.02769   0.0007157
        1.03     0.03257    0.001886     0.02983   0.0008526
        1.04     0.03486    0.001825     0.03205   0.0009817
        1.05      0.0372    0.001761     0.03432    0.001122
        1.06     0.03963    0.001694      0.0366    0.001331
        1.07      0.0421    0.001618     0.03888    0.001596
        1.08     0.04455    0.001568     0.04112    0.001858
        1.09     0.04709    0.001524     0.04329    0.002285
         1.1     0.05049    0.001489     0.04541    0.003594
        1.11      0.0536    0.001452     0.04748    0.004673
        1.12     0.05616    0.001413      0.0495    0.005252
        1.13     0.05868    0.001374     0.05146    0.005847
        1.14      0.0612    0.001337     0.05336    0.006499
        1.15      0.0637    0.001299     0.05523    0.007169
        1.16      0.0663    0.001261     0.05709     0.00795
        1.17     0.06922    0.001225     0.05891    0.009084
        1.18     0.07284    0.001186     0.06074     0.01091
        1.19     0.07776    0.001148     0.06258     0.01404
         1.2     0.08284     0.00111     0.06447     0.01726
        1.21     0.08747    0.001072     0.06639     0.02001
        1.22     0.09101    0.001034     0.06841     0.02156
        1.23     0.09345    0.000997     0.07048     0.02197
        1.24     0.09654   0.0009631     0.07264     0.02293
        1.25      0.1001   0.0009312     0.07488     0.02432
        1.26      0.1032    0.000903     0.07727     0.02506
        1.27      0.1062   0.0008741     0.07979     0.02558
        1.28      0.1094   0.0008482     0.08248     0.02606
        1.29      0.1126   0.0008235     0.08541      0.0264
         1.3      0.1159   0.0007986     0.08867     0.02643
        1.31      0.1188   0.0007748     0.09222     0.02583
        1.32      0.1208   0.0007503      0.0961     0.02395
        1.33       0.123   0.0007248      0.1003     0.02204
        1.34      0.1263   0.0006987      0.1048     0.02082
        1.35      0.1311   0.0006723      0.1093     0.02115
        1.36      0.1398   0.0006462      0.1139     0.02525
        1.37      0.1465   0.0006194      0.1186     0.02731
        1.38      0.1523    0.000592      0.1232     0.02852
        1.39      0.1593   0.0005628      0.1279     0.03086
         1.4      0.1664   0.0005346      0.1326      0.0333
        1.41      0.1746   0.0005054      0.1371     0.03696
        1.42      0.1819    0.000476      0.1418     0.03965
        1.43      0.1888   0.0004465      0.1465     0.04185
        1.44      0.1961   0.0004177      0.1514     0.04436
        1.45      0.2032   0.0003908      0.1563     0.04644
        1.46      0.2105   0.0003658      0.1615     0.04861
        1.47      0.2178   0.0003425      0.1669     0.05054
        1.48      0.2254   0.0003209       0.173     0.05212
        1.49      0.2303   0.0003009      0.1795     0.05049
         1.5      0.2376   0.0002825      0.1864     0.05097
        1.51      0.2472   0.0002656      0.1939     0.05295
        1.52      0.2576     0.00025      0.2022     0.05518
        1.53      0.2699   0.0002358      0.2109     0.05877
        1.54      0.2823   0.0002228      0.2202      0.0619
        1.55      0.2966    0.000211      0.2298      0.0666
        1.56      0.3111   0.0002003      0.2395     0.07138
        1.57      0.3253   0.0001905      0.2493     0.07584
        1.58      0.3401   0.0001817      0.2589     0.08104
        1.59      0.3553   0.0001737      0.2685     0.08666
         1.6      0.3704   0.0001665      0.2777     0.09252
        1.61      0.3852   0.0001598      0.2864     0.09864
        1.62      0.3995   0.0001538      0.2944      0.1049
        1.63      0.4136   0.0001483      0.3021      0.1114
        1.64       0.427   0.0001431      0.3089      0.1179
        1.65      0.4393   0.0001383      0.3148      0.1244
        1.66      0.4503   0.0001338      0.3199      0.1303
        1.67      0.4607   0.0001295      0.3242      0.1363
        1.68      0.4705   0.0001253      0.3276      0.1427
        1.69       0.481   0.0001213      0.3303      0.1506
         1.7      0.4922   0.0001174      0.3324      0.1597
        1.71      0.5039   0.0001136       0.334      0.1699
        1.72      0.5161   0.0001098      0.3349      0.1811
        1.73      0.5297   0.0001061      0.3354      0.1941
        1.74      0.5449   0.0001024      0.3358       0.209
        1.75       0.562   9.873e-05       0.336       0.226
        1.76      0.5816    9.51e-05       0.336      0.2454
        1.77       0.604   9.153e-05      0.3361      0.2677
        1.78      0.6296     8.8e-05      0.3363      0.2932
        1.79      0.6589   8.453e-05      0.3364      0.3223
         1.8      0.6922   8.111e-05      0.3367      0.3554
        1.81      0.7298   7.776e-05       0.337      0.3928
        1.82       0.772   7.447e-05      0.3374      0.4346
        1.83      0.8188   7.124e-05      0.3377       0.481
        1.84      0.8702   6.809e-05       0.338      0.5321
        1.85      0.9261   6.501e-05      0.3382      0.5878
        1.86      0.9862   6.202e-05      0.3383      0.6478
        1.87        1.05    5.91e-05      0.3381      0.7119
        1.88       1.118   5.627e-05      0.3377      0.7798
        1.89       1.188   5.353e-05       0.337      0.8511
         1.9       1.261   5.089e-05      0.3358      0.9253
        1.91       1.336   4.834e-05      0.3343       1.002
        1.92       1.413   4.589e-05      0.3324       1.081
        1.93       1.491   4.355e-05      0.3301       1.161
        1.94       1.569   4.131e-05      0.3273       1.242
        1.95       1.649   3.918e-05      0.3242       1.324
        1.96       1.728   3.716e-05      0.3207       1.407
        1.97       1.807   3.525e-05      0.3167        1.49
        1.98       1.887   3.345e-05      0.3125       1.574
        1.99       1.966   3.175e-05      0.3078       1.658
           2       2.046   3.016e-05      0.3029       1.743
        2.01       2.126   2.867e-05      0.2977       1.828
        2.02       2.206   2.727e-05      0.2922       1.914
        2.03       2.287   2.597e-05      0.2865           2
        2.04       2.368   2.475e-05      0.2806       2.087
        2.05       2.449   2.362e-05      0.2745       2.174
        2.06        2.53   2.256e-05      0.2682       2.262
        2.07       2.611   2.157e-05      0.2618       2.349
        2.08       2.692   2.064e-05      0.2553       2.437
        2.09       2.773   1.976e-05      0.2487       2.524
         2.1       2.853   1.894e-05       0.242        2.61
        2.11       2.931   1.816e-05      0.2353       2.696
        2.12       3.009   1.741e-05      0.2285        2.78
        2.13       3.084    1.67e-05      0.2217       2.863
        2.14       3.157   1.602e-05      0.2149       2.942
        2.15       3.228   1.537e-05      0.2081        3.02
        2.16       3.295   1.473e-05      0.2013       3.094
        2.17       3.359   1.412e-05      0.1945       3.165
        2.18       3.419   1.353e-05      0.1878       3.232
        2.19       3.475   1.295e-05      0.1812       3.294
         2.2       3.526   1.239e-05      0.1746       3.352
        2.21       3.572   1.185e-05       0.168       3.404
        2.22       3.613   1.132e-05      0.1617       3.451
        2.23       3.647   1.081e-05      0.1553       3.492
        2.24       3.676   1.032e-05      0.1491       3.527
        2.25       3.699   9.853e-06       0.143       3.556
        2.26       3.716   9.402e-06      0.1371       3.578
        2.27       3.726   8.971e-06      0.1312       3.595
        2.28        3.73   8.559e-06      0.1255       3.605
        2.29       3.728   8.167e-06        0.12       3.608
         2.3       3.719   7.794e-06      0.1146       3.605
        2.31       3.705   7.439e-06      0.1094       3.595
        2.32       3.684   7.102e-06      0.1043       3.579
        2.33       3.657   6.782e-06      0.0994       3.558
        2.34       3.625   6.477e-06     0.09464        3.53
        2.35       3.588   6.187e-06     0.09001       3.497
        2.36       3.545   5.911e-06     0.08558        3.46
        2.37       3.498   5.647e-06     0.08129       3.417
        2.38       3.448   5.396e-06     0.07719        3.37
        2.39       3.393   5.155e-06      0.0732        3.32
         2.4       3.336   4.925e-06     0.06945       3.266
        2.41       3.275   4.705e-06      0.0658        3.21
        2.42       3.214   4.494e-06     0.06228       3.151
        2.43       3.151   4.292e-06     0.05893       3.092
        2.44       3.086   4.098e-06     0.05573       3.031
        2.45       3.021   3.914e-06     0.05266       2.968
        2.46       2.953   3.737e-06     0.04973       2.904
        2.47       2.882   3.569e-06     0.04696       2.835
        2.48       2.807   3.408e-06     0.04432       2.763
        2.49       2.729   3.255e-06     0.04178       2.687
         2.5       2.648   3.108e-06     0.03939       2.609
        2.51       2.565   2.968e-06     0.03708       2.528
        2.52        2.48   2.834e-06     0.03491       2.445
        2.53       2.392   2.705e-06     0.03283        2.36
        2.54       2.303    2.58e-06     0.03087       2.272
        2.55       2.213    2.46e-06     0.02904       2.184
        2.56        2.12   2.342e-06     0.02727       2.093
        2.57       2.027   2.228e-06      0.0256       2.001
        2.58       1.933   2.115e-06       0.024       1.909
        2.59       1.841   2.004e-06     0.02252       1.818
         2.6       1.751   1.894e-06     0.02112        1.73
        2.61       1.665   1.785e-06      0.0198       1.645
        2.62       1.582   1.676e-06     0.01854       1.563
        2.63       1.502   1.567e-06     0.01737       1.485
        2.64       1.426   1.458e-06     0.01627       1.409
        2.65       1.352    1.35e-06     0.01525       1.337
        2.66       1.281   1.241e-06     0.01426       1.267
        2.67       1.213   1.132e-06     0.01335         1.2
        2.68       1.148   1.023e-06     0.01248       1.136
        2.69       1.086   9.138e-07     0.01166       1.074
         2.7       1.025   8.048e-07      0.0109       1.015
        2.71      0.9677   6.957e-07     0.01018      0.9576
        2.72      0.9124   5.866e-07    0.009507      0.9029
        2.73      0.8592   4.774e-07    0.008874      0.8504
        2.74      0.8083   3.682e-07    0.008284      0.8001
        2.75      0.7597    2.59e-07    0.007736      0.7519
        2.76      0.7132   1.498e-07    0.007215       0.706
        2.77      0.6688    4.05e-08    0.006736      0.6621
        2.78      0.6266   -6.88e-08    0.006286      0.6203
        2.79      0.5865  -1.781e-07    0.005869      0.5806
         2.8      0.5483  -2.875e-07     0.00548      0.5429
        2.81      0.5122  -3.969e-07    0.005112       0.507
        2.82      0.4778  -5.063e-07    0.004771      0.4731
        2.83      0.4455  -6.158e-07    0.004455       0.441
        2.84       0.415  -7.252e-07    0.004154      0.4108
        2.85      0.3864  -8.347e-07    0.003877      0.3825
        2.86      0.3597  -9.442e-07    0.003619      0.3561
        2.87      0.3347  -1.054e-06    0.003375      0.3314
        2.88      0.3114  -1.163e-06    0.003152      0.3083
        2.89      0.2897  -1.273e-06    0.002941      0.2867
         2.9      0.2693  -1.382e-06    0.002744      0.2666
        2.91      0.2503  -1.492e-06    0.002561      0.2478
        2.92      0.2326  -1.602e-06    0.002392      0.2302
        2.93      0.2161  -1.711e-06    0.002231      0.2139
        2.94      0.2008  -1.821e-06    0.002083      0.1987
        2.95      0.1865  -1.931e-06    0.001944      0.1845
        2.96      0.1731   -2.04e-06    0.001814      0.1713
        2.97      0.1608   -2.15e-06    0.001693      0.1591
        2.98      0.1492   -2.26e-06     0.00158      0.1477
        2.99      0.1385   -2.37e-06    0.001474       0.137
           3      0.1285  -2.479e-06    0.001375      0.1271
        3.01      0.1193  -2.589e-06    0.001283       0.118
        3.02      0.1106  -2.699e-06    0.001198      0.1095
        3.03      0.1027  -2.809e-06    0.001118      0.1015
        3.04     0.09523  -2.919e-06    0.001043     0.09419
        3.05     0.08833  -3.028e-06   0.0009737     0.08736
        3.06     0.08193  -3.138e-06   0.0009086     0.08103
        3.07     0.07599  -3.248e-06   0.0008479     0.07515
        3.08     0.07048  -3.358e-06   0.0007908     0.06969
        3.09     0.06537  -3.468e-06    0.000738     0.06463
         3.1     0.06062  -3.578e-06   0.0006889     0.05994
        3.11     0.05622  -3.687e-06   0.0006428     0.05558
        3.12     0.05214  -3.797e-06   0.0006001     0.05154
        3.13     0.04835  -3.907e-06   0.0005599      0.0478
        3.14     0.04485  -4.017e-06   0.0005225     0.04433
        3.15     0.04159  -4.127e-06   0.0004875     0.04111
        3.16     0.03858  -4.237e-06    0.000455     0.03813
        3.17     0.03578  -4.347e-06   0.0004247     0.03536
        3.18     0.03319  -4.457e-06   0.0003963      0.0328
        3.19     0.03079  -4.567e-06   0.0003701     0.03043
         3.2     0.02857  -4.677e-06   0.0003454     0.02823
        3.21     0.02651  -4.787e-06   0.0003225     0.02619
        3.22     0.02459  -4.897e-06   0.0003009      0.0243
        3.23     0.02282  -5.007e-06   0.0002807     0.02255
        3.24     0.02118  -5.117e-06    0.000262     0.02092
        3.25     0.01965  -5.227e-06   0.0002445     0.01941
        3.26     0.01824  -5.336e-06   0.0002282     0.01802
        3.27     0.01693  -5.446e-06   0.0002129     0.01672
        3.28     0.01572  -5.556e-06   0.0001987     0.01552
        3.29     0.01459  -5.666e-06   0.0001854     0.01441
         3.3     0.01354  -5.776e-06   0.0001731     0.01338
        3.31     0.01257  -5.886e-06   0.0001614     0.01242
        3.32     0.01167  -5.996e-06   0.0001505     0.01153
        3.33     0.01084  -6.106e-06   0.0001406     0.01071
        3.34     0.01007  -6.216e-06   0.0001312    0.009943
        3.35    0.009351  -6.326e-06   0.0001224    0.009235
        3.36    0.008687  -6.436e-06   0.0001141    0.008579
        3.37    0.007966  -6.546e-06   5.471e-12    0.007972
        3.38    0.007403  -6.656e-06   5.471e-12    0.007409
        3.39    0.006882  -6.766e-06   5.471e-12    0.006889
         3.4    0.006401  -6.876e-06   5.471e-12    0.006408
        3.41    0.005955  -6.986e-06   5.471e-12    0.005962
        3.42    0.005543  -7.096e-06   5.471e-12     0.00555
        3.43    0.005162  -7.207e-06   5.471e-12    0.005169
        3.44     0.00481  -7.317e-06   5.471e-12    0.004817
        3.45    0.004484  -7.427e-06   5.471e-12    0.004491
        3.46    0.004183  -7.537e-06   5.471e-12    0.004191
        3.47    0.003905  -7.647e-06   5.471e-12    0.003913
        3.48    0.003649  -7.757e-06   5.471e-12    0.003657
        3.49    0.003413  -7.867e-06   5.471e-12    0.003421
         3.5    0.003195  -7.977e-06   5.471e-12    0.003203
        3.51    0.002994  -8.087e-06   5.471e-12    0.003002
        3.52    0.002808  -8.197e-06   5.471e-12    0.002816
        3.53    0.002637  -8.307e-06   5.471e-12    0.002645
        3.54    0.002479  -8.417e-06   5.471e-12    0.002487
        3.55    0.002334  -8.527e-06   5.471e-12    0.002343
        3.56      0.0022  -8.637e-06   5.471e-12    0.002209
        3.57    0.002078  -8.747e-06   5.471e-12    0.002086
        3.58    0.001965  -8.857e-06   5.471e-12    0.001974
        3.59    0.001861  -8.967e-06   5.471e-12     0.00187
         3.6    0.001767  -9.077e-06   5.471e-12    0.001776
        3.61    0.001679  -9.187e-06   5.471e-12    0.001689
        3.62    0.001599  -9.297e-06   5.471e-12    0.001609
        3.63    0.001526  -9.407e-06   5.471e-12    0.001536
        3.64     0.00146  -9.517e-06   5.471e-12    0.001469
        3.65    0.001399  -9.627e-06   5.471e-12    0.001408
        3.66    0.001343  -9.737e-06   5.471e-12    0.001353
        3.67    0.001293  -9.847e-06   5.471e-12    0.001303
        3.68    0.001247  -9.957e-06   5.471e-12    0.001257
        3.69    0.001206  -1.007e-05   5.471e-12    0.001216
         3.7    0.001168  -1.018e-05   5.471e-12    0.001178
        3.71    0.001134  -1.029e-05   5.471e-12    0.001145
        3.72    0.001104   -1.04e-05   5.471e-12    0.001115
        3.73    0.001077  -1.051e-05   5.471e-12    0.001088
        3.74    0.001053  -1.062e-05   5.471e-12    0.001064
        3.75    0.001032  -1.073e-05   5.471e-12    0.001043
        3.76    0.001014  -1.084e-05   5.471e-12    0.001025
        3.77   0.0009978  -1.095e-05   5.471e-12    0.001009
        3.78   0.0009839  -1.106e-05   5.471e-12    0.000995
        3.79   0.0009723  -1.117e-05   5.471e-12   0.0009835
         3.8   0.0009626  -1.128e-05   5.471e-12   0.0009739
        3.81   0.0009548  -1.139e-05   5.471e-12   0.0009662
        3.82   0.0009487   -1.15e-05   5.471e-12   0.0009602
        3.83   0.0009442  -1.161e-05   5.471e-12   0.0009559
        3.84   0.0009413  -1.172e-05   5.471e-12    0.000953
        3.85   0.0009398  -1.183e-05   5.471e-12   0.0009517
        3.86   0.0009397  -1.194e-05   5.471e-12   0.0009517
        3.87   0.0009409  -1.205e-05   5.471e-12   0.0009529
        3.88   0.0009433  -1.216e-05   5.471e-12   0.0009554
        3.89   0.0009468  -1.227e-05   5.471e-12    0.000959
         3.9   0.0009514  -1.238e-05   5.471e-12   0.0009637
        3.91    0.000957  -1.249e-05   5.471e-12   0.0009695
        3.92   0.0009636   -1.26e-05   5.471e-12   0.0009762
        3.93   0.0009711  -1.271e-05   5.471e-12   0.0009838
        3.94   0.0009795  -1.282e-05   5.471e-12   0.0009923
        3.95   0.0009888  -1.293e-05   5.471e-12    0.001002
        3.96   0.0009989  -1.304e-05   5.471e-12    0.001012
        3.97     0.00101  -1.315e-05   5.471e-12    0.001023
        3.98    0.001021  -1.326e-05   5.471e-12    0.001035
        3.99    0.001034  -1.337e-05   5.471e-12    0.001047
           4    0.001047  -1.348e-05   5.471e-12     0.00106
        4.01    0.001061  -1.359e-05   5.471e-12    0.001074
        4.02    0.001075   -1.37e-05   5.471e-12    0.001089
        4.03     0.00109  -1.381e-05   5.471e-12    0.001104
        4.04    0.001106  -1.392e-05   5.471e-12     0.00112
        4.05    0.001122  -1.403e-05   5.471e-12    0.001136
        4.06    0.001139  -1.414e-05   5.471e-12    0.001153
        4.07    0.001157  -1.425e-05   5.471e-12    0.001171
        4.08    0.001175  -1.436e-05   5.471e-12    0.001189
        4.09    0.001194  -1.447e-05   5.471e-12    0.001208
         4.1    0.001213  -1.458e-05   5.471e-12    0.001228
        4.11    0.001233  -1.469e-05   5.471e-12    0.001248
        4.12    0.001253   -1.48e-05   5.471e-12    0.001268
        4.13    0.001274  -1.491e-05   5.471e-12    0.001289
        4.14    0.001296  -1.502e-05   5.471e-12    0.001311
        4.15    0.001318  -1.513e-05   5.471e-12    0.001333
        4.16    0.001341  -1.524e-05   5.471e-12    0.001356
        4.17    0.001364  -1.535e-05   5.471e-12    0.001379
        4.18    0.001388  -1.546e-05   5.471e-12    0.001403
        4.19    0.001412  -1.557e-05   5.471e-12    0.001428
         4.2    0.001437  -1.568e-05   5.471e-12    0.001453
        4.21    0.001463  -1.579e-05   5.471e-12    0.001478
        4.22    0.001489   -1.59e-05   5.471e-12    0.001504
        4.23    0.001515  -1.601e-05   5.471e-12    0.001531
        4.24    0.001542  -1.612e-05   5.471e-12    0.001559
        4.25     0.00157  -1.623e-05   5.471e-12    0.001586
        4.26    0.001599  -1.634e-05   5.471e-12    0.001615
        4.27    0.001628  -1.645e-05   5.471e-12    0.001644
        4.28    0.001657  -1.656e-05   5.471e-12    0.001674
        4.29    0.001687  -1.667e-05   5.471e-12    0.001704
         4.3    0.001718  -1.678e-05   5.471e-12    0.001735
        4.31     0.00175  -1.689e-05   5.471e-12    0.001767
        4.32    0.001782    -1.7e-05   5.471e-12    0.001799
        4.33    0.001815  -1.711e-05   5.471e-12    0.001832
        4.34    0.001848  -1.722e-05   5.471e-12    0.001865
        4.35    0.001882  -1.733e-05   5.471e-12    0.001899
        4.36    0.001917  -1.744e-05   5.471e-12    0.001934
        4.37    0.001952  -1.755e-05   5.471e-12     0.00197
        4.38    0.001988  -1.766e-05   5.471e-12    0.002006
        4.39    0.002025  -1.777e-05   5.471e-12    0.002043
         4.4    0.002062  -1.788e-05   5.471e-12     0.00208
        4.41    0.002101  -1.799e-05   5.471e-12    0.002119
        4.42     0.00214   -1.81e-05   5.471e-12    0.002158
        4.43    0.002179  -1.821e-05   5.471e-12    0.002197
        4.44     0.00222  -1.832e-05   5.471e-12    0.002238
        4.45    0.002261  -1.843e-05   5.471e-12    0.002279
        4.46    0.002303  -1.854e-05   5.471e-12    0.002321
        4.47    0.002346  -1.865e-05   5.471e-12    0.002364
        4.48    0.002389  -1.876e-05   5.471e-12    0.002408
        4.49    0.002434  -1.887e-05   5.471e-12    0.002453
         4.5    0.002479  -1.898e-05   5.471e-12    0.002498
        4.51    0.002525  -1.909e-05   5.471e-12    0.002544
        4.52    0.002572   -1.92e-05   5.471e-12    0.002591
        4.53     0.00262  -1.931e-05   5.471e-12    0.002639
        4.54    0.002669  -1.942e-05   5.471e-12    0.002688
        4.55    0.002719  -1.953e-05   5.471e-12    0.002738
        4.56    0.002769  -1.964e-05   5.471e-12    0.002789
        4.57    0.002821  -1.975e-05   5.471e-12    0.002841
        4.58    0.002874  -1.986e-05   5.471e-12    0.002893
        4.59    0.002927  -1.997e-05   5.471e-12    0.002947
         4.6    0.002982  -2.008e-05   5.471e-12    0.003002
        4.61    0.003037  -2.019e-05   5.471e-12    0.003057
        4.62    0.003094   -2.03e-05   5.471e-12    0.003114
        4.63    0.003152  -2.041e-05   5.471e-12    0.003172
        4.64     0.00321  -2.052e-05   5.471e-12    0.003231
        4.65     0.00327  -2.063e-05   5.471e-12    0.003291
        4.66    0.003331  -2.074e-05   5.471e-12    0.003352
        4.67    0.003393  -2.085e-05   5.471e-12    0.003414
        4.68    0.003457  -2.096e-05   5.471e-12    0.003478
        4.69    0.003521  -2.107e-05   5.471e-12    0.003542
         4.7    0.003587  -2.118e-05   5.471e-12    0.003608
        4.71    0.003654  -2.129e-05   5.471e-12    0.003675
        4.72    0.003722   -2.14e-05   5.471e-12    0.003743
        4.73    0.003792  -2.151e-05   5.471e-12    0.003813
        4.74    0.003862  -2.162e-05   5.471e-12    0.003884
        4.75    0.003934  -2.173e-05   5.471e-12    0.003956
        4.76    0.004008  -2.184e-05   5.471e-12     0.00403
        4.77    0.004082  -2.195e-05   5.471e-12    0.004104
        4.78    0.004159  -2.206e-05   5.471e-12    0.004181
        4.79    0.004236  -2.217e-05   5.471e-12    0.004258
         4.8    0.004315  -2.228e-05   5.471e-12    0.004338
        4.81    0.004396  -2.239e-05   5.471e-12    0.004418
        4.82    0.004478   -2.25e-05   5.471e-12      0.0045
        4.83    0.004561  -2.261e-05   5.471e-12    0.004584
        4.84    0.004646  -2.272e-05   5.471e-12    0.004669
        4.85    0.004733  -2.283e-05   5.471e-12    0.004756
        4.86    0.004821  -2.294e-05   5.471e-12    0.004844
        4.87    0.004911  -2.305e-05   5.471e-12    0.004934
        4.88    0.005003  -2.316e-05   5.471e-12    0.005026
        4.89    0.005096  -2.327e-05   5.471e-12     0.00512
         4.9    0.005191  -2.338e-05   5.471e-12    0.005215
        4.91    0.005288  -2.349e-05   5.471e-12    0.005312
        4.92    0.005387   -2.36e-05   5.471e-12     0.00541
        4.93    0.005487  -2.371e-05   5.471e-12    0.005511
        4.94     0.00559  -2.382e-05   5.471e-12    0.005613
        4.95    0.005694  -2.393e-05   5.471e-12    0.005718
        4.96      0.0058  -2.404e-05   5.471e-12    0.005824
        4.97    0.005908  -2.415e-05   5.471e-12    0.005932
        4.98    0.006018  -2.426e-05   5.471e-12    0.006043
        4.99    0.006131  -2.437e-05   5.471e-12    0.006155
           5    0.006245  -2.448e-05   5.471e-12    0.006269
        5.01    0.006361  -2.459e-05   5.471e-12    0.006386
        5.02     0.00648   -2.47e-05   5.471e-12    0.006505
        5.03    0.006601  -2.481e-05   5.471e-12    0.006626
        5.04    0.006724  -2.492e-05   5.471e-12    0.006749
        5.05    0.006849  -2.503e-05   5.471e-12    0.006874
        5.06    0.006977  -2.514e-05   5.471e-12    0.007002
        5.07    0.007107  -2.525e-05   5.471e-12    0.007132
        5.08    0.007239  -2.536e-05   5.471e-12    0.007265
        5.09    0.007374  -2.547e-05   5.471e-12      0.0074
         5.1    0.007512  -2.558e-05   5.471e-12    0.007537
        5.11    0.007652  -2.569e-05   5.471e-12    0.007677
        5.12    0.007794   -2.58e-05   5.471e-12     0.00782
        5.13     0.00794  -2.591e-05   5.471e-12    0.007966
        5.14    0.008088  -2.602e-05   5.471e-12    0.008114
        5.15    0.008238  -2.613e-05   5.471e-12    0.008265
        5.16    0.008392  -2.624e-05   5.471e-12    0.008418
        5.17    0.008548  -2.635e-05   5.471e-12    0.008575
        5.18    0.008708  -2.646e-05   5.471e-12    0.008734
        5.19     0.00887  -2.657e-05   5.471e-12    0.008896
         5.2    0.009035  -2.668e-05   5.471e-12    0.009062
        5.21    0.009204  -2.679e-05   5.471e-12     0.00923
        5.22    0.009375   -2.69e-05   5.471e-12    0.009402
        5.23     0.00955  -2.701e-05   5.471e-12    0.009577
        5.24    0.009728  -2.712e-05   5.471e-12    0.009755
        5.25    0.009909  -2.723e-05   5.471e-12    0.009936
        5.26     0.01009  -2.734e-05   5.471e-12     0.01012
        5.27     0.01028  -2.745e-05   5.471e-12     0.01031
        5.28     0.01047  -2.756e-05   5.471e-12      0.0105
        5.29     0.01067  -2.767e-05   5.471e-12      0.0107
         5.3     0.01087  -2.778e-05   5.471e-12     0.01089
        5.31     0.01107  -2.789e-05   5.471e-12      0.0111
        5.32     0.01128    -2.8e-05   5.471e-12      0.0113
        5.33     0.01149  -2.811e-05   5.471e-12     0.01151
        5.34      0.0117  -2.822e-05   5.471e-12     0.01173
        5.35     0.01192  -2.833e-05   5.471e-12     0.01195
        5.36     0.01214  -2.844e-05   5.471e-12     0.01217
        5.37     0.01237  -2.855e-05   5.471e-12     0.01239
        5.38      0.0126  -2.866e-05   5.471e-12     0.01262
        5.39     0.01283  -2.877e-05   5.471e-12     0.01286
         5.4     0.01307  -2.888e-05   5.471e-12      0.0131
        5.41     0.01331  -2.899e-05   5.471e-12     0.01334
        5.42     0.01356   -2.91e-05   5.471e-12     0.01359
        5.43     0.01381  -2.921e-05   5.471e-12     0.01384
        5.44     0.01407  -2.932e-05   5.471e-12      0.0141
        5.45     0.01433  -2.943e-05   5.471e-12     0.01436
        5.46      0.0146  -2.954e-05   5.471e-12     0.01463
        5.47     0.01487  -2.965e-05   5.471e-12      0.0149
        5.48     0.01515  -2.976e-05   5.471e-12     0.01518
        5.49     0.01543  -2.986e-05   5.471e-12     0.01546
         5.5     0.01572  -2.997e-05   5.471e-12     0.01575
        5.51     0.01601  -3.008e-05   5.471e-12     0.01604
        5.52     0.01631  -3.019e-05   5.471e-12     0.01634
        5.53     0.01661   -3.03e-05   5.471e-12     0.01664
        5.54     0.01692  -3.041e-05   5.471e-12     0.01695
        5.55     0.01724  -3.052e-05   5.471e-12     0.01727
        5.56     0.01756  -3.063e-05   5.471e-12     0.01759
        5.57     0.01788  -3.074e-05   5.471e-12     0.01792
        5.58     0.01822  -3.085e-05   5.471e-12     0.01825
        5.59     0.01856  -3.096e-05   5.471e-12     0.01859
         5.6      0.0189  -3.107e-05   5.471e-12     0.01893
        5.61     0.01925  -3.118e-05   5.471e-12     0.01928
        5.62     0.01961  -3.129e-05   5.471e-12     0.01964
        5.63     0.01998   -3.14e-05   5.471e-12     0.02001
        5.64     0.02035  -3.151e-05   5.471e-12     0.02038
        5.65     0.02073  -3.162e-05   5.471e-12     0.02076
        5.66     0.02111  -3.173e-05   5.471e-12     0.02115
        5.67     0.02151  -3.184e-05   5.471e-12     0.02154
        5.68     0.02191  -3.195e-05   5.471e-12     0.02194
        5.69     0.02231  -3.206e-05   5.471e-12     0.02235
         5.7     0.02273  -3.217e-05   5.471e-12     0.02276
        5.71     0.02315  -3.228e-05   5.471e-12     0.02319
        5.72     0.02358  -3.239e-05   5.471e-12     0.02362
        5.73     0.02402   -3.25e-05   5.471e-12     0.02406
        5.74     0.02447  -3.261e-05   5.471e-12      0.0245
        5.75     0.02493  -3.272e-05   5.471e-12     0.02496
        5.76     0.02539  -3.283e-05   5.471e-12     0.02542
        5.77     0.02586  -3.294e-05   5.471e-12      0.0259
        5.78     0.02634  -3.305e-05   5.471e-12     0.02638
        5.79     0.02683  -3.316e-05   5.471e-12     0.02687
         5.8     0.02733  -3.327e-05   5.471e-12     0.02737
        5.81     0.02784  -3.338e-05   5.471e-12     0.02788
        5.82     0.02836  -3.349e-05   5.471e-12     0.02839
        5.83     0.02889   -3.36e-05   5.471e-12     0.02892
        5.84     0.02943  -3.371e-05   5.471e-12     0.02946
        5.85     0.02997  -3.382e-05   5.471e-12     0.03001
        5.86     0.03053  -3.393e-05   5.471e-12     0.03056
        5.87      0.0311  -3.404e-05   5.471e-12     0.03113
        5.88     0.03168  -3.415e-05   5.471e-12     0.03171
        5.89     0.03227  -3.426e-05   5.471e-12      0.0323
         5.9     0.03287  -3.437e-05   5.471e-12      0.0329
        5.91     0.03348  -3.448e-05   5.471e-12     0.03351
        5.92      0.0341  -3.459e-05   5.471e-12     0.03414
        5.93     0.03474   -3.47e-05   5.471e-12     0.03477
        5.94     0.03538  -3.481e-05   5.471e-12     0.03542
        5.95     0.03604  -3.492e-05   5.471e-12     0.03608
        5.96     0.03671  -3.503e-05   5.471e-12     0.03675
