#      _xxWS        ftot       firac        fagn        fsfr
#
     -0.7013      0.1848   1.854e-07   7.606e-13      0.1848
     -0.6913      0.1464   2.556e-07   7.606e-13      0.1464
     -0.6813      0.1079   3.569e-07   7.606e-13      0.1079
     -0.6713     0.06951   4.963e-07   7.606e-13     0.06951
     -0.6613     0.03109   6.904e-07   7.606e-13     0.03109
     -0.6513   9.811e-07   9.554e-07   7.606e-13    2.57e-08
     -0.6413   1.296e-06    1.27e-06   7.606e-13   2.617e-08
     -0.6313   1.704e-06   1.677e-06   7.606e-13   2.666e-08
     -0.6213   2.137e-06    2.11e-06   7.606e-13   2.716e-08
     -0.6113   2.716e-06   2.688e-06   7.606e-13   2.766e-08
     -0.6013   3.401e-06   3.372e-06   7.606e-13   2.817e-08
     -0.5913   4.255e-06   4.226e-06   7.606e-13    2.87e-08
     -0.5813     5.2e-06   5.171e-06   7.606e-13   2.923e-08
     -0.5713   6.554e-06   6.524e-06   7.606e-13   2.978e-08
     -0.5613   8.168e-06   8.138e-06   7.606e-13   3.033e-08
     -0.5513   1.004e-05   1.001e-05   7.606e-13   3.089e-08
     -0.5413   1.225e-05   1.222e-05   7.606e-13   3.147e-08
     -0.5313   1.473e-05    1.47e-05   7.606e-13   3.205e-08
     -0.5213   1.754e-05    1.75e-05   7.606e-13   3.265e-08
     -0.5113   2.079e-05   2.075e-05   7.606e-13   3.325e-08
     -0.5013   2.458e-05   2.455e-05   7.606e-13   3.387e-08
     -0.4913   2.925e-05   2.922e-05   7.606e-13    3.45e-08
     -0.4813   3.436e-05   3.432e-05   7.606e-13   3.514e-08
     -0.4713   4.043e-05   4.039e-05   7.606e-13    3.58e-08
     -0.4613   4.786e-05   4.782e-05   7.606e-13   3.646e-08
     -0.4513   5.715e-05   5.711e-05   7.606e-13   3.714e-08
     -0.4413   6.686e-05   6.682e-05   7.606e-13   3.783e-08
     -0.4313   7.816e-05   7.813e-05   7.606e-13   3.853e-08
     -0.4213   9.053e-05   9.049e-05   7.606e-13   3.925e-08
     -0.4113   0.0001042   0.0001042   7.606e-13   3.998e-08
     -0.4013    0.000119    0.000119   7.606e-13   4.072e-08
     -0.3913   0.0001356   0.0001355   7.606e-13   4.148e-08
     -0.3813   0.0001542   0.0001542   7.606e-13   4.225e-08
     -0.3713   0.0001747   0.0001747   7.606e-13   4.304e-08
     -0.3613   0.0001976   0.0001975   7.606e-13   4.384e-08
     -0.3513   0.0002231   0.0002231   7.606e-13   4.465e-08
     -0.3413    0.000251    0.000251   7.606e-13   4.548e-08
     -0.3313     0.00028     0.00028   7.606e-13   4.633e-08
     -0.3213   0.0003125   0.0003124   7.606e-13   4.719e-08
     -0.3113   0.0003484   0.0003484   7.606e-13   4.807e-08
     -0.3013   0.0003872   0.0003871   7.606e-13   4.896e-08
     -0.2913   0.0004294   0.0004293   7.606e-13   4.987e-08
     -0.2813   0.0004762   0.0004761   7.606e-13    5.08e-08
     -0.2713   0.0005298   0.0005297   7.606e-13   5.174e-08
     -0.2613   0.0005869   0.0005868   7.606e-13   5.271e-08
     -0.2513   0.0006487   0.0006486   7.606e-13   5.368e-08
     -0.2413   0.0007173   0.0007172   7.606e-13   5.468e-08
     -0.2313   0.0007888   0.0007887   7.606e-13    5.57e-08
     -0.2213   0.0008662   0.0008662   7.606e-13   5.674e-08
     -0.2113   0.0009481    0.000948   7.606e-13   5.779e-08
     -0.2013    0.001041    0.001041   7.606e-13   5.886e-08
     -0.1913    0.001175    0.001175   7.606e-13   5.996e-08
     -0.1813      0.0013    0.001299   7.606e-13   6.107e-08
     -0.1713    0.001452    0.001452   7.606e-13   6.221e-08
     -0.1613    0.001656    0.001656   7.606e-13   6.337e-08
     -0.1513    0.001888    0.001888   7.606e-13   6.454e-08
     -0.1413     0.00214    0.002139   7.606e-13   6.574e-08
     -0.1313    0.002408    0.002408   7.606e-13   6.697e-08
     -0.1213    0.002717    0.002717   7.606e-13   6.821e-08
     -0.1113    0.003069    0.003069   7.606e-13   6.948e-08
     -0.1013    0.003449    0.003449   7.606e-13   7.077e-08
    -0.09128     0.00386     0.00386   7.606e-13   7.209e-08
    -0.08128    0.004305    0.004305   7.606e-13   7.343e-08
    -0.07128    0.004759    0.004759   7.606e-13   7.479e-08
    -0.06128    0.005151     0.00515   7.606e-13   7.618e-08
    -0.05128    0.005635    0.005635   7.606e-13    7.76e-08
    -0.04128    0.006112    0.006112   7.606e-13   7.904e-08
    -0.03128    0.006514    0.006514   7.606e-13   8.051e-08
    -0.02128    0.006923    0.006923   7.606e-13   8.201e-08
    -0.01128    0.007363    0.007363   7.606e-13   8.353e-08
   -0.001281    0.007827    0.007827   7.606e-13   8.508e-08
    0.008719    0.008294    0.008294   7.606e-13   8.667e-08
     0.01872     0.00873     0.00873   7.606e-13   8.828e-08
     0.02872    0.009199    0.009199   7.606e-13   8.992e-08
     0.03872    0.009694    0.009694   7.606e-13   9.159e-08
     0.04872     0.01022     0.01022   7.606e-13   9.329e-08
     0.05872     0.01081     0.01081   7.606e-13   9.503e-08
     0.06872     0.01142     0.01141   7.606e-13   9.679e-08
     0.07872       0.012       0.012   7.606e-13   9.859e-08
     0.08872     0.01261     0.01261   7.606e-13   1.004e-07
     0.09872     0.01327     0.01327   7.606e-13   1.023e-07
      0.1087     0.01396     0.01396   7.606e-13   1.042e-07
      0.1187     0.01465     0.01465   7.606e-13   1.061e-07
      0.1287     0.01536     0.01536   7.606e-13   1.081e-07
      0.1387     0.01608     0.01608   7.606e-13   1.101e-07
      0.1487     0.01686     0.01686   7.606e-13   1.122e-07
      0.1587     0.01759     0.01759   7.606e-13   1.142e-07
      0.1687     0.01848     0.01848   7.606e-13   1.164e-07
      0.1787      0.0194      0.0194   7.606e-13   1.185e-07
      0.1887     0.02037     0.02037   7.606e-13   1.207e-07
      0.1987     0.02134     0.02134   7.606e-13    1.23e-07
      0.2087     0.02223     0.02223   7.606e-13   1.253e-07
      0.2187     0.02329     0.02329   7.606e-13   1.276e-07
      0.2287     0.02437     0.02437   7.606e-13     1.3e-07
      0.2387      0.0254      0.0254   7.606e-13   1.324e-07
      0.2487     0.02649     0.02649   7.606e-13   1.349e-07
      0.2587     0.02765     0.02765   7.606e-13   1.374e-07
      0.2687     0.02865     0.02865   7.606e-13   1.399e-07
      0.2787      0.0298     0.02977   7.606e-13   3.035e-05
      0.2887     0.03102     0.03094   7.606e-13   8.009e-05
      0.2987     0.03201     0.03189   7.606e-13   0.0001259
      0.3087     0.03301     0.03284   7.606e-13   0.0001705
      0.3187     0.03396     0.03374   7.606e-13   0.0002166
      0.3287     0.03494     0.03468   7.606e-13   0.0002641
      0.3387     0.03611      0.0358   7.606e-13   0.0003065
      0.3487     0.03709     0.03675   7.606e-13   0.0003388
      0.3587     0.03809     0.03773   7.606e-13   0.0003614
      0.3687     0.03912     0.03875   7.606e-13   0.0003733
      0.3787     0.03996     0.03959   7.606e-13   0.0003676
      0.3887     0.04087      0.0405   7.606e-13   0.0003673
      0.3987     0.04197      0.0416   7.606e-13    0.000377
      0.4087     0.04301     0.04262   7.606e-13   0.0003904
      0.4187     0.04423     0.04383   7.606e-13   0.0004049
      0.4287     0.04534     0.04492   7.606e-13   0.0004183
      0.4387     0.04651     0.04608   7.606e-13   0.0004284
      0.4487     0.04775     0.04732   7.606e-13   0.0004322
      0.4587     0.04915     0.04872   7.606e-13     0.00043
      0.4687     0.05049     0.05006   7.606e-13   0.0004283
      0.4787     0.05172     0.05129   7.606e-13   0.0004317
      0.4887     0.05263     0.05219   7.606e-13   0.0004392
      0.4987     0.05346     0.05301   7.606e-13   0.0004483
      0.5087     0.05463     0.05418   7.606e-13   0.0004582
      0.5187     0.05535     0.05487   7.606e-13   0.0004717
      0.5287     0.05609      0.0556   7.606e-13   0.0004898
      0.5387     0.05657     0.05605   7.606e-13   0.0005116
      0.5487     0.05687     0.05633   7.606e-13   0.0005362
      0.5587     0.05708     0.05651   7.606e-13    0.000563
      0.5687     0.05694     0.05635   7.606e-13   0.0005918
      0.5787     0.05665     0.05603   7.606e-13   0.0006226
      0.5887      0.0557     0.05505   7.606e-13   0.0006553
      0.5987     0.05487     0.05418   7.606e-13   0.0006902
      0.6087       0.054     0.05327   7.606e-13   0.0007276
      0.6187     0.05274     0.05197   7.606e-13   0.0007684
      0.6287     0.05117     0.05036   7.606e-13   0.0008139
      0.6387     0.04959     0.04873   7.606e-13   0.0008639
      0.6487     0.04859     0.04767   7.606e-13   0.0009151
      0.6587     0.04738     0.04641   7.606e-13   0.0009663
      0.6687     0.04653     0.04551   7.606e-13    0.001019
      0.6787     0.04558     0.04451   7.606e-13    0.001074
      0.6887     0.04553     0.04345   0.0009461    0.001134
      0.6987     0.04438     0.04223   0.0009558      0.0012
      0.7087     0.04312     0.04087   0.0009678     0.00128
      0.7187     0.04225     0.03988   0.0009831    0.001389
      0.7287      0.0413     0.03871    0.001003    0.001582
      0.7387     0.04072     0.03751    0.001027    0.002183
      0.7487     0.04634     0.03698    0.001057    0.008304
      0.7587     0.04683     0.03687    0.001094    0.008866
      0.7687     0.04682     0.03662    0.001139    0.009061
      0.7787     0.04632     0.03594    0.001192    0.009193
      0.7887     0.04578     0.03522    0.001254    0.009302
      0.7987     0.04482     0.03409    0.001326    0.009401
      0.8087     0.04372     0.03282    0.001409    0.009496
      0.8187      0.0428      0.0317    0.001505    0.009588
      0.8287     0.04226     0.03097    0.001613    0.009677
      0.8387     0.04189      0.0304    0.001734     0.00976
      0.8487     0.04157     0.02988     0.00187    0.009823
      0.8587      0.0413     0.02946    0.002021    0.009812
      0.8687     0.04038     0.02878    0.002189    0.009405
      0.8787     0.03389     0.02802    0.002374    0.003494
      0.8887     0.03274       0.027    0.002576    0.003159
      0.8987     0.03185     0.02584    0.002796    0.003214
      0.9087     0.03122     0.02483    0.003035    0.003361
      0.9187     0.03072     0.02385    0.003291    0.003571
      0.9287     0.03044     0.02302    0.003563    0.003855
      0.9387     0.03043      0.0223     0.00385    0.004288
      0.9487     0.03092      0.0216    0.004149    0.005167
      0.9587     0.03123     0.02088    0.004458    0.005889
      0.9687     0.03154     0.02012    0.004774    0.006647
      0.9787     0.03242     0.01933    0.005092    0.008003
      0.9887     0.03365     0.01845     0.00541    0.009791
      0.9987     0.03504     0.01786    0.005721     0.01146
       1.009     0.03788     0.01733    0.006022     0.01453
       1.019     0.04868     0.01691    0.006317     0.02545
       1.029      0.0571     0.01647    0.006615     0.03401
       1.039      0.0609     0.01601    0.006919     0.03797
       1.049     0.06465     0.01555    0.007221     0.04188
       1.059     0.06871     0.01512    0.007527     0.04606
       1.069     0.07268     0.01468    0.007832     0.05017
       1.079     0.07721     0.01424    0.008142     0.05483
       1.089     0.08424     0.01382    0.008453     0.06197
       1.099     0.09599     0.01337     0.00876     0.07386
       1.109      0.1163     0.01292    0.009055      0.0943
       1.119      0.1365      0.0125    0.009338      0.1146
       1.129      0.1528     0.01205    0.009606      0.1311
       1.139      0.1604     0.01162    0.009848       0.139
       1.149      0.1583     0.01119     0.01004       0.137
       1.159      0.1602      0.0108     0.01019      0.1392
       1.169      0.1658     0.01044      0.0103       0.145
       1.179      0.1671     0.01011     0.01036      0.1466
       1.189      0.1668    0.009782     0.01035      0.1467
       1.199       0.166    0.009485     0.01032      0.1462
       1.209       0.164    0.009203     0.01029      0.1446
       1.219      0.1598    0.008919     0.01029      0.1406
       1.229       0.151    0.008647     0.01033       0.132
       1.239      0.1333    0.008368     0.01044      0.1145
       1.249      0.1158    0.008078     0.01063     0.09712
       1.259      0.1034    0.007782     0.01092     0.08473
       1.269      0.1012    0.007485      0.0113     0.08243
       1.279      0.1211    0.007189     0.01181      0.1021
       1.289      0.1281    0.006887     0.01243      0.1087
       1.299      0.1306    0.006579     0.01316      0.1109
       1.309      0.1397    0.006251     0.01404      0.1194
       1.319      0.1493    0.005934     0.01504      0.1283
       1.329      0.1645    0.005607     0.01613      0.1428
       1.339      0.1747    0.005278     0.01732      0.1521
       1.349      0.1823    0.004949     0.01859      0.1587
       1.359      0.1908    0.004627     0.01991      0.1663
       1.369      0.1972    0.004327     0.02127      0.1716
       1.379      0.2033    0.004048     0.02266      0.1766
       1.389      0.2077    0.003789     0.02405      0.1799
       1.399      0.2093    0.003548     0.02545      0.1803
       1.409      0.1912    0.003326     0.02685      0.1611
       1.419       0.185    0.003121     0.02821      0.1536
       1.429      0.1851    0.002933     0.02956      0.1526
       1.439      0.1845     0.00276     0.03088      0.1508
       1.449      0.1876    0.002602     0.03218      0.1528
       1.459      0.1866    0.002458     0.03348      0.1506
       1.469      0.1916    0.002327     0.03474      0.1545
       1.479      0.1974    0.002207     0.03595      0.1593
       1.489      0.2017    0.002099     0.03712      0.1625
       1.499      0.2081    0.002001     0.03827      0.1679
       1.509      0.2151    0.001913     0.03944      0.1738
       1.519      0.2227    0.001832     0.04063      0.1803
       1.529      0.2307    0.001759     0.04182      0.1871
       1.539      0.2387    0.001692     0.04304      0.1939
       1.549      0.2466     0.00163      0.0443      0.2007
       1.559      0.2542    0.001573     0.04555      0.2071
       1.569       0.261     0.00152     0.04684      0.2126
       1.579      0.2658     0.00147     0.04812      0.2162
       1.589      0.2704    0.001422     0.04941      0.2195
       1.599      0.2752    0.001376     0.05069      0.2231
       1.609      0.2828    0.001332     0.05197      0.2295
       1.619      0.2923    0.001289     0.05324      0.2377
       1.629      0.3028    0.001246     0.05448      0.2471
       1.639      0.3142    0.001204     0.05565      0.2573
       1.649      0.3274    0.001163     0.05676      0.2695
       1.659      0.3424    0.001122     0.05785      0.2834
       1.669      0.3591    0.001082     0.05888      0.2991
       1.679      0.3777    0.001042     0.05986      0.3168
       1.689      0.3986    0.001003     0.06083      0.3368
       1.699      0.4218   0.0009638     0.06175      0.3591
       1.709      0.4476   0.0009255     0.06267       0.384
       1.719      0.4761   0.0008879     0.06358      0.4116
       1.729      0.5074    0.000851     0.06451      0.4421
       1.739      0.5417   0.0008148     0.06543      0.4754
       1.749      0.5788   0.0007794     0.06638      0.5116
       1.759      0.6188   0.0007448     0.06737      0.5507
       1.769      0.6617    0.000711     0.06839      0.5926
       1.779      0.7073   0.0006781     0.06946      0.6371
       1.789      0.7555   0.0006461     0.07054      0.6844
       1.799      0.8064    0.000615     0.07167      0.7341
       1.809      0.8596    0.000585     0.07284      0.7862
       1.819      0.9152    0.000556     0.07401      0.8407
       1.829      0.9731   0.0005281     0.07518      0.8974
       1.839       1.033   0.0005012     0.07633      0.9564
       1.849       1.096   0.0004756     0.07747       1.018
       1.859        1.16   0.0004511     0.07855       1.081
       1.869       1.228   0.0004278     0.07962       1.148
       1.879       1.297   0.0004057     0.08059       1.216
       1.889        1.37   0.0003847     0.08146       1.288
       1.899       1.446    0.000365     0.08227       1.363
       1.909       1.525   0.0003464     0.08293       1.442
       1.919       1.608    0.000329     0.08351       1.525
       1.929       1.695   0.0003127     0.08398       1.611
       1.939       1.786   0.0002974      0.0843       1.702
       1.949       1.882   0.0002832     0.08447       1.797
       1.959       1.981   0.0002699     0.08455       1.897
       1.969       2.086   0.0002575      0.0845       2.001
       1.979       2.194   0.0002459     0.08431        2.11
       1.989       2.308   0.0002351     0.08402       2.223
       1.999       2.425   0.0002249     0.08355       2.341
       2.009       2.546   0.0002154     0.08298       2.463
       2.019       2.671   0.0002064     0.08229       2.589
       2.029         2.8   0.0001978     0.08145       2.718
       2.039       2.932   0.0001897     0.08054       2.851
       2.049       3.066   0.0001819     0.07951       2.986
       2.059       3.202   0.0001745     0.07835       3.123
       2.069        3.34   0.0001674     0.07711       3.262
       2.079       3.478   0.0001604      0.0758       3.402
       2.089       3.617   0.0001538     0.07438       3.542
       2.099       3.755   0.0001473     0.07289       3.682
       2.109       3.892    0.000141     0.07132        3.82
       2.119       4.027   0.0001349     0.06966       3.957
       2.129       4.159    0.000129     0.06796        4.09
       2.139       4.287   0.0001232     0.06622       4.221
       2.149       4.411   0.0001177     0.06446       4.347
       2.159       4.531   0.0001123     0.06265       4.468
       2.169       4.645   0.0001072     0.06081       4.584
       2.179       4.752   0.0001023     0.05894       4.693
       2.189       4.853    9.76e-05     0.05706       4.796
       2.199       4.946   9.312e-05     0.05517       4.891
       2.209       5.032   8.885e-05     0.05328       4.979
       2.219       5.109   8.478e-05      0.0514       5.058
       2.229       5.178   8.092e-05     0.04954       5.128
       2.239       5.237   7.725e-05      0.0477        5.19
       2.249       5.288   7.376e-05     0.04587       5.242
       2.259       5.329   7.044e-05     0.04405       5.285
       2.269       5.361   6.728e-05     0.04227       5.318
       2.279       5.384   6.427e-05     0.04053       5.343
       2.289       5.398    6.14e-05     0.03881       5.359
       2.299       5.403   5.866e-05     0.03714       5.366
       2.309       5.401   5.604e-05      0.0355       5.365
       2.319       5.391   5.354e-05     0.03391       5.357
       2.329       5.375   5.114e-05     0.03236       5.342
       2.339       5.353   4.884e-05     0.03084       5.322
       2.349       5.326   4.665e-05     0.02938       5.297
       2.359       5.295   4.454e-05     0.02797       5.267
       2.369       5.258   4.253e-05      0.0266       5.231
       2.379       5.213   4.061e-05     0.02527       5.187
       2.389       5.157   3.878e-05     0.02401       5.133
       2.399        5.09   3.703e-05     0.02279       5.067
       2.409       5.012   3.537e-05      0.0216        4.99
       2.419       4.923   3.378e-05     0.02047       4.903
       2.429       4.826   3.225e-05     0.01936       4.806
       2.439       4.719   3.079e-05     0.01832         4.7
       2.449       4.604   2.939e-05     0.01731       4.587
       2.459       4.481   2.803e-05     0.01635       4.464
       2.469        4.35   2.672e-05     0.01545       4.334
       2.479       4.211   2.545e-05     0.01457       4.196
       2.489       4.065    2.42e-05     0.01374       4.051
       2.499       3.914   2.297e-05     0.01294       3.901
       2.509       3.762   2.177e-05      0.0122       3.749
       2.519       3.611   2.057e-05     0.01148         3.6
       2.529       3.464   1.939e-05      0.0108       3.454
       2.539       3.321    1.82e-05     0.01016       3.311
       2.549       3.181   1.702e-05    0.009549       3.172
       2.559       3.045   1.584e-05    0.008975       3.036
       2.569       2.913   1.466e-05    0.008432       2.904
       2.579       2.783   1.347e-05    0.007908       2.775
       2.589       2.657   1.229e-05    0.007418       2.649
       2.599       2.533   1.111e-05    0.006948       2.527
       2.609       2.414   9.923e-06    0.006507       2.407
       2.619       2.297   8.738e-06    0.006086       2.291
       2.629       2.184   7.554e-06    0.005691       2.178
       2.639       2.074   6.369e-06    0.005316       2.068
       2.649       1.966   5.184e-06    0.004966       1.962
       2.659       1.862   3.998e-06    0.004636       1.858
       2.669       1.762   2.812e-06    0.004328       1.757
       2.679       1.664   1.626e-06    0.004036        1.66
       2.689        1.57   4.397e-07    0.003767       1.567
       2.699        1.48   -7.47e-07    0.003516       1.476
       2.709       1.393  -1.934e-06    0.003282        1.39
       2.719        1.31  -3.121e-06    0.003064       1.307
       2.729        1.23  -4.309e-06    0.002859       1.227
       2.739       1.154  -5.496e-06    0.002668       1.151
       2.749       1.081  -6.684e-06    0.002491       1.079
       2.759       1.012  -7.872e-06    0.002323        1.01
       2.769       0.947  -9.061e-06    0.002168      0.9448
       2.779      0.8857  -1.025e-05    0.002023      0.8837
       2.789       0.828  -1.144e-05    0.001887      0.8262
       2.799      0.7738  -1.263e-05    0.001762      0.7721
       2.809      0.7228  -1.382e-05    0.001645      0.7212
       2.819      0.6749  -1.501e-05    0.001535      0.6734
       2.829      0.6299  -1.619e-05    0.001433      0.6285
       2.839      0.5877  -1.738e-05    0.001337      0.5864
       2.849      0.5481  -1.857e-05    0.001247      0.5469
       2.859      0.5111  -1.976e-05    0.001165        0.51
       2.869      0.4764  -2.095e-05    0.001087      0.4754
       2.879       0.444  -2.214e-05    0.001014       0.443
       2.889      0.4136  -2.333e-05   0.0009464      0.4127
       2.899      0.3853  -2.453e-05   0.0008837      0.3844
       2.909      0.3587  -2.572e-05   0.0008245      0.3579
       2.919       0.334  -2.691e-05   0.0007695      0.3332
       2.929      0.3108   -2.81e-05   0.0007178      0.3101
       2.939      0.2893  -2.929e-05   0.0006702      0.2886
       2.949      0.2692  -3.048e-05   0.0006256      0.2686
       2.959      0.2504  -3.167e-05   0.0005836      0.2498
       2.969      0.2329  -3.286e-05   0.0005449      0.2324
       2.979      0.2166  -3.405e-05   0.0005085      0.2161
       2.989      0.2014  -3.525e-05   0.0004745       0.201
       2.999      0.1873  -3.644e-05   0.0004427      0.1869
       3.009      0.1741  -3.763e-05   0.0004131      0.1738
       3.019      0.1619  -3.882e-05   0.0003857      0.1615
       3.029      0.1505  -4.001e-05   0.0003598      0.1501
       3.039      0.1398   -4.12e-05   0.0003359      0.1396
       3.049        0.13   -4.24e-05   0.0003134      0.1297
       3.059      0.1208  -4.359e-05   0.0002925      0.1205
       3.069      0.1123  -4.478e-05    0.000273       0.112
       3.079      0.1043  -4.597e-05   0.0002547      0.1041
       3.089     0.09693  -4.716e-05   0.0002376     0.09674
       3.099     0.09007  -4.836e-05   0.0002218      0.0899
       3.109     0.08369  -4.955e-05    0.000207     0.08353
       3.119     0.07777  -5.074e-05   0.0001933     0.07762
       3.129     0.07226  -5.193e-05   0.0001804     0.07213
       3.139     0.06713  -5.313e-05   0.0001683     0.06702
       3.149     0.06237  -5.432e-05    0.000157     0.06227
       3.159     0.05795  -5.551e-05   0.0001466     0.05785
       3.169     0.05383   -5.67e-05   0.0001368     0.05375
       3.179     0.05001   -5.79e-05   0.0001277     0.04994
       3.189     0.04645  -5.909e-05   0.0001191     0.04639
       3.199     0.04314  -6.028e-05   0.0001112     0.04309
       3.209     0.04007  -6.148e-05   0.0001038     0.04003
       3.219     0.03721  -6.267e-05   9.683e-05     0.03718
       3.229     0.03455  -6.386e-05   9.031e-05     0.03453
       3.239     0.03208  -6.505e-05   8.425e-05     0.03206
       3.249     0.02979  -6.625e-05   7.865e-05     0.02977
       3.259     0.02765  -6.744e-05   7.343e-05     0.02765
       3.269     0.02567  -6.863e-05   6.852e-05     0.02567
       3.279     0.02383  -6.983e-05   6.388e-05     0.02383
       3.289     0.02206  -7.102e-05   7.606e-13     0.02213
       3.299     0.02047  -7.221e-05   7.606e-13     0.02054
       3.309       0.019  -7.341e-05   7.606e-13     0.01907
       3.319     0.01764   -7.46e-05   7.606e-13     0.01771
       3.329     0.01637  -7.579e-05   7.606e-13     0.01645
       3.339      0.0152  -7.698e-05   7.606e-13     0.01528
       3.349     0.01412  -7.818e-05   7.606e-13     0.01419
       3.359     0.01311  -7.937e-05   7.606e-13     0.01319
       3.369     0.01217  -8.056e-05   7.606e-13     0.01225
       3.379     0.01131  -8.176e-05   7.606e-13     0.01139
       3.389     0.01051  -8.295e-05   7.606e-13     0.01059
       3.399    0.009767  -8.414e-05   7.606e-13    0.009851
       3.409     0.00908  -8.534e-05   7.606e-13    0.009166
       3.419    0.008445  -8.653e-05   7.606e-13    0.008532
       3.429    0.007858  -8.772e-05   7.606e-13    0.007946
       3.439    0.007313  -8.892e-05   7.606e-13    0.007402
       3.449    0.006809  -9.011e-05   7.606e-13    0.006899
       3.459    0.006343   -9.13e-05   7.606e-13    0.006434
       3.469    0.005912   -9.25e-05   7.606e-13    0.006005
       3.479    0.005514  -9.369e-05   7.606e-13    0.005608
       3.489    0.005146  -9.488e-05   7.606e-13    0.005241
       3.499    0.004806  -9.608e-05   7.606e-13    0.004902
       3.509    0.004491  -9.727e-05   7.606e-13    0.004589
       3.519    0.004202  -9.846e-05   7.606e-13      0.0043
       3.529    0.003934  -9.966e-05   7.606e-13    0.004033
       3.539    0.003686  -0.0001008   7.606e-13    0.003787
       3.549    0.003457   -0.000102   7.606e-13    0.003559
       3.559    0.003246  -0.0001032   7.606e-13     0.00335
       3.569    0.003053  -0.0001044   7.606e-13    0.003157
       3.579    0.002873  -0.0001056   7.606e-13    0.002979
       3.589    0.002709  -0.0001068   7.606e-13    0.002815
       3.599    0.002557   -0.000108   7.606e-13    0.002665
       3.609    0.002417  -0.0001092   7.606e-13    0.002526
       3.619    0.002289  -0.0001104   7.606e-13    0.002399
       3.629    0.002171  -0.0001116   7.606e-13    0.002282
       3.639    0.002063  -0.0001128   7.606e-13    0.002175
       3.649    0.001963   -0.000114   7.606e-13    0.002077
       3.659    0.001872  -0.0001152   7.606e-13    0.001987
       3.669    0.001789  -0.0001164   7.606e-13    0.001905
       3.679    0.001713  -0.0001176   7.606e-13    0.001831
       3.689    0.001644  -0.0001187   7.606e-13    0.001763
       3.699    0.001581  -0.0001199   7.606e-13    0.001701
       3.709    0.001523  -0.0001211   7.606e-13    0.001644
       3.719    0.001471  -0.0001223   7.606e-13    0.001593
       3.729    0.001424  -0.0001235   7.606e-13    0.001548
       3.739    0.001382  -0.0001247   7.606e-13    0.001506
       3.749    0.001343  -0.0001259   7.606e-13    0.001469
       3.759    0.001309  -0.0001271   7.606e-13    0.001436
       3.769    0.001279  -0.0001283   7.606e-13    0.001407
       3.779    0.001252  -0.0001295   7.606e-13    0.001381
       3.789    0.001228  -0.0001307   7.606e-13    0.001359
       3.799    0.001208  -0.0001319   7.606e-13     0.00134
       3.809     0.00119  -0.0001331   7.606e-13    0.001323
       3.819    0.001175  -0.0001343   7.606e-13    0.001309
       3.829    0.001162  -0.0001355   7.606e-13    0.001298
       3.839    0.001152  -0.0001366   7.606e-13    0.001288
       3.849    0.001144  -0.0001378   7.606e-13    0.001282
       3.859    0.001138   -0.000139   7.606e-13    0.001277
       3.869    0.001134  -0.0001402   7.606e-13    0.001274
       3.879    0.001131  -0.0001414   7.606e-13    0.001273
       3.889    0.001131  -0.0001426   7.606e-13    0.001273
       3.899    0.001132  -0.0001438   7.606e-13    0.001276
       3.909    0.001135   -0.000145   7.606e-13     0.00128
       3.919    0.001139  -0.0001462   7.606e-13    0.001285
       3.929    0.001144  -0.0001474   7.606e-13    0.001292
       3.939    0.001151  -0.0001486   7.606e-13      0.0013
       3.949    0.001159  -0.0001498   7.606e-13    0.001309
       3.959    0.001168   -0.000151   7.606e-13    0.001319
       3.969    0.001179  -0.0001522   7.606e-13    0.001331
       3.979     0.00119  -0.0001534   7.606e-13    0.001344
       3.989    0.001203  -0.0001545   7.606e-13    0.001358
       3.999    0.001217  -0.0001557   7.606e-13    0.001372
       4.009    0.001231  -0.0001569   7.606e-13    0.001388
       4.019    0.001247  -0.0001581   7.606e-13    0.001405
       4.029    0.001264  -0.0001593   7.606e-13    0.001423
       4.039    0.001281  -0.0001605   7.606e-13    0.001442
       4.049    0.001299  -0.0001617   7.606e-13    0.001461
       4.059    0.001319  -0.0001629   7.606e-13    0.001481
       4.069    0.001339  -0.0001641   7.606e-13    0.001503
       4.079    0.001359  -0.0001653   7.606e-13    0.001525
       4.089    0.001381  -0.0001665   7.606e-13    0.001548
       4.099    0.001404  -0.0001677   7.606e-13    0.001571
       4.109    0.001427  -0.0001689   7.606e-13    0.001596
       4.119    0.001451  -0.0001701   7.606e-13    0.001621
       4.129    0.001476  -0.0001712   7.606e-13    0.001647
       4.139    0.001501  -0.0001724   7.606e-13    0.001674
       4.149    0.001528  -0.0001736   7.606e-13    0.001701
       4.159    0.001555  -0.0001748   7.606e-13    0.001729
       4.169    0.001582   -0.000176   7.606e-13    0.001758
       4.179    0.001611  -0.0001772   7.606e-13    0.001788
       4.189     0.00164  -0.0001784   7.606e-13    0.001819
       4.199     0.00167  -0.0001796   7.606e-13     0.00185
       4.209    0.001701  -0.0001808   7.606e-13    0.001882
       4.219    0.001733   -0.000182   7.606e-13    0.001915
       4.229    0.001765  -0.0001832   7.606e-13    0.001948
       4.239    0.001798  -0.0001844   7.606e-13    0.001982
       4.249    0.001832  -0.0001856   7.606e-13    0.002018
       4.259    0.001867  -0.0001868   7.606e-13    0.002053
       4.269    0.001902  -0.0001879   7.606e-13     0.00209
       4.279    0.001938  -0.0001891   7.606e-13    0.002127
       4.289    0.001975  -0.0001903   7.606e-13    0.002165
       4.299    0.002013  -0.0001915   7.606e-13    0.002204
       4.309    0.002051  -0.0001927   7.606e-13    0.002244
       4.319    0.002091  -0.0001939   7.606e-13    0.002285
       4.329    0.002131  -0.0001951   7.606e-13    0.002326
       4.339    0.002172  -0.0001963   7.606e-13    0.002368
       4.349    0.002214  -0.0001975   7.606e-13    0.002411
       4.359    0.002257  -0.0001987   7.606e-13    0.002455
       4.369      0.0023  -0.0001999   7.606e-13      0.0025
       4.379    0.002345  -0.0002011   7.606e-13    0.002546
       4.389     0.00239  -0.0002023   7.606e-13    0.002593
       4.399    0.002437  -0.0002035   7.606e-13     0.00264
       4.409    0.002484  -0.0002046   7.606e-13    0.002689
       4.419    0.002532  -0.0002058   7.606e-13    0.002738
       4.429    0.002581   -0.000207   7.606e-13    0.002788
       4.439    0.002631  -0.0002082   7.606e-13     0.00284
       4.449    0.002683  -0.0002094   7.606e-13    0.002892
       4.459    0.002735  -0.0002106   7.606e-13    0.002945
       4.469    0.002788  -0.0002118   7.606e-13       0.003
       4.479    0.002842   -0.000213   7.606e-13    0.003055
       4.489    0.002897  -0.0002142   7.606e-13    0.003111
       4.499    0.002954  -0.0002154   7.606e-13    0.003169
       4.509    0.003011  -0.0002166   7.606e-13    0.003228
       4.519     0.00307  -0.0002178   7.606e-13    0.003287
       4.529    0.003129   -0.000219   7.606e-13    0.003348
       4.539     0.00319  -0.0002202   7.606e-13     0.00341
       4.549    0.003252  -0.0002213   7.606e-13    0.003473
       4.559    0.003315  -0.0002225   7.606e-13    0.003538
       4.569    0.003379  -0.0002237   7.606e-13    0.003603
       4.579    0.003445  -0.0002249   7.606e-13     0.00367
       4.589    0.003512  -0.0002261   7.606e-13    0.003738
       4.599     0.00358  -0.0002273   7.606e-13    0.003807
       4.609    0.003649  -0.0002285   7.606e-13    0.003878
       4.619     0.00372  -0.0002297   7.606e-13     0.00395
       4.629    0.003792  -0.0002309   7.606e-13    0.004023
       4.639    0.003866  -0.0002321   7.606e-13    0.004098
       4.649    0.003941  -0.0002333   7.606e-13    0.004174
       4.659    0.004017  -0.0002345   7.606e-13    0.004251
       4.669    0.004095  -0.0002357   7.606e-13     0.00433
       4.679    0.004174  -0.0002369   7.606e-13    0.004411
       4.689    0.004255   -0.000238   7.606e-13    0.004493
       4.699    0.004337  -0.0002392   7.606e-13    0.004576
       4.709    0.004421  -0.0002404   7.606e-13    0.004661
       4.719    0.004506  -0.0002416   7.606e-13    0.004748
       4.729    0.004593  -0.0002428   7.606e-13    0.004836
       4.739    0.004682   -0.000244   7.606e-13    0.004926
       4.749    0.004772  -0.0002452   7.606e-13    0.005017
       4.759    0.004864  -0.0002464   7.606e-13     0.00511
       4.769    0.004958  -0.0002476   7.606e-13    0.005205
       4.779    0.005053  -0.0002488   7.606e-13    0.005302
       4.789    0.005151    -0.00025   7.606e-13    0.005401
       4.799     0.00525  -0.0002512   7.606e-13    0.005501
       4.809    0.005351  -0.0002524   7.606e-13    0.005603
       4.819    0.005454  -0.0002536   7.606e-13    0.005707
       4.829    0.005559  -0.0002547   7.606e-13    0.005813
       4.839    0.005665  -0.0002559   7.606e-13    0.005921
       4.849    0.005774  -0.0002571   7.606e-13    0.006031
       4.859    0.005885  -0.0002583   7.606e-13    0.006144
       4.869    0.005998  -0.0002595   7.606e-13    0.006258
       4.879    0.006113  -0.0002607   7.606e-13    0.006374
       4.889    0.006231  -0.0002619   7.606e-13    0.006493
       4.899     0.00635  -0.0002631   7.606e-13    0.006613
       4.909    0.006472  -0.0002643   7.606e-13    0.006736
       4.919    0.006596  -0.0002655   7.606e-13    0.006861
       4.929    0.006722  -0.0002667   7.606e-13    0.006989
       4.939    0.006851  -0.0002679   7.606e-13    0.007119
       4.949    0.006982  -0.0002691   7.606e-13    0.007251
       4.959    0.007116  -0.0002702   7.606e-13    0.007386
       4.969    0.007252  -0.0002714   7.606e-13    0.007523
       4.979    0.007391  -0.0002726   7.606e-13    0.007663
       4.989    0.007532  -0.0002738   7.606e-13    0.007806
       4.999    0.007676   -0.000275   7.606e-13    0.007951
       5.009    0.007822  -0.0002762   7.606e-13    0.008098
       5.019    0.007972  -0.0002774   7.606e-13    0.008249
       5.029    0.008124  -0.0002786   7.606e-13    0.008402
       5.039    0.008279  -0.0002798   7.606e-13    0.008559
       5.049    0.008437   -0.000281   7.606e-13    0.008718
       5.059    0.008598  -0.0002822   7.606e-13     0.00888
       5.069    0.008761  -0.0002834   7.606e-13    0.009045
       5.079    0.008928  -0.0002846   7.606e-13    0.009213
       5.089    0.009099  -0.0002858   7.606e-13    0.009384
       5.099    0.009272  -0.0002869   7.606e-13    0.009559
       5.109    0.009448  -0.0002881   7.606e-13    0.009736
       5.119    0.009628  -0.0002893   7.606e-13    0.009917
       5.129    0.009811  -0.0002905   7.606e-13      0.0101
       5.139    0.009998  -0.0002917   7.606e-13     0.01029
       5.149     0.01019  -0.0002929   7.606e-13     0.01048
       5.159     0.01038  -0.0002941   7.606e-13     0.01068
       5.169     0.01058  -0.0002953   7.606e-13     0.01087
       5.179     0.01078  -0.0002965   7.606e-13     0.01108
       5.189     0.01098  -0.0002977   7.606e-13     0.01128
       5.199     0.01119  -0.0002989   7.606e-13     0.01149
       5.209     0.01141  -0.0003001   7.606e-13     0.01171
       5.219     0.01162  -0.0003013   7.606e-13     0.01192
       5.229     0.01184  -0.0003024   7.606e-13     0.01215
       5.239     0.01207  -0.0003036   7.606e-13     0.01237
       5.249      0.0123  -0.0003048   7.606e-13      0.0126
       5.259     0.01253   -0.000306   7.606e-13     0.01284
       5.269     0.01277  -0.0003072   7.606e-13     0.01307
       5.279     0.01301  -0.0003084   7.606e-13     0.01332
       5.289     0.01325  -0.0003096   7.606e-13     0.01356
       5.299     0.01351  -0.0003108   7.606e-13     0.01382
       5.309     0.01376   -0.000312   7.606e-13     0.01407
       5.319     0.01402  -0.0003132   7.606e-13     0.01434
       5.329     0.01429  -0.0003144   7.606e-13      0.0146
       5.339     0.01456  -0.0003156   7.606e-13     0.01487
       5.349     0.01483  -0.0003168   7.606e-13     0.01515
       5.359     0.01511   -0.000318   7.606e-13     0.01543
       5.369      0.0154  -0.0003191   7.606e-13     0.01572
       5.379     0.01569  -0.0003203   7.606e-13     0.01601
       5.389     0.01599  -0.0003215   7.606e-13     0.01631
       5.399     0.01629  -0.0003227   7.606e-13     0.01661
       5.409      0.0166  -0.0003239   7.606e-13     0.01692
       5.419     0.01691  -0.0003251   7.606e-13     0.01723
       5.429     0.01723  -0.0003263   7.606e-13     0.01755
       5.439     0.01755  -0.0003275   7.606e-13     0.01788
       5.449     0.01789  -0.0003287   7.606e-13     0.01821
       5.459     0.01822  -0.0003299   7.606e-13     0.01855
       5.469     0.01857  -0.0003311   7.606e-13      0.0189
       5.479     0.01892  -0.0003323   7.606e-13     0.01925
       5.489     0.01927  -0.0003335   7.606e-13     0.01961
       5.499     0.01964  -0.0003346   7.606e-13     0.01997
       5.509     0.02001  -0.0003358   7.606e-13     0.02034
       5.519     0.02038   -0.000337   7.606e-13     0.02072
       5.529     0.02077  -0.0003382   7.606e-13     0.02111
       5.539     0.02116  -0.0003394   7.606e-13      0.0215
       5.549     0.02156  -0.0003406   7.606e-13      0.0219
       5.559     0.02196  -0.0003418   7.606e-13      0.0223
       5.569     0.02238   -0.000343   7.606e-13     0.02272
       5.579      0.0228  -0.0003442   7.606e-13     0.02314
       5.589     0.02323  -0.0003454   7.606e-13     0.02357
       5.599     0.02366  -0.0003466   7.606e-13     0.02401
       5.609     0.02411  -0.0003478   7.606e-13     0.02446
       5.619     0.02456   -0.000349   7.606e-13     0.02491
       5.629     0.02502  -0.0003501   7.606e-13     0.02537
       5.639     0.02549  -0.0003513   7.606e-13     0.02585
       5.649     0.02597  -0.0003525   7.606e-13     0.02633
       5.659     0.02646  -0.0003537   7.606e-13     0.02682
       5.669     0.02696  -0.0003549   7.606e-13     0.02731
       5.679     0.02747  -0.0003561   7.606e-13     0.02782
       5.689     0.02798  -0.0003573   7.606e-13     0.02834
       5.699     0.02851  -0.0003585   7.606e-13     0.02887
       5.709     0.02904  -0.0003597   7.606e-13      0.0294
       5.719     0.02959  -0.0003609   7.606e-13     0.02995
       5.729     0.03014  -0.0003621   7.606e-13     0.03051
       5.739     0.03071  -0.0003633   7.606e-13     0.03107
       5.749     0.03129  -0.0003645   7.606e-13     0.03165
       5.759     0.03187  -0.0003657   7.606e-13     0.03224
       5.769     0.03247  -0.0003668   7.606e-13     0.03284
       5.779     0.03308   -0.000368   7.606e-13     0.03345
       5.789      0.0337  -0.0003692   7.606e-13     0.03407
       5.799     0.03434  -0.0003704   7.606e-13     0.03471
       5.809     0.03498  -0.0003716   7.606e-13     0.03535
       5.819     0.03564  -0.0003728   7.606e-13     0.03601
       5.829      0.0363   -0.000374   7.606e-13     0.03668
       5.839     0.03698  -0.0003752   7.606e-13     0.03736
       5.849     0.03768  -0.0003764   7.606e-13     0.03805
       5.859     0.03838  -0.0003776   7.606e-13     0.03876
       5.869      0.0391  -0.0003788   7.606e-13     0.03948
       5.879     0.03984    -0.00038   7.606e-13     0.04022
