#      _xxWS        ftot       firac        fagn        fsfr
#
     -0.6396     0.04408   2.703e-06           0     0.04408
     -0.6296     0.03491   3.337e-06           0     0.03491
     -0.6196     0.02575   4.181e-06           0     0.02574
     -0.6096     0.01658   5.231e-06           0     0.01658
     -0.5996    0.007421   6.563e-06           0    0.007414
     -0.5896   8.222e-06   8.211e-06           0   1.118e-08
     -0.5796     9.9e-06   9.889e-06           0   1.138e-08
     -0.5696   1.187e-05   1.186e-05           0    1.16e-08
     -0.5596   1.359e-05   1.358e-05           0   1.181e-08
     -0.5496   1.579e-05   1.578e-05           0   1.203e-08
     -0.5396   1.811e-05   1.809e-05           0   1.226e-08
     -0.5296   2.078e-05   2.077e-05           0   1.248e-08
     -0.5196   2.333e-05   2.332e-05           0   1.271e-08
     -0.5096   2.706e-05   2.705e-05           0   1.295e-08
     -0.4996    3.11e-05   3.109e-05           0   1.319e-08
     -0.4896   3.532e-05   3.531e-05           0   1.344e-08
     -0.4796   3.984e-05   3.983e-05           0   1.369e-08
     -0.4696    4.44e-05   4.439e-05           0   1.394e-08
     -0.4596   4.906e-05   4.905e-05           0    1.42e-08
     -0.4496   5.407e-05   5.406e-05           0   1.446e-08
     -0.4396   5.956e-05   5.954e-05           0   1.473e-08
     -0.4296   6.609e-05   6.608e-05           0   1.501e-08
     -0.4196   7.252e-05   7.251e-05           0   1.529e-08
     -0.4096   7.984e-05   7.983e-05           0   1.557e-08
     -0.3996   8.857e-05   8.856e-05           0   1.586e-08
     -0.3896   9.924e-05   9.923e-05           0   1.616e-08
     -0.3796   0.0001091   0.0001091           0   1.646e-08
     -0.3696     0.00012     0.00012           0   1.676e-08
     -0.3596    0.000131    0.000131           0   1.707e-08
     -0.3496   0.0001423   0.0001423           0   1.739e-08
     -0.3396   0.0001536   0.0001535           0   1.771e-08
     -0.3296   0.0001655   0.0001655           0   1.804e-08
     -0.3196   0.0001783   0.0001783           0   1.838e-08
     -0.3096   0.0001916   0.0001916           0   1.872e-08
     -0.2996   0.0002058   0.0002058           0   1.907e-08
     -0.2896    0.000221   0.0002209           0   1.942e-08
     -0.2796   0.0002366   0.0002365           0   1.978e-08
     -0.2696   0.0002515   0.0002514           0   2.015e-08
     -0.2596   0.0002677   0.0002677           0   2.053e-08
     -0.2496   0.0002851    0.000285           0   2.091e-08
     -0.2396   0.0003028   0.0003028           0    2.13e-08
     -0.2296   0.0003213   0.0003213           0   2.169e-08
     -0.2196   0.0003413   0.0003413           0    2.21e-08
     -0.2096   0.0003641   0.0003641           0   2.251e-08
     -0.1996   0.0003871   0.0003871           0   2.293e-08
     -0.1896    0.000411    0.000411           0   2.335e-08
     -0.1796    0.000437    0.000437           0   2.379e-08
     -0.1696   0.0004625   0.0004624           0   2.423e-08
     -0.1596   0.0004892   0.0004892           0   2.468e-08
     -0.1496   0.0005162   0.0005161           0   2.514e-08
     -0.1396   0.0005467   0.0005467           0    2.56e-08
     -0.1296   0.0005958   0.0005958           0   2.608e-08
     -0.1196    0.000637    0.000637           0   2.657e-08
     -0.1096   0.0006883   0.0006883           0   2.706e-08
    -0.09956     0.00076     0.00076           0   2.756e-08
    -0.08956   0.0008391   0.0008391           0   2.807e-08
    -0.07956   0.0009217   0.0009217           0    2.86e-08
    -0.06956    0.001006    0.001006           0   2.913e-08
    -0.05956    0.001102    0.001102           0   2.967e-08
    -0.04956    0.001209    0.001209           0   3.022e-08
    -0.03956    0.001321    0.001321           0   3.078e-08
    -0.02956    0.001438    0.001438           0   3.136e-08
    -0.01956     0.00156     0.00156           0   3.194e-08
   -0.009558     0.00168     0.00168           0   3.253e-08
   0.0004419    0.001771    0.001771           0   3.314e-08
     0.01044    0.001889    0.001889           0   3.375e-08
     0.02044    0.001999    0.001999           0   3.438e-08
     0.03044     0.00208     0.00208           0   3.502e-08
     0.04044    0.002159    0.002159           0   3.567e-08
     0.05044    0.002243    0.002243           0   3.633e-08
     0.06044    0.002332    0.002332           0   3.701e-08
     0.07044    0.002417    0.002417           0    3.77e-08
     0.08044     0.00249     0.00249           0    3.84e-08
     0.09044    0.002569    0.002568           0   3.911e-08
      0.1004    0.002652    0.002652           0   3.984e-08
      0.1104    0.002741    0.002741           0   4.058e-08
      0.1204    0.002841    0.002841           0   4.133e-08
      0.1304    0.002943    0.002943           0    4.21e-08
      0.1404    0.003038    0.003038           0   4.289e-08
      0.1504    0.003132    0.003132           0   4.368e-08
      0.1604    0.003237    0.003237           0    4.45e-08
      0.1704    0.003348    0.003348           0   4.532e-08
      0.1804    0.003453    0.003453           0   4.617e-08
      0.1904    0.003561    0.003561           0   4.702e-08
      0.2004    0.003668    0.003668           0    4.79e-08
      0.2104    0.003783    0.003783           0   4.879e-08
      0.2204    0.003887    0.003887           0    4.97e-08
      0.2304    0.004022    0.004022           0   5.062e-08
      0.2404    0.004159    0.004159           0   5.156e-08
      0.2504    0.004304    0.004304           0   5.252e-08
      0.2604    0.004444    0.004444           0    5.35e-08
      0.2704    0.004565    0.004565           0   5.449e-08
      0.2804    0.004719    0.004719           0    5.55e-08
      0.2904    0.004872    0.004872           0   5.653e-08
      0.3004    0.005013    0.005013           0   5.759e-08
      0.3104    0.005163    0.005163           0   5.866e-08
      0.3204    0.005322    0.005322           0   5.975e-08
      0.3304    0.005447    0.005447           0   6.086e-08
      0.3404    0.005601    0.005593           0   7.267e-06
      0.3504    0.005765    0.005746           0   1.913e-05
      0.3604    0.005886    0.005856           0   3.007e-05
      0.3704    0.006005    0.005965           0   4.069e-05
      0.3804    0.006115    0.006063           0   5.168e-05
      0.3904    0.006229    0.006166           0   6.303e-05
      0.4004    0.006373      0.0063           0   7.312e-05
      0.4104    0.006482    0.006402           0   8.083e-05
      0.4204    0.006594    0.006508           0   8.624e-05
      0.4304    0.006709     0.00662           0   8.907e-05
      0.4404    0.006787      0.0067           0   8.771e-05
      0.4504    0.006878    0.006791           0   8.765e-05
      0.4604    0.007003    0.006913           0   8.995e-05
      0.4704    0.007114    0.007021           0   9.315e-05
      0.4804    0.007254    0.007157           0    9.66e-05
      0.4904    0.007375    0.007275           0    9.98e-05
      0.5004    0.007504    0.007402           0   0.0001022
      0.5104    0.007643     0.00754           0   0.0001031
      0.5204    0.007805    0.007703           0   0.0001026
      0.5304    0.007956    0.007854           0   0.0001022
      0.5404    0.008091    0.007988           0    0.000103
      0.5504    0.008173    0.008069           0   0.0001048
      0.5604    0.008244    0.008137           0    0.000107
      0.5704    0.008367    0.008258           0   0.0001093
      0.5804     0.00842    0.008307           0   0.0001125
      0.5904    0.008479    0.008362           0   0.0001169
      0.6004    0.008497    0.008375           0   0.0001221
      0.6104    0.008491    0.008363           0   0.0001279
      0.6204    0.008472    0.008338           0   0.0001343
      0.6304    0.008404    0.008263           0   0.0001412
      0.6404    0.008316    0.008167           0   0.0001485
      0.6504    0.008135    0.007978           0   0.0001563
      0.6604    0.007973    0.007808           0   0.0001647
      0.6704    0.007808    0.007635           0   0.0001736
      0.6804    0.007591    0.007408           0   0.0001833
      0.6904    0.007334     0.00714           0   0.0001942
      0.7004    0.007079    0.006873           0   0.0002061
      0.7104    0.006909     0.00669           0   0.0002183
      0.7204    0.006712    0.006481           0   0.0002305
      0.7304    0.006569    0.006326           0    0.000243
      0.7404    0.006412    0.006156           0   0.0002562
      0.7504    0.006252    0.005982           0   0.0002704
      0.7604    0.006074    0.005788           0   0.0002864
      0.7704    0.005883    0.005578           0   0.0003054
      0.7804     0.00575    0.005419           0   0.0003313
      0.7904    0.005616    0.005238           0   0.0003775
      0.8004    0.005575    0.005055           0   0.0005207
      0.8104    0.006944    0.004963           0    0.001981
      0.8204    0.007044    0.004929           0    0.002115
      0.8304    0.007038    0.004876           0    0.002161
      0.8404    0.006961    0.004768           0    0.002193
      0.8504    0.006875    0.004656           0    0.002219
      0.8604    0.006732     0.00449           0    0.002242
      0.8704    0.006572    0.004307           0    0.002265
      0.8804    0.006434    0.004147           0    0.002287
      0.8904    0.006346    0.004037           0    0.002308
      0.9004    0.006278     0.00395           0    0.002328
      0.9104    0.006214    0.003871           0    0.002343
      0.9204    0.006145    0.003805           0     0.00234
      0.9304    0.005949    0.003706           0    0.002243
      0.9404     0.00443    0.003596           0   0.0008333
      0.9504    0.004209    0.003456           0   0.0007534
      0.9604    0.004064    0.003297           0   0.0007665
      0.9704    0.003961     0.00316           0   0.0008016
      0.9804    0.003879    0.003028           0   0.0008518
      0.9904    0.003834    0.002914           0   0.0009194
           1    0.003838    0.002815           0    0.001023
        1.01    0.003953    0.002721           0    0.001232
        1.02    0.004027    0.002623           0    0.001405
        1.03    0.004107    0.002521           0    0.001585
        1.04    0.004325    0.002417           0    0.001909
        1.05    0.004636    0.002301           0    0.002335
        1.06    0.004955    0.002222           0    0.002733
        1.07    0.005618    0.002152           0    0.003466
        1.08    0.008165    0.002096           0    0.006069
        1.09     0.01015    0.002037           0    0.008112
         1.1     0.01103    0.001976           0    0.009056
        1.11      0.0119    0.001916           0    0.009988
        1.12     0.01284    0.001859           0     0.01099
        1.13     0.01377    0.001801           0     0.01196
        1.14     0.01482    0.001744           0     0.01308
        1.15     0.01647    0.001689           0     0.01478
        1.16     0.01925    0.001632           0     0.01762
        1.17     0.02406    0.001574           0     0.02249
        1.18     0.02886    0.001519           0     0.02734
        1.19     0.03273    0.001462           0     0.03127
         1.2     0.03455    0.001408           0     0.03314
        1.21     0.03404    0.001354           0     0.03268
        1.22      0.0345    0.001305           0      0.0332
        1.23     0.03585    0.001259           0     0.03459
        1.24     0.03619    0.001218           0     0.03498
        1.25     0.03615    0.001176           0     0.03498
        1.26       0.036    0.001139           0     0.03486
        1.27     0.03558    0.001104           0     0.03448
        1.28      0.0346    0.001068           0     0.03354
        1.29     0.03251    0.001034           0     0.03148
         1.3      0.0283   0.0009995           0      0.0273
        1.31     0.02413   0.0009636           0     0.02316
        1.32     0.02114   0.0009272           0     0.02021
        1.33     0.02055   0.0008906           0     0.01966
        1.34      0.0252   0.0008544           0     0.02434
        1.35     0.02675   0.0008176           0     0.02593
        1.36     0.02723   0.0007801           0     0.02645
        1.37     0.02923   0.0007405           0     0.02849
        1.38     0.03131   0.0007021           0      0.0306
        1.39     0.03471   0.0006627           0     0.03405
         1.4     0.03689   0.0006232           0     0.03627
        1.41     0.03845   0.0005837           0     0.03786
        1.42      0.0402   0.0005453           0     0.03965
        1.43     0.04143   0.0005094           0     0.04092
        1.44     0.04259   0.0004761           0     0.04212
        1.45     0.04334   0.0004452           0      0.0429
        1.46     0.04342   0.0004166           0       0.043
        1.47     0.03881   0.0003901           0     0.03842
        1.48     0.03701   0.0003658           0     0.03664
        1.49     0.03673   0.0003434           0     0.03639
         1.5      0.0363   0.0003229           0     0.03597
        1.51     0.03675   0.0003042           0     0.03644
        1.52     0.03622   0.0002871           0     0.03593
        1.53     0.03712   0.0002716           0     0.03685
        1.54     0.03824   0.0002575           0     0.03798
        1.55     0.03899   0.0002447           0     0.03875
        1.56     0.04027   0.0002331           0     0.04004
        1.57     0.04167   0.0002226           0     0.04145
        1.58     0.04321   0.0002131           0       0.043
        1.59     0.04483   0.0002044           0     0.04462
         1.6     0.04645   0.0001965           0     0.04625
        1.61     0.04806   0.0001892           0     0.04787
        1.62     0.04957   0.0001825           0     0.04939
        1.63     0.05089   0.0001762           0     0.05071
        1.64     0.05173   0.0001703           0     0.05156
        1.65     0.05252   0.0001646           0     0.05236
        1.66     0.05337   0.0001593           0     0.05321
        1.67     0.05489    0.000154           0     0.05474
        1.68     0.05685    0.000149           0      0.0567
        1.69     0.05908    0.000144           0     0.05894
         1.7     0.06152   0.0001391           0     0.06138
        1.71     0.06442   0.0001343           0     0.06428
        1.72     0.06772   0.0001295           0     0.06759
        1.73     0.07146   0.0001248           0     0.07134
        1.74     0.07569   0.0001201           0     0.07557
        1.75     0.08044   0.0001155           0     0.08032
        1.76     0.08576    0.000111           0     0.08565
        1.77     0.09169   0.0001065           0     0.09159
        1.78     0.09828   0.0001022           0     0.09818
        1.79      0.1055   9.788e-05           0      0.1054
         1.8      0.1135   9.368e-05           0      0.1134
        1.81      0.1221   8.957e-05           0       0.122
        1.82      0.1314   8.555e-05           0      0.1313
        1.83      0.1414   8.164e-05           0      0.1413
        1.84       0.152   7.783e-05           0       0.152
        1.85      0.1633   7.413e-05           0      0.1632
        1.86      0.1751   7.055e-05           0      0.1751
        1.87      0.1876   6.708e-05           0      0.1875
        1.88      0.2006   6.373e-05           0      0.2005
        1.89      0.2141   6.051e-05           0       0.214
         1.9      0.2282   5.742e-05           0      0.2281
        1.91      0.2428   5.446e-05           0      0.2427
        1.92      0.2579   5.164e-05           0      0.2579
        1.93      0.2737   4.895e-05           0      0.2737
        1.94      0.2902   4.641e-05           0      0.2901
        1.95      0.3073     4.4e-05           0      0.3073
        1.96      0.3252   4.173e-05           0      0.3252
        1.97       0.344    3.96e-05           0      0.3439
        1.98      0.3637    3.76e-05           0      0.3636
        1.99      0.3843   3.572e-05           0      0.3842
           2      0.4059   3.397e-05           0      0.4059
        2.01      0.4286   3.234e-05           0      0.4286
        2.02      0.4524   3.081e-05           0      0.4523
        2.03      0.4773   2.939e-05           0      0.4772
        2.04      0.5032   2.806e-05           0      0.5032
        2.05      0.5303   2.682e-05           0      0.5303
        2.06      0.5584   2.566e-05           0      0.5584
        2.07      0.5875   2.456e-05           0      0.5874
        2.08      0.6175   2.353e-05           0      0.6175
        2.09      0.6484   2.255e-05           0      0.6483
         2.1        0.68   2.162e-05           0        0.68
        2.11      0.7122   2.073e-05           0      0.7122
        2.12       0.745   1.988e-05           0       0.745
        2.13      0.7781   1.906e-05           0      0.7781
        2.14      0.8114   1.827e-05           0      0.8114
        2.15      0.8448   1.751e-05           0      0.8448
        2.16      0.8781   1.676e-05           0      0.8781
        2.17      0.9111   1.605e-05           0      0.9111
        2.18      0.9437   1.535e-05           0      0.9437
        2.19      0.9756   1.467e-05           0      0.9756
         2.2       1.007   1.402e-05           0       1.007
        2.21       1.037   1.338e-05           0       1.037
        2.22       1.066   1.277e-05           0       1.066
        2.23       1.093   1.219e-05           0       1.093
        2.24       1.119   1.163e-05           0       1.119
        2.25       1.144   1.109e-05           0       1.144
        2.26       1.167   1.058e-05           0       1.167
        2.27       1.187    1.01e-05           0       1.187
        2.28       1.206   9.633e-06           0       1.206
        2.29       1.223   9.192e-06           0       1.223
         2.3       1.238   8.774e-06           0       1.238
        2.31        1.25   8.377e-06           0        1.25
        2.32        1.26   7.999e-06           0        1.26
        2.33       1.268    7.64e-06           0       1.268
        2.34       1.274   7.297e-06           0       1.274
        2.35       1.278    6.97e-06           0       1.278
        2.36        1.28   6.659e-06           0        1.28
        2.37        1.28   6.361e-06           0        1.28
        2.38       1.278   6.076e-06           0       1.278
        2.39       1.274   5.803e-06           0       1.274
         2.4       1.269   5.542e-06           0       1.269
        2.41       1.263   5.292e-06           0       1.263
        2.42       1.256   5.053e-06           0       1.256
        2.43       1.248   4.824e-06           0       1.248
        2.44       1.237   4.606e-06           0       1.237
        2.45       1.224   4.398e-06           0       1.224
        2.46       1.208   4.199e-06           0       1.208
        2.47        1.19    4.01e-06           0        1.19
        2.48       1.169   3.829e-06           0       1.169
        2.49       1.146   3.656e-06           0       1.146
         2.5       1.121    3.49e-06           0       1.121
        2.51       1.094   3.331e-06           0       1.094
        2.52       1.065   3.177e-06           0       1.065
        2.53       1.034   3.028e-06           0       1.034
        2.54       1.001   2.883e-06           0       1.001
        2.55      0.9662   2.742e-06           0      0.9662
        2.56      0.9304   2.603e-06           0      0.9304
        2.57      0.8942   2.466e-06           0      0.8942
        2.58      0.8586   2.331e-06           0      0.8586
        2.59      0.8237   2.196e-06           0      0.8237
         2.6      0.7896   2.062e-06           0      0.7896
        2.61      0.7565   1.928e-06           0      0.7565
        2.62      0.7241   1.794e-06           0      0.7241
        2.63      0.6926    1.66e-06           0      0.6926
        2.64      0.6618   1.526e-06           0      0.6618
        2.65      0.6318   1.392e-06           0      0.6318
        2.66      0.6026   1.258e-06           0      0.6026
        2.67      0.5742   1.123e-06           0      0.5742
        2.68      0.5465   9.893e-07           0      0.5465
        2.69      0.5195   8.552e-07           0      0.5195
         2.7      0.4933    7.21e-07           0      0.4933
        2.71      0.4678   5.868e-07           0      0.4678
        2.72      0.4431   4.526e-07           0      0.4431
        2.73      0.4191   3.183e-07           0      0.4191
        2.74       0.396   1.841e-07           0       0.396
        2.75      0.3736   4.977e-08           0      0.3736
        2.76      0.3522  -8.454e-08           0      0.3522
        2.77      0.3315  -2.189e-07           0      0.3315
        2.78      0.3117  -3.532e-07           0      0.3117
        2.79      0.2927  -4.876e-07           0      0.2927
         2.8      0.2745  -6.219e-07           0      0.2745
        2.81      0.2573  -7.563e-07           0      0.2573
        2.82      0.2408  -8.907e-07           0      0.2408
        2.83      0.2253  -1.025e-06           0      0.2253
        2.84      0.2108   -1.16e-06           0      0.2108
        2.85       0.197  -1.294e-06           0       0.197
        2.86      0.1841  -1.428e-06           0      0.1841
        2.87       0.172  -1.563e-06           0       0.172
        2.88      0.1606  -1.697e-06           0      0.1606
        2.89      0.1499  -1.832e-06           0      0.1499
         2.9      0.1399  -1.966e-06           0      0.1399
        2.91      0.1304  -2.101e-06           0      0.1304
        2.92      0.1216  -2.235e-06           0      0.1216
        2.93      0.1134   -2.37e-06           0      0.1134
        2.94      0.1057  -2.505e-06           0      0.1057
        2.95     0.09843  -2.639e-06           0     0.09843
        2.96     0.09168  -2.774e-06           0     0.09168
        2.97     0.08537  -2.908e-06           0     0.08537
        2.98     0.07947  -3.043e-06           0     0.07948
        2.99     0.07397  -3.177e-06           0     0.07397
           3     0.06884  -3.312e-06           0     0.06884
        3.01     0.06405  -3.447e-06           0     0.06406
        3.02     0.05959  -3.581e-06           0     0.05959
        3.03     0.05543  -3.716e-06           0     0.05543
        3.04     0.05155   -3.85e-06           0     0.05155
        3.05     0.04794  -3.985e-06           0     0.04794
        3.06     0.04457   -4.12e-06           0     0.04458
        3.07     0.04144  -4.254e-06           0     0.04145
        3.08     0.03852  -4.389e-06           0     0.03853
        3.09     0.03581  -4.524e-06           0     0.03581
         3.1     0.03328  -4.658e-06           0     0.03329
        3.11     0.03093  -4.793e-06           0     0.03094
        3.12     0.02875  -4.928e-06           0     0.02876
        3.13     0.02672  -5.062e-06           0     0.02672
        3.14     0.02483  -5.197e-06           0     0.02483
        3.15     0.02307  -5.332e-06           0     0.02308
        3.16     0.02144  -5.466e-06           0     0.02145
        3.17     0.01992  -5.601e-06           0     0.01993
        3.18     0.01851  -5.736e-06           0     0.01852
        3.19      0.0172   -5.87e-06           0     0.01721
         3.2     0.01598  -6.005e-06           0     0.01599
        3.21     0.01485   -6.14e-06           0     0.01486
        3.22      0.0138  -6.275e-06           0      0.0138
        3.23     0.01282  -6.409e-06           0     0.01283
        3.24     0.01191  -6.544e-06           0     0.01192
        3.25     0.01106  -6.679e-06           0     0.01107
        3.26     0.01028  -6.813e-06           0     0.01028
        3.27    0.009546  -6.948e-06           0    0.009553
        3.28    0.008866  -7.083e-06           0    0.008873
        3.29    0.008234  -7.218e-06           0    0.008241
         3.3    0.007647  -7.352e-06           0    0.007654
        3.31      0.0071  -7.487e-06           0    0.007108
        3.32    0.006593  -7.622e-06           0    0.006601
        3.33    0.006121  -7.756e-06           0    0.006129
        3.34    0.005683  -7.891e-06           0    0.005691
        3.35    0.005277  -8.026e-06           0    0.005285
        3.36    0.004899  -8.161e-06           0    0.004907
        3.37    0.004548  -8.295e-06           0    0.004557
        3.38    0.004224   -8.43e-06           0    0.004232
        3.39    0.003923  -8.565e-06           0    0.003931
         3.4    0.003643    -8.7e-06           0    0.003652
        3.41    0.003384  -8.834e-06           0    0.003393
        3.42    0.003144  -8.969e-06           0    0.003153
        3.43    0.002922  -9.104e-06           0    0.002931
        3.44    0.002716  -9.239e-06           0    0.002725
        3.45    0.002525  -9.373e-06           0    0.002534
        3.46    0.002349  -9.508e-06           0    0.002358
        3.47    0.002185  -9.643e-06           0    0.002195
        3.48    0.002034  -9.778e-06           0    0.002044
        3.49    0.001894  -9.912e-06           0    0.001904
         3.5    0.001765  -1.005e-05           0    0.001775
        3.51    0.001645  -1.018e-05           0    0.001655
        3.52    0.001534  -1.032e-05           0    0.001544
        3.53    0.001432  -1.045e-05           0    0.001442
        3.54    0.001337  -1.059e-05           0    0.001348
        3.55     0.00125  -1.072e-05           0     0.00126
        3.56    0.001169  -1.086e-05           0     0.00118
        3.57    0.001094  -1.099e-05           0    0.001105
        3.58    0.001025  -1.113e-05           0    0.001037
        3.59   0.0009619  -1.126e-05           0   0.0009731
         3.6   0.0009031  -1.139e-05           0   0.0009145
        3.61   0.0008489  -1.153e-05           0   0.0008605
        3.62    0.000799  -1.166e-05           0   0.0008107
        3.63   0.0007532   -1.18e-05           0    0.000765
        3.64   0.0007108  -1.193e-05           0   0.0007227
        3.65   0.0006719  -1.207e-05           0   0.0006839
        3.66    0.000636   -1.22e-05           0   0.0006482
        3.67   0.0006031  -1.234e-05           0   0.0006155
        3.68   0.0005729  -1.247e-05           0   0.0005853
        3.69   0.0005451  -1.261e-05           0   0.0005577
         3.7   0.0005197  -1.274e-05           0   0.0005325
        3.71   0.0004964  -1.288e-05           0   0.0005093
        3.72   0.0004752  -1.301e-05           0   0.0004882
        3.73   0.0004557  -1.315e-05           0   0.0004689
        3.74    0.000438  -1.328e-05           0   0.0004513
        3.75   0.0004219  -1.342e-05           0   0.0004353
        3.76   0.0004073  -1.355e-05           0   0.0004208
        3.77    0.000394  -1.369e-05           0   0.0004077
        3.78   0.0003821  -1.382e-05           0   0.0003959
        3.79   0.0003713  -1.395e-05           0   0.0003852
         3.8   0.0003616  -1.409e-05           0   0.0003757
        3.81   0.0003529  -1.422e-05           0   0.0003672
        3.82   0.0003453  -1.436e-05           0   0.0003596
        3.83   0.0003385  -1.449e-05           0    0.000353
        3.84   0.0003325  -1.463e-05           0   0.0003471
        3.85   0.0003274  -1.476e-05           0   0.0003421
        3.86   0.0003229   -1.49e-05           0   0.0003378
        3.87   0.0003192  -1.503e-05           0   0.0003342
        3.88   0.0003161  -1.517e-05           0   0.0003312
        3.89   0.0003135   -1.53e-05           0   0.0003289
         3.9   0.0003116  -1.544e-05           0    0.000327
        3.91   0.0003102  -1.557e-05           0   0.0003258
        3.92   0.0003093  -1.571e-05           0    0.000325
        3.93   0.0003088  -1.584e-05           0   0.0003247
        3.94   0.0003088  -1.598e-05           0   0.0003248
        3.95   0.0003092  -1.611e-05           0   0.0003253
        3.96   0.0003101  -1.625e-05           0   0.0003263
        3.97   0.0003112  -1.638e-05           0   0.0003276
        3.98   0.0003128  -1.651e-05           0   0.0003293
        3.99   0.0003147  -1.665e-05           0   0.0003313
           4   0.0003169  -1.678e-05           0   0.0003337
        4.01   0.0003194  -1.692e-05           0   0.0003363
        4.02   0.0003222  -1.705e-05           0   0.0003393
        4.03   0.0003253  -1.719e-05           0   0.0003425
        4.04   0.0003287  -1.732e-05           0    0.000346
        4.05   0.0003323  -1.746e-05           0   0.0003498
        4.06   0.0003362  -1.759e-05           0   0.0003538
        4.07   0.0003404  -1.773e-05           0   0.0003581
        4.08   0.0003448  -1.786e-05           0   0.0003626
        4.09   0.0003494    -1.8e-05           0   0.0003674
         4.1   0.0003542  -1.813e-05           0   0.0003723
        4.11   0.0003592  -1.827e-05           0   0.0003775
        4.12   0.0003645   -1.84e-05           0   0.0003829
        4.13     0.00037  -1.854e-05           0   0.0003885
        4.14   0.0003757  -1.867e-05           0   0.0003943
        4.15   0.0003816  -1.881e-05           0   0.0004004
        4.16   0.0003877  -1.894e-05           0   0.0004066
        4.17   0.0003939  -1.907e-05           0    0.000413
        4.18   0.0004004  -1.921e-05           0   0.0004196
        4.19   0.0004071  -1.934e-05           0   0.0004264
         4.2    0.000414  -1.948e-05           0   0.0004335
        4.21    0.000421  -1.961e-05           0   0.0004407
        4.22   0.0004283  -1.975e-05           0    0.000448
        4.23   0.0004357  -1.988e-05           0   0.0004556
        4.24   0.0004434  -2.002e-05           0   0.0004634
        4.25   0.0004512  -2.015e-05           0   0.0004714
        4.26   0.0004592  -2.029e-05           0   0.0004795
        4.27   0.0004674  -2.042e-05           0   0.0004879
        4.28   0.0004758  -2.056e-05           0   0.0004964
        4.29   0.0004844  -2.069e-05           0   0.0005051
         4.3   0.0004932  -2.083e-05           0    0.000514
        4.31   0.0005022  -2.096e-05           0   0.0005232
        4.32   0.0005114   -2.11e-05           0   0.0005325
        4.33   0.0005208  -2.123e-05           0    0.000542
        4.34   0.0005304  -2.137e-05           0   0.0005517
        4.35   0.0005402   -2.15e-05           0   0.0005617
        4.36   0.0005502  -2.163e-05           0   0.0005718
        4.37   0.0005604  -2.177e-05           0   0.0005821
        4.38   0.0005708   -2.19e-05           0   0.0005927
        4.39   0.0005814  -2.204e-05           0   0.0006034
         4.4   0.0005923  -2.217e-05           0   0.0006144
        4.41   0.0006033  -2.231e-05           0   0.0006256
        4.42   0.0006146  -2.244e-05           0    0.000637
        4.43   0.0006261  -2.258e-05           0   0.0006487
        4.44   0.0006379  -2.271e-05           0   0.0006606
        4.45   0.0006498  -2.285e-05           0   0.0006727
        4.46    0.000662  -2.298e-05           0    0.000685
        4.47   0.0006745  -2.312e-05           0   0.0006976
        4.48   0.0006872  -2.325e-05           0   0.0007104
        4.49   0.0007001  -2.339e-05           0   0.0007235
         4.5   0.0007133  -2.352e-05           0   0.0007369
        4.51   0.0007268  -2.366e-05           0   0.0007504
        4.52   0.0007405  -2.379e-05           0   0.0007643
        4.53   0.0007545  -2.393e-05           0   0.0007784
        4.54   0.0007687  -2.406e-05           0   0.0007928
        4.55   0.0007832  -2.419e-05           0   0.0008074
        4.56    0.000798  -2.433e-05           0   0.0008224
        4.57   0.0008131  -2.446e-05           0   0.0008376
        4.58   0.0008285   -2.46e-05           0   0.0008531
        4.59   0.0008441  -2.473e-05           0   0.0008689
         4.6   0.0008601  -2.487e-05           0    0.000885
        4.61   0.0008763    -2.5e-05           0   0.0009013
        4.62   0.0008929  -2.514e-05           0   0.0009181
        4.63   0.0009098  -2.527e-05           0   0.0009351
        4.64    0.000927  -2.541e-05           0   0.0009524
        4.65   0.0009445  -2.554e-05           0   0.0009701
        4.66   0.0009624  -2.568e-05           0   0.0009881
        4.67   0.0009806  -2.581e-05           0    0.001006
        4.68   0.0009991  -2.595e-05           0    0.001025
        4.69    0.001018  -2.608e-05           0    0.001044
         4.7    0.001037  -2.622e-05           0    0.001063
        4.71    0.001057  -2.635e-05           0    0.001083
        4.72    0.001077  -2.648e-05           0    0.001103
        4.73    0.001097  -2.662e-05           0    0.001124
        4.74    0.001118  -2.675e-05           0    0.001145
        4.75    0.001139  -2.689e-05           0    0.001166
        4.76    0.001161  -2.702e-05           0    0.001188
        4.77    0.001182  -2.716e-05           0     0.00121
        4.78    0.001205  -2.729e-05           0    0.001232
        4.79    0.001228  -2.743e-05           0    0.001255
         4.8    0.001251  -2.756e-05           0    0.001278
        4.81    0.001274   -2.77e-05           0    0.001302
        4.82    0.001298  -2.783e-05           0    0.001326
        4.83    0.001323  -2.797e-05           0    0.001351
        4.84    0.001348   -2.81e-05           0    0.001376
        4.85    0.001373  -2.824e-05           0    0.001402
        4.86    0.001399  -2.837e-05           0    0.001428
        4.87    0.001426  -2.851e-05           0    0.001454
        4.88    0.001453  -2.864e-05           0    0.001481
        4.89     0.00148  -2.877e-05           0    0.001509
         4.9    0.001508  -2.891e-05           0    0.001537
        4.91    0.001536  -2.904e-05           0    0.001565
        4.92    0.001565  -2.918e-05           0    0.001594
        4.93    0.001595  -2.931e-05           0    0.001624
        4.94    0.001625  -2.945e-05           0    0.001654
        4.95    0.001655  -2.958e-05           0    0.001685
        4.96    0.001687  -2.972e-05           0    0.001716
        4.97    0.001718  -2.985e-05           0    0.001748
        4.98    0.001751  -2.999e-05           0    0.001781
        4.99    0.001784  -3.012e-05           0    0.001814
           5    0.001817  -3.026e-05           0    0.001848
        5.01    0.001851  -3.039e-05           0    0.001882
        5.02    0.001886  -3.053e-05           0    0.001917
        5.03    0.001922  -3.066e-05           0    0.001952
        5.04    0.001958   -3.08e-05           0    0.001989
        5.05    0.001995  -3.093e-05           0    0.002026
        5.06    0.002032  -3.106e-05           0    0.002063
        5.07    0.002071   -3.12e-05           0    0.002102
        5.08     0.00211  -3.133e-05           0    0.002141
        5.09    0.002149  -3.147e-05           0    0.002181
         5.1     0.00219   -3.16e-05           0    0.002221
        5.11    0.002231  -3.174e-05           0    0.002262
        5.12    0.002273  -3.187e-05           0    0.002305
        5.13    0.002315  -3.201e-05           0    0.002347
        5.14    0.002359  -3.214e-05           0    0.002391
        5.15    0.002403  -3.228e-05           0    0.002435
        5.16    0.002448  -3.241e-05           0    0.002481
        5.17    0.002494  -3.255e-05           0    0.002527
        5.18    0.002541  -3.268e-05           0    0.002574
        5.19    0.002589  -3.282e-05           0    0.002622
         5.2    0.002637  -3.295e-05           0     0.00267
        5.21    0.002687  -3.309e-05           0     0.00272
        5.22    0.002737  -3.322e-05           0    0.002771
        5.23    0.002789  -3.335e-05           0    0.002822
        5.24    0.002841  -3.349e-05           0    0.002875
        5.25    0.002894  -3.362e-05           0    0.002928
        5.26    0.002949  -3.376e-05           0    0.002983
        5.27    0.003004  -3.389e-05           0    0.003038
        5.28     0.00306  -3.403e-05           0    0.003094
        5.29    0.003118  -3.416e-05           0    0.003152
         5.3    0.003176   -3.43e-05           0    0.003211
        5.31    0.003236  -3.443e-05           0     0.00327
        5.32    0.003296  -3.457e-05           0    0.003331
        5.33    0.003358   -3.47e-05           0    0.003393
        5.34    0.003421  -3.484e-05           0    0.003456
        5.35    0.003485  -3.497e-05           0     0.00352
        5.36    0.003551  -3.511e-05           0    0.003586
        5.37    0.003617  -3.524e-05           0    0.003652
        5.38    0.003685  -3.538e-05           0     0.00372
        5.39    0.003754  -3.551e-05           0     0.00379
         5.4    0.003824  -3.564e-05           0     0.00386
        5.41    0.003896  -3.578e-05           0    0.003932
        5.42    0.003969  -3.591e-05           0    0.004005
        5.43    0.004043  -3.605e-05           0    0.004079
        5.44    0.004119  -3.618e-05           0    0.004155
        5.45    0.004196  -3.632e-05           0    0.004232
        5.46    0.004275  -3.645e-05           0    0.004311
        5.47    0.004355  -3.659e-05           0    0.004391
        5.48    0.004436  -3.672e-05           0    0.004473
        5.49    0.004519  -3.686e-05           0    0.004556
         5.5    0.004604  -3.699e-05           0    0.004641
        5.51     0.00469  -3.713e-05           0    0.004727
        5.52    0.004778  -3.726e-05           0    0.004815
        5.53    0.004867   -3.74e-05           0    0.004904
        5.54    0.004958  -3.753e-05           0    0.004996
        5.55    0.005051  -3.767e-05           0    0.005088
        5.56    0.005145   -3.78e-05           0    0.005183
        5.57    0.005241  -3.793e-05           0    0.005279
        5.58    0.005339  -3.807e-05           0    0.005378
        5.59    0.005439   -3.82e-05           0    0.005477
         5.6    0.005541  -3.834e-05           0    0.005579
        5.61    0.005645  -3.847e-05           0    0.005683
        5.62     0.00575  -3.861e-05           0    0.005789
        5.63    0.005858  -3.874e-05           0    0.005896
        5.64    0.005967  -3.888e-05           0    0.006006
        5.65    0.006079  -3.901e-05           0    0.006118
        5.66    0.006192  -3.915e-05           0    0.006231
        5.67    0.006308  -3.928e-05           0    0.006347
        5.68    0.006426  -3.942e-05           0    0.006465
        5.69    0.006546  -3.955e-05           0    0.006585
         5.7    0.006668  -3.969e-05           0    0.006708
        5.71    0.006793  -3.982e-05           0    0.006833
        5.72     0.00692  -3.996e-05           0     0.00696
        5.73    0.007049  -4.009e-05           0    0.007089
        5.74    0.007181  -4.022e-05           0    0.007221
        5.75    0.007315  -4.036e-05           0    0.007355
        5.76    0.007451  -4.049e-05           0    0.007492
        5.77     0.00759  -4.063e-05           0    0.007631
        5.78    0.007732  -4.076e-05           0    0.007773
        5.79    0.007876   -4.09e-05           0    0.007917
         5.8    0.008024  -4.103e-05           0    0.008065
        5.81    0.008173  -4.117e-05           0    0.008215
        5.82    0.008326   -4.13e-05           0    0.008367
        5.83    0.008481  -4.144e-05           0    0.008523
        5.84     0.00864  -4.157e-05           0    0.008681
        5.85    0.008801  -4.171e-05           0    0.008843
        5.86    0.008965  -4.184e-05           0    0.009007
        5.87    0.009133  -4.198e-05           0    0.009174
        5.88    0.009303  -4.211e-05           0    0.009345
        5.89    0.009477  -4.224e-05           0    0.009519
         5.9    0.009653  -4.238e-05           0    0.009696
        5.91    0.009834  -4.251e-05           0    0.009876
        5.92     0.01002  -4.265e-05           0     0.01006
        5.93      0.0102  -4.278e-05           0     0.01025
        5.94     0.01039  -4.292e-05           0     0.01044
