#      lgwW_       lgfF_      logerr         wW_         fF_        dfF_
#
       1.204       -1.86       -1.86          16   1.903e-10      0.0069
           2    -0.05277    -0.05277         100      0.1932      0.3462
       2.204      0.4746      0.4746         160      0.9491       1.017
       2.398        10.3        10.3         250         -99       1e+10
       2.544        10.3        10.3         350         -99       1e+10
       2.699        10.3        10.3         500         -99       1e+10
       2.929        10.3        10.3         850         -99       1e+10
       3.064        10.3        10.3        1160         -99       1e+10
