#      lgwW_       lgfF_      logerr         wW_         fF_        dfF_
#
           2       0.047       0.047         100      0.4331      0.3406
       2.204      0.4748      0.4748         160       1.136      0.9239
       2.398        10.3        10.3         250         -99       1e+10
       2.544        10.3        10.3         350         -99       1e+10
       2.699        10.3        10.3         500         -99       1e+10
       2.929        10.3        10.3         850         -99       1e+10
       3.064        10.3        10.3        1160         -99       1e+10
       5.301       -2.18       -2.18       2e+05    0.001282    0.002659
