#      lgwW_       lgfF_      logerr         wW_         fF_        dfF_
#
       1.204       7.301       7.301          16         -99       1e+07
           2      0.7698      0.7698         100       2.562       1.662
       2.204       1.171       1.171         160       1.919        6.45
       2.398        10.3        10.3         250         -99       1e+10
       2.544        10.3        10.3         350         -99       1e+10
       2.699        10.3        10.3         500         -99       1e+10
       2.929        10.3        10.3         850         -99       1e+10
       3.064        10.3        10.3        1160         -99       1e+10
       5.301      -2.246      -2.246       2e+05  -0.0004181    0.003045
