#      lgwW_       lgfF_      logerr         wW_         fF_        dfF_
#
       1.204      -1.529      -1.529          16     0.01241    0.008602
           2    -0.06413    -0.06413         100      0.2238      0.3195
       2.204      0.3051      0.3051         160      0.3242      0.8473
       2.398        10.3        10.3         250         -99       1e+10
       2.544        10.3        10.3         350         -99       1e+10
       2.699        10.3        10.3         500         -99       1e+10
       2.929      0.6191      0.6191         850   2.068e-10        2.08
       3.064        10.3        10.3        1160         -99       1e+10
       5.301      -2.044      -2.044       2e+05    0.004091    0.002472
