#      _xxWS        ftot       firac        fagn        fsfr
#
     -0.5228     0.06817   2.197e-06   7.064e-13     0.06817
     -0.5128     0.05392   2.712e-06   7.064e-13     0.05392
     -0.5028     0.03967   3.399e-06   7.064e-13     0.03967
     -0.4928     0.02542   4.252e-06   7.064e-13     0.02542
     -0.4828     0.01118   5.335e-06   7.064e-13     0.01118
     -0.4728   6.712e-06   6.674e-06   7.064e-13   3.823e-08
     -0.4628   8.077e-06   8.038e-06   7.064e-13   3.894e-08
     -0.4528   9.682e-06   9.642e-06   7.064e-13   3.966e-08
     -0.4428   1.108e-05   1.104e-05   7.064e-13    4.04e-08
     -0.4328   1.287e-05   1.283e-05   7.064e-13   4.115e-08
     -0.4228   1.475e-05   1.471e-05   7.064e-13   4.191e-08
     -0.4128   1.692e-05   1.688e-05   7.064e-13   4.269e-08
     -0.4028     1.9e-05   1.895e-05   7.064e-13   4.349e-08
     -0.3928   2.203e-05   2.199e-05   7.064e-13    4.43e-08
     -0.3828   2.531e-05   2.527e-05   7.064e-13   4.512e-08
     -0.3728   2.874e-05    2.87e-05   7.064e-13   4.596e-08
     -0.3628   3.242e-05   3.237e-05   7.064e-13   4.681e-08
     -0.3528   3.613e-05   3.608e-05   7.064e-13   4.768e-08
     -0.3428   3.992e-05   3.987e-05   7.064e-13   4.857e-08
     -0.3328   4.399e-05   4.394e-05   7.064e-13   4.947e-08
     -0.3228   4.845e-05    4.84e-05   7.064e-13   5.039e-08
     -0.3128   5.376e-05   5.371e-05   7.064e-13   5.133e-08
     -0.3028   5.899e-05   5.894e-05   7.064e-13   5.228e-08
     -0.2928   6.494e-05   6.489e-05   7.064e-13   5.326e-08
     -0.2828   7.204e-05   7.198e-05   7.064e-13   5.425e-08
     -0.2728   8.071e-05   8.065e-05   7.064e-13   5.525e-08
     -0.2628   8.873e-05   8.867e-05   7.064e-13   5.628e-08
     -0.2528   9.762e-05   9.756e-05   7.064e-13   5.733e-08
     -0.2428   0.0001065   0.0001065   7.064e-13   5.839e-08
     -0.2328   0.0001157   0.0001157   7.064e-13   5.948e-08
     -0.2228   0.0001249   0.0001248   7.064e-13   6.058e-08
     -0.2128   0.0001346   0.0001345   7.064e-13   6.171e-08
     -0.2028    0.000145    0.000145   7.064e-13   6.286e-08
     -0.1928   0.0001558   0.0001557   7.064e-13   6.403e-08
     -0.1828   0.0001673   0.0001673   7.064e-13   6.522e-08
     -0.1728   0.0001797   0.0001796   7.064e-13   6.643e-08
     -0.1628   0.0001923   0.0001923   7.064e-13   6.767e-08
     -0.1528   0.0002044   0.0002044   7.064e-13   6.892e-08
     -0.1428   0.0002176   0.0002176   7.064e-13    7.02e-08
     -0.1328   0.0002318   0.0002317   7.064e-13   7.151e-08
     -0.1228   0.0002462   0.0002461   7.064e-13   7.284e-08
     -0.1128   0.0002612   0.0002612   7.064e-13   7.419e-08
     -0.1028   0.0002775   0.0002774   7.064e-13   7.557e-08
    -0.09282    0.000296    0.000296   7.064e-13   7.698e-08
    -0.08282   0.0003147   0.0003146   7.064e-13   7.841e-08
    -0.07282   0.0003342   0.0003341   7.064e-13   7.987e-08
    -0.06282   0.0003553   0.0003552   7.064e-13   8.135e-08
    -0.05282    0.000376   0.0003759   7.064e-13   8.286e-08
    -0.04282   0.0003977   0.0003976   7.064e-13    8.44e-08
    -0.03282   0.0004196   0.0004195   7.064e-13   8.597e-08
    -0.02282   0.0004445   0.0004444   7.064e-13   8.757e-08
    -0.01282   0.0004844   0.0004843   7.064e-13    8.92e-08
   -0.002821   0.0005179   0.0005178   7.064e-13   9.086e-08
    0.007179   0.0005596   0.0005595   7.064e-13   9.255e-08
     0.01718   0.0006178   0.0006177   7.064e-13   9.427e-08
     0.02718   0.0006822   0.0006821   7.064e-13   9.602e-08
     0.03718   0.0007493   0.0007492   7.064e-13   9.781e-08
     0.04718   0.0008179   0.0008178   7.064e-13   9.962e-08
     0.05718   0.0008958   0.0008957   7.064e-13   1.015e-07
     0.06718   0.0009829   0.0009828   7.064e-13   1.034e-07
     0.07718    0.001074    0.001074   7.064e-13   1.053e-07
     0.08718    0.001169    0.001169   7.064e-13   1.072e-07
     0.09718    0.001268    0.001268   7.064e-13   1.092e-07
      0.1072    0.001365    0.001365   7.064e-13   1.113e-07
      0.1172     0.00144     0.00144   7.064e-13   1.133e-07
      0.1272    0.001536    0.001536   7.064e-13   1.154e-07
      0.1372    0.001625    0.001625   7.064e-13   1.176e-07
      0.1472    0.001691    0.001691   7.064e-13   1.198e-07
      0.1572    0.001755    0.001755   7.064e-13    1.22e-07
      0.1672    0.001824    0.001824   7.064e-13   1.243e-07
      0.1772    0.001895    0.001895   7.064e-13   1.266e-07
      0.1872    0.001965    0.001965   7.064e-13   1.289e-07
      0.1972    0.002024    0.002024   7.064e-13   1.313e-07
      0.2072    0.002088    0.002088   7.064e-13   1.338e-07
      0.2172    0.002155    0.002155   7.064e-13   1.363e-07
      0.2272    0.002228    0.002228   7.064e-13   1.388e-07
      0.2372     0.00231     0.00231   7.064e-13   1.414e-07
      0.2472    0.002393    0.002392   7.064e-13    1.44e-07
      0.2572    0.002469    0.002469   7.064e-13   1.467e-07
      0.2672    0.002546    0.002546   7.064e-13   1.494e-07
      0.2772    0.002632    0.002631   7.064e-13   1.522e-07
      0.2872    0.002722    0.002722   7.064e-13    1.55e-07
      0.2972    0.002807    0.002807   7.064e-13   1.579e-07
      0.3072    0.002895    0.002895   7.064e-13   1.608e-07
      0.3172    0.002981    0.002981   7.064e-13   1.638e-07
      0.3272    0.003075    0.003075   7.064e-13   1.669e-07
      0.3372     0.00316    0.003159   7.064e-13     1.7e-07
      0.3472    0.003269    0.003269   7.064e-13   1.731e-07
      0.3572     0.00338     0.00338   7.064e-13   1.763e-07
      0.3672    0.003499    0.003499   7.064e-13   1.796e-07
      0.3772    0.003612    0.003612   7.064e-13    1.83e-07
      0.3872    0.003711    0.003711   7.064e-13   1.864e-07
      0.3972    0.003836    0.003835   7.064e-13   1.898e-07
      0.4072     0.00396     0.00396   7.064e-13   1.934e-07
      0.4172    0.004075    0.004075   7.064e-13    1.97e-07
      0.4272    0.004197    0.004197   7.064e-13   2.006e-07
      0.4372    0.004326    0.004326   7.064e-13   2.043e-07
      0.4472    0.004428    0.004428   7.064e-13   2.081e-07
      0.4572     0.00456    0.004547   7.064e-13   1.295e-05
      0.4672    0.004705    0.004671   7.064e-13   3.377e-05
      0.4772    0.004813     0.00476   7.064e-13   5.298e-05
      0.4872     0.00492    0.004848   7.064e-13   7.163e-05
      0.4972    0.005019    0.004928   7.064e-13   9.093e-05
      0.5072    0.005123    0.005012   7.064e-13   0.0001109
      0.5172    0.005249    0.005121   7.064e-13   0.0001286
      0.5272    0.005346    0.005203   7.064e-13   0.0001421
      0.5372    0.005441     0.00529   7.064e-13   0.0001516
      0.5472    0.005538    0.005381   7.064e-13   0.0001566
      0.5572      0.0056    0.005446   7.064e-13   0.0001542
      0.5672    0.005674     0.00552   7.064e-13   0.0001541
      0.5772    0.005777    0.005619   7.064e-13   0.0001582
      0.5872    0.005871    0.005707   7.064e-13   0.0001638
      0.5972    0.005988    0.005818   7.064e-13   0.0001699
      0.6072    0.006089    0.005913   7.064e-13   0.0001756
      0.6172    0.006196    0.006016   7.064e-13   0.0001798
      0.6272     0.00631    0.006128   7.064e-13   0.0001814
      0.6372    0.006441    0.006261   7.064e-13   0.0001805
      0.6472    0.006564    0.006384   7.064e-13   0.0001798
      0.6572    0.006674    0.006493   7.064e-13   0.0001813
      0.6672    0.006743    0.006558   7.064e-13   0.0001844
      0.6772    0.006802    0.006614   7.064e-13   0.0001883
      0.6872    0.006905    0.006712   7.064e-13   0.0001924
      0.6972    0.006951    0.006752   7.064e-13   0.0001981
      0.7072    0.007003    0.006797   7.064e-13   0.0002058
      0.7172    0.007022    0.006807   7.064e-13   0.0002149
      0.7272    0.007023    0.006798   7.064e-13   0.0002253
      0.7372    0.007014    0.006777   7.064e-13   0.0002365
      0.7472    0.006965    0.006717   7.064e-13   0.0002487
      0.7572      0.0069    0.006639   7.064e-13   0.0002616
      0.7672     0.00676    0.006485   7.064e-13   0.0002754
      0.7772    0.006637    0.006347   7.064e-13   0.0002901
      0.7872    0.006512    0.006206   7.064e-13   0.0003059
      0.7972    0.006344    0.006021   7.064e-13   0.0003231
      0.8072    0.006146    0.005804   7.064e-13   0.0003422
      0.8172     0.00595    0.005587   7.064e-13   0.0003633
      0.8272    0.005823    0.005438   7.064e-13   0.0003849
      0.8372    0.005675    0.005268   7.064e-13   0.0004064
      0.8472     0.00557    0.005142   7.064e-13   0.0004286
      0.8572    0.005456    0.005004   7.064e-13   0.0004518
      0.8672     0.00622    0.004862   0.0008802    0.000477
      0.8772      0.0061    0.004705   0.0008895   0.0005052
      0.8872    0.005974    0.004534    0.000901    0.000539
      0.8972    0.005905    0.004405   0.0009155   0.0005847
      0.9072    0.005858    0.004258   0.0009338   0.0006663
      0.9172    0.005984    0.004109   0.0009567    0.000919
      0.9272    0.008513    0.004034    0.000985    0.003493
      0.9372    0.008756    0.004007     0.00102     0.00373
      0.9472    0.008837    0.003964    0.001061    0.003812
      0.9572    0.008855    0.003876     0.00111    0.003868
      0.9672    0.008868    0.003785    0.001168    0.003915
      0.9772    0.008842     0.00365    0.001236    0.003957
      0.9872    0.008812    0.003501    0.001313    0.003998
      0.9972     0.00881    0.003371    0.001402    0.004037
       1.007     0.00886    0.003282    0.001502    0.004076
       1.017    0.008938    0.003211    0.001615    0.004112
       1.027    0.009027    0.003146    0.001741     0.00414
       1.037    0.009111    0.003093    0.001881    0.004137
       1.047    0.009017    0.003012    0.002036    0.003968
       1.057    0.006615    0.002923    0.002207    0.001484
       1.067     0.00655    0.002809    0.002395    0.001346
       1.077    0.006652     0.00268    0.002599    0.001372
       1.087    0.006827    0.002568     0.00282    0.001438
       1.097    0.007049    0.002461    0.003057     0.00153
       1.107    0.007333    0.002369     0.00331    0.001654
       1.117    0.007706    0.002288    0.003575    0.001842
       1.127    0.008282    0.002211    0.003852    0.002218
       1.137      0.0088    0.002132    0.004139     0.00253
       1.147    0.009337    0.002049    0.004431    0.002856
       1.157     0.01013    0.001964    0.004727    0.003437
       1.167     0.01109     0.00187    0.005021    0.004201
       1.177     0.01203    0.001806     0.00531    0.004916
       1.187     0.01356    0.001749    0.005589    0.006225
       1.197     0.01842    0.001704    0.005864     0.01086
       1.207     0.02228    0.001656    0.006131     0.01449
       1.217     0.02418    0.001606    0.006392     0.01618
       1.227     0.02605    0.001557    0.006645     0.01785
       1.237     0.02804    0.001511     0.00689     0.01963
       1.247     0.02999    0.001464    0.007132     0.02139
       1.257     0.03217    0.001417    0.007372     0.02338
       1.267     0.03541    0.001373    0.007607     0.02643
       1.277     0.04066    0.001326    0.007843     0.03149
       1.287     0.04954    0.001279    0.008081     0.04018
       1.297     0.05839    0.001235    0.008325     0.04883
       1.307     0.06562    0.001189    0.008573     0.05586
       1.317     0.06918    0.001144    0.008834     0.05921
       1.327     0.06863    0.001101    0.009101     0.05843
       1.337     0.06982    0.001061     0.00938     0.05938
       1.347     0.07258    0.001023    0.009669     0.06189
       1.357     0.07358   0.0009899    0.009977     0.06261
       1.367     0.07392   0.0009561      0.0103     0.06266
       1.377     0.07408   0.0009258     0.01065      0.0625
       1.387     0.07379    0.000897     0.01103     0.06186
       1.397     0.07256   0.0008681     0.01145     0.06024
       1.407     0.06939   0.0008405     0.01191     0.05664
       1.417     0.06249   0.0008124     0.01241     0.04927
       1.427     0.05569   0.0007832     0.01295     0.04196
       1.437     0.05104   0.0007536     0.01353     0.03676
       1.447     0.05067   0.0007239     0.01411     0.03584
       1.457     0.05958   0.0006945     0.01471     0.04418
       1.467     0.06304   0.0006646     0.01531     0.04706
       1.477     0.06458   0.0006341     0.01591     0.04803
       1.487     0.06883   0.0006019     0.01652     0.05171
       1.497     0.07322   0.0005707     0.01712     0.05553
       1.507     0.07996   0.0005387     0.01771     0.06171
       1.517     0.08453   0.0005066     0.01831     0.06572
       1.527     0.08801   0.0004745     0.01892     0.06862
       1.537     0.09186   0.0004432     0.01955     0.07187
       1.547     0.09479   0.0004141     0.02019     0.07419
       1.557     0.09764    0.000387     0.02085      0.0764
       1.567      0.0998   0.0003619     0.02155     0.07789
       1.577      0.1009   0.0003386     0.02233     0.07818
       1.587     0.09369   0.0003171     0.02317      0.0702
       1.597     0.09157   0.0002973     0.02407      0.0672
       1.607     0.09226   0.0002792     0.02504     0.06694
       1.617     0.09279   0.0002625      0.0261     0.06643
       1.627     0.09501   0.0002473     0.02724     0.06752
       1.637     0.09559   0.0002334     0.02843     0.06692
       1.647      0.0988   0.0002208     0.02967      0.0689
       1.657      0.1024   0.0002093     0.03093     0.07129
       1.667      0.1054   0.0001989     0.03219     0.07304
       1.677      0.1094   0.0001895     0.03343     0.07576
       1.687      0.1136   0.0001809     0.03467     0.07873
       1.697       0.118   0.0001732     0.03586     0.08196
       1.707      0.1225   0.0001662     0.03698     0.08535
       1.717      0.1269   0.0001597     0.03802     0.08876
       1.727      0.1313   0.0001538       0.039     0.09217
       1.737      0.1355   0.0001483     0.03989     0.09542
       1.747      0.1391   0.0001432     0.04065     0.09834
       1.757      0.1419   0.0001384     0.04131      0.1004
       1.767      0.1444   0.0001338     0.04187      0.1024
       1.777       0.147   0.0001295     0.04231      0.1046
       1.787      0.1508   0.0001252     0.04265       0.108
       1.797      0.1554   0.0001211     0.04292      0.1123
       1.807      0.1604    0.000117     0.04312      0.1172
       1.817      0.1659   0.0001131     0.04324      0.1225
       1.827      0.1723   0.0001091     0.04331      0.1289
       1.837      0.1796   0.0001053     0.04336      0.1362
       1.847       0.188   0.0001014     0.04338      0.1445
       1.857      0.1975   9.763e-05     0.04339       0.154
       1.867      0.2083   9.389e-05      0.0434      0.1648
       1.877      0.2205   9.022e-05     0.04342       0.177
       1.887      0.2344    8.66e-05     0.04344      0.1909
       1.897      0.2499   8.304e-05     0.04348      0.2064
       1.907      0.2673   7.956e-05     0.04351      0.2237
       1.917      0.2865   7.614e-05     0.04356      0.2429
       1.927      0.3076    7.28e-05     0.04361      0.2639
       1.937      0.3305   6.954e-05     0.04365      0.2868
       1.947      0.3553   6.636e-05     0.04368      0.3115
       1.957      0.3817   6.326e-05     0.04369      0.3379
       1.967      0.4097   6.026e-05     0.04366       0.366
       1.977      0.4391   5.734e-05     0.04361      0.3954
       1.987      0.4698   5.452e-05     0.04351      0.4262
       1.997      0.5016    5.18e-05     0.04337      0.4582
       2.007      0.5344   4.918e-05     0.04317      0.4912
       2.017       0.568   4.667e-05     0.04292      0.5251
       2.027      0.6024   4.427e-05     0.04262      0.5597
       2.037      0.6374   4.197e-05     0.04227      0.5951
       2.047       0.673   3.979e-05     0.04186      0.6311
       2.057      0.7091   3.772e-05     0.04141      0.6677
       2.067      0.7459   3.577e-05      0.0409      0.7049
       2.077      0.7832   3.392e-05     0.04035      0.7429
       2.087      0.8214   3.219e-05     0.03975      0.7816
       2.097      0.8603   3.056e-05     0.03911      0.8211
       2.107         0.9   2.904e-05     0.03843      0.8615
       2.117      0.9406   2.761e-05     0.03773      0.9029
       2.127      0.9822   2.629e-05       0.037      0.9452
       2.137       1.025   2.505e-05     0.03623      0.9884
       2.147       1.068   2.389e-05     0.03544       1.033
       2.157       1.112   2.281e-05     0.03463       1.078
       2.167       1.157    2.18e-05     0.03381       1.124
       2.177       1.203   2.085e-05     0.03297        1.17
       2.187        1.25   1.996e-05     0.03211       1.217
       2.197       1.296   1.912e-05     0.03125       1.265
       2.207       1.343   1.833e-05     0.03038       1.313
       2.217        1.39   1.757e-05     0.02951       1.361
       2.227       1.437   1.685e-05     0.02863       1.408
       2.237       1.483   1.616e-05     0.02775       1.455
       2.247       1.529   1.549e-05     0.02687       1.502
       2.257       1.573   1.485e-05     0.02599       1.547
       2.267       1.616   1.423e-05     0.02512       1.591
       2.277       1.658   1.363e-05     0.02425       1.634
       2.287       1.698   1.304e-05     0.02339       1.675
       2.297       1.736   1.248e-05     0.02254       1.714
       2.307       1.772   1.193e-05      0.0217        1.75
       2.317       1.805   1.139e-05     0.02087       1.784
       2.327       1.836   1.088e-05     0.02006       1.816
       2.337       1.864   1.038e-05     0.01926       1.844
       2.347       1.888   9.908e-06     0.01847        1.87
       2.357        1.91   9.453e-06      0.0177       1.892
       2.367       1.928   9.018e-06     0.01694       1.911
       2.377       1.943   8.602e-06     0.01621       1.927
       2.387       1.955   8.206e-06     0.01549       1.939
       2.397       1.963    7.83e-06      0.0148       1.948
       2.407       1.967   7.472e-06     0.01412       1.953
       2.417       1.968   7.132e-06     0.01347       1.955
       2.427       1.966   6.809e-06     0.01284       1.953
       2.437        1.96   6.502e-06     0.01222       1.948
       2.447       1.951    6.21e-06     0.01162       1.939
       2.457       1.939   5.931e-06     0.01105       1.928
       2.467       1.924   5.666e-06      0.0105       1.913
       2.477       1.906   5.412e-06    0.009968       1.896
       2.487       1.886    5.17e-06    0.009452       1.877
       2.497       1.864   4.938e-06    0.008967       1.855
       2.507        1.84   4.717e-06    0.008496       1.831
       2.517       1.814   4.505e-06    0.008042       1.806
       2.527       1.788   4.301e-06    0.007609        1.78
       2.537        1.76   4.107e-06    0.007196       1.753
       2.547       1.732   3.921e-06      0.0068       1.725
       2.557       1.701   3.744e-06    0.006422       1.694
       2.567       1.667   3.575e-06    0.006064       1.661
       2.577       1.631   3.413e-06    0.005723       1.625
       2.587       1.593   3.259e-06    0.005395       1.587
       2.597       1.551   3.112e-06    0.005086       1.546
       2.607       1.508   2.972e-06    0.004788       1.504
       2.617       1.463   2.837e-06    0.004508       1.459
       2.627       1.417   2.708e-06     0.00424       1.413
       2.637       1.369   2.583e-06    0.003986       1.365
       2.647       1.319   2.462e-06    0.003749       1.315
       2.657       1.268   2.344e-06    0.003522       1.264
       2.667       1.215   2.229e-06    0.003305       1.212
       2.677       1.162   2.116e-06    0.003099       1.159
       2.687        1.11   2.005e-06    0.002908       1.107
       2.697       1.058   1.894e-06    0.002727       1.056
       2.707       1.009   1.785e-06    0.002557       1.006
       2.717      0.9609   1.676e-06    0.002394      0.9585
       2.727      0.9148   1.567e-06    0.002243      0.9126
       2.737      0.8704   1.458e-06    0.002101      0.8683
       2.747      0.8276   1.349e-06    0.001969      0.8257
       2.757      0.7862    1.24e-06    0.001841      0.7844
       2.767      0.7464   1.131e-06    0.001723      0.7446
       2.777      0.7079   1.022e-06    0.001611      0.7063
       2.787      0.6709   9.132e-07    0.001506      0.6694
       2.797      0.6351   8.042e-07    0.001407      0.6337
       2.807      0.6007   6.951e-07    0.001315      0.5994
       2.817      0.5675   5.861e-07    0.001228      0.5663
       2.827      0.5355    4.77e-07    0.001146      0.5344
       2.837      0.5048   3.679e-07     0.00107      0.5037
       2.847      0.4753   2.587e-07   0.0009989      0.4743
       2.857       0.447   1.496e-07   0.0009316      0.4461
       2.867      0.4199   4.045e-08   0.0008698      0.4191
       2.877       0.394  -6.871e-08   0.0008117      0.3932
       2.887      0.3694  -1.779e-07   0.0007579      0.3686
       2.897      0.3459  -2.871e-07   0.0007076      0.3452
       2.907      0.3235  -3.963e-07   0.0006601      0.3228
       2.917      0.3022  -5.055e-07    0.000616      0.3016
       2.927      0.2821  -6.148e-07   0.0005753      0.2815
       2.937      0.2631   -7.24e-07   0.0005364      0.2626
       2.947      0.2453  -8.333e-07   0.0005006      0.2448
       2.957      0.2286  -9.425e-07   0.0004673      0.2281
       2.967       0.213  -1.052e-06   0.0004359      0.2126
       2.977      0.1984  -1.161e-06    0.000407       0.198
       2.987      0.1847   -1.27e-06   0.0003798      0.1843
       2.997      0.1719   -1.38e-06   0.0003543      0.1716
       3.007        0.16  -1.489e-06   0.0003307      0.1596
       3.017      0.1488  -1.598e-06   0.0003088      0.1485
       3.027      0.1384  -1.708e-06   0.0002881      0.1381
       3.037      0.1287  -1.817e-06   0.0002689      0.1284
       3.047      0.1196  -1.926e-06    0.000251      0.1194
       3.057      0.1112  -2.036e-06   0.0002342       0.111
       3.067      0.1033  -2.145e-06   0.0002186      0.1031
       3.077       0.096  -2.255e-06    0.000204     0.09579
       3.087     0.08917  -2.364e-06   0.0001903     0.08898
       3.097     0.08282  -2.473e-06   0.0001776     0.08265
       3.107     0.07692  -2.583e-06   0.0001657     0.07675
       3.117     0.07142  -2.692e-06   0.0001547     0.07127
       3.127     0.06632  -2.802e-06   0.0001444     0.06618
       3.137     0.06157  -2.911e-06   0.0001347     0.06144
       3.147     0.05716   -3.02e-06   0.0001257     0.05704
       3.157     0.05306   -3.13e-06   0.0001173     0.05294
       3.167     0.04925  -3.239e-06   0.0001095     0.04914
       3.177     0.04571  -3.349e-06   0.0001021     0.04561
       3.187     0.04243  -3.458e-06   9.529e-05     0.04234
       3.197     0.03938  -3.568e-06   8.895e-05     0.03929
       3.207     0.03654  -3.677e-06     8.3e-05     0.03646
       3.217     0.03392  -3.786e-06   7.749e-05     0.03384
       3.227     0.03148  -3.896e-06   7.229e-05     0.03141
       3.237     0.02921  -4.005e-06   6.747e-05     0.02915
       3.247     0.02711  -4.115e-06   6.294e-05     0.02705
       3.257     0.02516  -4.224e-06   5.875e-05     0.02511
       3.267     0.02336  -4.334e-06   5.484e-05      0.0233
       3.277     0.02168  -4.443e-06   5.118e-05     0.02163
       3.287     0.02012  -4.553e-06   4.779e-05     0.02008
       3.297     0.01868  -4.662e-06    4.46e-05     0.01864
       3.307     0.01734  -4.772e-06   4.164e-05      0.0173
       3.317      0.0161  -4.881e-06   3.885e-05     0.01606
       3.327     0.01495  -4.991e-06   3.624e-05     0.01491
       3.337     0.01388    -5.1e-06   3.383e-05     0.01385
       3.347     0.01289   -5.21e-06   3.157e-05     0.01286
       3.357     0.01196  -5.319e-06   2.946e-05     0.01194
       3.367     0.01111  -5.429e-06   2.749e-05     0.01109
       3.377     0.01032  -5.538e-06   2.566e-05      0.0103
       3.387    0.009579  -5.648e-06   2.394e-05    0.009561
       3.397    0.008896  -5.757e-06   2.235e-05    0.008879
       3.407    0.008261  -5.867e-06   2.085e-05    0.008246
       3.417    0.007673  -5.976e-06   1.944e-05    0.007659
       3.427    0.007126  -6.086e-06   1.815e-05    0.007114
       3.437    0.006619  -6.195e-06   1.694e-05    0.006608
       3.447    0.006148  -6.305e-06   1.581e-05    0.006139
       3.457    0.005712  -6.414e-06   1.473e-05    0.005703
       3.467    0.005294  -6.524e-06   7.064e-13      0.0053
       3.477    0.004919  -6.633e-06   7.064e-13    0.004926
       3.487    0.004573  -6.743e-06   7.064e-13    0.004579
       3.497    0.004252  -6.852e-06   7.064e-13    0.004259
       3.507    0.003955  -6.962e-06   7.064e-13    0.003962
       3.517     0.00368  -7.071e-06   7.064e-13    0.003687
       3.527    0.003426  -7.181e-06   7.064e-13    0.003433
       3.537    0.003191   -7.29e-06   7.064e-13    0.003198
       3.547    0.002972    -7.4e-06   7.064e-13     0.00298
       3.557    0.002771   -7.51e-06   7.064e-13    0.002779
       3.567    0.002585  -7.619e-06   7.064e-13    0.002593
       3.577    0.002414  -7.729e-06   7.064e-13    0.002421
       3.587    0.002255  -7.838e-06   7.064e-13    0.002263
       3.597    0.002108  -7.948e-06   7.064e-13    0.002116
       3.607    0.001973  -8.057e-06   7.064e-13    0.001981
       3.617    0.001848  -8.167e-06   7.064e-13    0.001856
       3.627    0.001733  -8.276e-06   7.064e-13    0.001741
       3.637    0.001626  -8.386e-06   7.064e-13    0.001635
       3.647    0.001529  -8.495e-06   7.064e-13    0.001537
       3.657    0.001438  -8.605e-06   7.064e-13    0.001447
       3.667    0.001355  -8.714e-06   7.064e-13    0.001364
       3.677    0.001279  -8.824e-06   7.064e-13    0.001288
       3.687    0.001209  -8.933e-06   7.064e-13    0.001218
       3.697    0.001144  -9.043e-06   7.064e-13    0.001153
       3.707    0.001085  -9.152e-06   7.064e-13    0.001094
       3.717     0.00103  -9.262e-06   7.064e-13     0.00104
       3.727   0.0009803  -9.372e-06   7.064e-13   0.0009897
       3.737   0.0009346  -9.481e-06   7.064e-13   0.0009441
       3.747   0.0008929  -9.591e-06   7.064e-13   0.0009025
       3.757   0.0008546    -9.7e-06   7.064e-13   0.0008643
       3.767   0.0008198   -9.81e-06   7.064e-13   0.0008296
       3.777   0.0007881  -9.919e-06   7.064e-13    0.000798
       3.787   0.0007593  -1.003e-05   7.064e-13   0.0007693
       3.797   0.0007332  -1.014e-05   7.064e-13   0.0007433
       3.807   0.0007095  -1.025e-05   7.064e-13   0.0007197
       3.817   0.0006882  -1.036e-05   7.064e-13   0.0006986
       3.827   0.0006691  -1.047e-05   7.064e-13   0.0006795
       3.837   0.0006519  -1.058e-05   7.064e-13   0.0006625
       3.847   0.0006367  -1.069e-05   7.064e-13   0.0006474
       3.857   0.0006231   -1.08e-05   7.064e-13   0.0006339
       3.867   0.0006112   -1.09e-05   7.064e-13   0.0006221
       3.877   0.0006008  -1.101e-05   7.064e-13   0.0006118
       3.887   0.0005919  -1.112e-05   7.064e-13    0.000603
       3.897   0.0005842  -1.123e-05   7.064e-13   0.0005954
       3.907   0.0005778  -1.134e-05   7.064e-13   0.0005891
       3.917   0.0005725  -1.145e-05   7.064e-13   0.0005839
       3.927   0.0005683  -1.156e-05   7.064e-13   0.0005798
       3.937    0.000565  -1.167e-05   7.064e-13   0.0005767
       3.947   0.0005628  -1.178e-05   7.064e-13   0.0005746
       3.957   0.0005614  -1.189e-05   7.064e-13   0.0005733
       3.967   0.0005609    -1.2e-05   7.064e-13   0.0005729
       3.977   0.0005612  -1.211e-05   7.064e-13   0.0005733
       3.987   0.0005622  -1.222e-05   7.064e-13   0.0005744
       3.997   0.0005639  -1.233e-05   7.064e-13   0.0005762
       4.007   0.0005663  -1.244e-05   7.064e-13   0.0005787
       4.017   0.0005693  -1.255e-05   7.064e-13   0.0005819
       4.027   0.0005729  -1.266e-05   7.064e-13   0.0005856
       4.037   0.0005771  -1.277e-05   7.064e-13   0.0005899
       4.047   0.0005819  -1.288e-05   7.064e-13   0.0005947
       4.057   0.0005871  -1.299e-05   7.064e-13   0.0006001
       4.067   0.0005929   -1.31e-05   7.064e-13    0.000606
       4.077   0.0005992  -1.321e-05   7.064e-13   0.0006124
       4.087   0.0006059  -1.331e-05   7.064e-13   0.0006192
       4.097    0.000613  -1.342e-05   7.064e-13   0.0006265
       4.107   0.0006206  -1.353e-05   7.064e-13   0.0006342
       4.117   0.0006287  -1.364e-05   7.064e-13   0.0006423
       4.127   0.0006371  -1.375e-05   7.064e-13   0.0006508
       4.137   0.0006459  -1.386e-05   7.064e-13   0.0006598
       4.147   0.0006551  -1.397e-05   7.064e-13   0.0006691
       4.157   0.0006647  -1.408e-05   7.064e-13   0.0006788
       4.167   0.0006747  -1.419e-05   7.064e-13   0.0006888
       4.177    0.000685   -1.43e-05   7.064e-13   0.0006993
       4.187   0.0006957  -1.441e-05   7.064e-13   0.0007101
       4.197   0.0007067  -1.452e-05   7.064e-13   0.0007212
       4.207   0.0007181  -1.463e-05   7.064e-13   0.0007327
       4.217   0.0007298  -1.474e-05   7.064e-13   0.0007445
       4.227   0.0007419  -1.485e-05   7.064e-13   0.0007567
       4.237   0.0007543  -1.496e-05   7.064e-13   0.0007692
       4.247    0.000767  -1.507e-05   7.064e-13   0.0007821
       4.257   0.0007801  -1.518e-05   7.064e-13   0.0007953
       4.267   0.0007935  -1.529e-05   7.064e-13   0.0008088
       4.277   0.0008073   -1.54e-05   7.064e-13   0.0008227
       4.287   0.0008214   -1.55e-05   7.064e-13   0.0008369
       4.297   0.0008358  -1.561e-05   7.064e-13   0.0008514
       4.307   0.0008506  -1.572e-05   7.064e-13   0.0008663
       4.317   0.0008657  -1.583e-05   7.064e-13   0.0008815
       4.327   0.0008812  -1.594e-05   7.064e-13   0.0008971
       4.337    0.000897  -1.605e-05   7.064e-13    0.000913
       4.347   0.0009131  -1.616e-05   7.064e-13   0.0009293
       4.357   0.0009296  -1.627e-05   7.064e-13   0.0009459
       4.367   0.0009465  -1.638e-05   7.064e-13   0.0009628
       4.377   0.0009637  -1.649e-05   7.064e-13   0.0009802
       4.387   0.0009812   -1.66e-05   7.064e-13   0.0009978
       4.397   0.0009992  -1.671e-05   7.064e-13    0.001016
       4.407    0.001017  -1.682e-05   7.064e-13    0.001034
       4.417    0.001036  -1.693e-05   7.064e-13    0.001053
       4.427    0.001055  -1.704e-05   7.064e-13    0.001072
       4.437    0.001075  -1.715e-05   7.064e-13    0.001092
       4.447    0.001094  -1.726e-05   7.064e-13    0.001112
       4.457    0.001115  -1.737e-05   7.064e-13    0.001132
       4.467    0.001135  -1.748e-05   7.064e-13    0.001153
       4.477    0.001156  -1.759e-05   7.064e-13    0.001174
       4.487    0.001178   -1.77e-05   7.064e-13    0.001195
       4.497      0.0012   -1.78e-05   7.064e-13    0.001217
       4.507    0.001222  -1.791e-05   7.064e-13     0.00124
       4.517    0.001245  -1.802e-05   7.064e-13    0.001263
       4.527    0.001268  -1.813e-05   7.064e-13    0.001286
       4.537    0.001291  -1.824e-05   7.064e-13     0.00131
       4.547    0.001315  -1.835e-05   7.064e-13    0.001334
       4.557     0.00134  -1.846e-05   7.064e-13    0.001358
       4.567    0.001365  -1.857e-05   7.064e-13    0.001383
       4.577     0.00139  -1.868e-05   7.064e-13    0.001409
       4.587    0.001416  -1.879e-05   7.064e-13    0.001435
       4.597    0.001443   -1.89e-05   7.064e-13    0.001462
       4.607     0.00147  -1.901e-05   7.064e-13    0.001489
       4.617    0.001497  -1.912e-05   7.064e-13    0.001516
       4.627    0.001525  -1.923e-05   7.064e-13    0.001544
       4.637    0.001554  -1.934e-05   7.064e-13    0.001573
       4.647    0.001583  -1.945e-05   7.064e-13    0.001602
       4.657    0.001612  -1.956e-05   7.064e-13    0.001632
       4.667    0.001642  -1.967e-05   7.064e-13    0.001662
       4.677    0.001673  -1.978e-05   7.064e-13    0.001693
       4.687    0.001704  -1.989e-05   7.064e-13    0.001724
       4.697    0.001736  -1.999e-05   7.064e-13    0.001756
       4.707    0.001769   -2.01e-05   7.064e-13    0.001789
       4.717    0.001802  -2.021e-05   7.064e-13    0.001822
       4.727    0.001836  -2.032e-05   7.064e-13    0.001856
       4.737     0.00187  -2.043e-05   7.064e-13     0.00189
       4.747    0.001905  -2.054e-05   7.064e-13    0.001925
       4.757    0.001941  -2.065e-05   7.064e-13    0.001961
       4.767    0.001977  -2.076e-05   7.064e-13    0.001998
       4.777    0.002014  -2.087e-05   7.064e-13    0.002035
       4.787    0.002051  -2.098e-05   7.064e-13    0.002072
       4.797     0.00209  -2.109e-05   7.064e-13    0.002111
       4.807    0.002129   -2.12e-05   7.064e-13     0.00215
       4.817    0.002169  -2.131e-05   7.064e-13     0.00219
       4.827    0.002209  -2.142e-05   7.064e-13    0.002231
       4.837    0.002251  -2.153e-05   7.064e-13    0.002272
       4.847    0.002293  -2.164e-05   7.064e-13    0.002314
       4.857    0.002336  -2.175e-05   7.064e-13    0.002357
       4.867    0.002379  -2.186e-05   7.064e-13    0.002401
       4.877    0.002424  -2.197e-05   7.064e-13    0.002446
       4.887    0.002469  -2.208e-05   7.064e-13    0.002491
       4.897    0.002515  -2.218e-05   7.064e-13    0.002538
       4.907    0.002563  -2.229e-05   7.064e-13    0.002585
       4.917     0.00261   -2.24e-05   7.064e-13    0.002633
       4.927    0.002659  -2.251e-05   7.064e-13    0.002682
       4.937    0.002709  -2.262e-05   7.064e-13    0.002732
       4.947     0.00276  -2.273e-05   7.064e-13    0.002782
       4.957    0.002811  -2.284e-05   7.064e-13    0.002834
       4.967    0.002864  -2.295e-05   7.064e-13    0.002887
       4.977    0.002917  -2.306e-05   7.064e-13     0.00294
       4.987    0.002972  -2.317e-05   7.064e-13    0.002995
       4.997    0.003028  -2.328e-05   7.064e-13    0.003051
       5.007    0.003084  -2.339e-05   7.064e-13    0.003108
       5.017    0.003142   -2.35e-05   7.064e-13    0.003165
       5.027    0.003201  -2.361e-05   7.064e-13    0.003224
       5.037     0.00326  -2.372e-05   7.064e-13    0.003284
       5.047    0.003321  -2.383e-05   7.064e-13    0.003345
       5.057    0.003383  -2.394e-05   7.064e-13    0.003407
       5.067    0.003447  -2.405e-05   7.064e-13    0.003471
       5.077    0.003511  -2.416e-05   7.064e-13    0.003535
       5.087    0.003577  -2.427e-05   7.064e-13    0.003601
       5.097    0.003643  -2.437e-05   7.064e-13    0.003668
       5.107    0.003712  -2.448e-05   7.064e-13    0.003736
       5.117    0.003781  -2.459e-05   7.064e-13    0.003805
       5.127    0.003851   -2.47e-05   7.064e-13    0.003876
       5.137    0.003923  -2.481e-05   7.064e-13    0.003948
       5.147    0.003997  -2.492e-05   7.064e-13    0.004022
       5.157    0.004071  -2.503e-05   7.064e-13    0.004096
       5.167    0.004147  -2.514e-05   7.064e-13    0.004173
       5.177    0.004225  -2.525e-05   7.064e-13     0.00425
       5.187    0.004304  -2.536e-05   7.064e-13    0.004329
       5.197    0.004384  -2.547e-05   7.064e-13     0.00441
       5.207    0.004466  -2.558e-05   7.064e-13    0.004492
       5.217    0.004549  -2.569e-05   7.064e-13    0.004575
       5.227    0.004634   -2.58e-05   7.064e-13     0.00466
       5.237    0.004721  -2.591e-05   7.064e-13    0.004747
       5.247    0.004809  -2.602e-05   7.064e-13    0.004835
       5.257    0.004899  -2.613e-05   7.064e-13    0.004925
       5.267     0.00499  -2.624e-05   7.064e-13    0.005017
       5.277    0.005083  -2.635e-05   7.064e-13     0.00511
       5.287    0.005178  -2.646e-05   7.064e-13    0.005205
       5.297    0.005275  -2.656e-05   7.064e-13    0.005302
       5.307    0.005373  -2.667e-05   7.064e-13      0.0054
       5.317    0.005474  -2.678e-05   7.064e-13      0.0055
       5.327    0.005576  -2.689e-05   7.064e-13    0.005603
       5.337     0.00568    -2.7e-05   7.064e-13    0.005707
       5.347    0.005786  -2.711e-05   7.064e-13    0.005813
       5.357    0.005894  -2.722e-05   7.064e-13    0.005921
       5.367    0.006004  -2.733e-05   7.064e-13    0.006031
       5.377    0.006116  -2.744e-05   7.064e-13    0.006143
       5.387     0.00623  -2.755e-05   7.064e-13    0.006257
       5.397    0.006346  -2.766e-05   7.064e-13    0.006374
       5.407    0.006465  -2.777e-05   7.064e-13    0.006492
       5.417    0.006585  -2.788e-05   7.064e-13    0.006613
       5.427    0.006708  -2.799e-05   7.064e-13    0.006736
       5.437    0.006833   -2.81e-05   7.064e-13    0.006861
       5.447    0.006961  -2.821e-05   7.064e-13    0.006989
       5.457     0.00709  -2.832e-05   7.064e-13    0.007119
       5.467    0.007223  -2.843e-05   7.064e-13    0.007251
       5.477    0.007357  -2.854e-05   7.064e-13    0.007386
       5.487    0.007495  -2.864e-05   7.064e-13    0.007523
       5.497    0.007634  -2.875e-05   7.064e-13    0.007663
       5.507    0.007777  -2.886e-05   7.064e-13    0.007805
       5.517    0.007922  -2.897e-05   7.064e-13    0.007951
       5.527    0.008069  -2.908e-05   7.064e-13    0.008098
       5.537     0.00822  -2.919e-05   7.064e-13    0.008249
       5.547    0.008373   -2.93e-05   7.064e-13    0.008402
       5.557    0.008529  -2.941e-05   7.064e-13    0.008559
       5.567    0.008688  -2.952e-05   7.064e-13    0.008718
       5.577     0.00885  -2.963e-05   7.064e-13     0.00888
       5.587    0.009015  -2.974e-05   7.064e-13    0.009045
       5.597    0.009183  -2.985e-05   7.064e-13    0.009213
       5.607    0.009354  -2.996e-05   7.064e-13    0.009384
       5.617    0.009529  -3.007e-05   7.064e-13    0.009559
       5.627    0.009706  -3.018e-05   7.064e-13    0.009736
       5.637    0.009887  -3.029e-05   7.064e-13    0.009917
       5.647     0.01007   -3.04e-05   7.064e-13      0.0101
       5.657     0.01026  -3.051e-05   7.064e-13     0.01029
       5.667     0.01045  -3.062e-05   7.064e-13     0.01048
       5.677     0.01065  -3.073e-05   7.064e-13     0.01068
       5.687     0.01084  -3.083e-05   7.064e-13     0.01087
       5.697     0.01105  -3.094e-05   7.064e-13     0.01108
       5.707     0.01125  -3.105e-05   7.064e-13     0.01128
       5.717     0.01146  -3.116e-05   7.064e-13     0.01149
       5.727     0.01167  -3.127e-05   7.064e-13     0.01171
       5.737     0.01189  -3.138e-05   7.064e-13     0.01192
       5.747     0.01211  -3.149e-05   7.064e-13     0.01215
       5.757     0.01234   -3.16e-05   7.064e-13     0.01237
       5.767     0.01257  -3.171e-05   7.064e-13      0.0126
       5.777      0.0128  -3.182e-05   7.064e-13     0.01284
       5.787     0.01304  -3.193e-05   7.064e-13     0.01307
       5.797     0.01328  -3.204e-05   7.064e-13     0.01332
       5.807     0.01353  -3.215e-05   7.064e-13     0.01356
       5.817     0.01378  -3.226e-05   7.064e-13     0.01382
       5.827     0.01404  -3.237e-05   7.064e-13     0.01407
       5.837      0.0143  -3.248e-05   7.064e-13     0.01434
       5.847     0.01457  -3.259e-05   7.064e-13      0.0146
       5.857     0.01484   -3.27e-05   7.064e-13     0.01487
       5.867     0.01512  -3.281e-05   7.064e-13     0.01515
       5.877      0.0154  -3.292e-05   7.064e-13     0.01543
       5.887     0.01569  -3.302e-05   7.064e-13     0.01572
       5.897     0.01598  -3.313e-05   7.064e-13     0.01601
       5.907     0.01627  -3.324e-05   7.064e-13     0.01631
       5.917     0.01658  -3.335e-05   7.064e-13     0.01661
       5.927     0.01689  -3.346e-05   7.064e-13     0.01692
       5.937      0.0172  -3.357e-05   7.064e-13     0.01723
       5.947     0.01752  -3.368e-05   7.064e-13     0.01755
       5.957     0.01785  -3.379e-05   7.064e-13     0.01788
       5.967     0.01818   -3.39e-05   7.064e-13     0.01821
       5.977     0.01852  -3.401e-05   7.064e-13     0.01855
       5.987     0.01886  -3.412e-05   7.064e-13      0.0189
       5.997     0.01921  -3.423e-05   7.064e-13     0.01925
       6.007     0.01957  -3.434e-05   7.064e-13     0.01961
       6.017     0.01994  -3.445e-05   7.064e-13     0.01997
       6.027     0.02031  -3.456e-05   7.064e-13     0.02034
       6.037     0.02069  -3.467e-05   7.064e-13     0.02072
       6.047     0.02107  -3.478e-05   7.064e-13     0.02111
       6.057     0.02146  -3.489e-05   7.064e-13      0.0215
