            0.1        120.998
            0.2        41.2129
            0.3        23.3934
            0.4        12.5507
            0.5        7.59314
            0.6          6.374
            0.7         5.6197
            0.8        5.12253
            0.9        4.78354
              1        3.54897
            1.1        3.42982
            1.2        2.95313
            1.3        2.91308
            1.4        2.46886
            1.5        2.46788
              2        2.12968
            2.5        2.22365
              3        1.90077
            3.5         1.8503
              4        1.67822
            4.5         1.7899
              5        1.88349
            5.5        1.96542
              6        2.03897
            6.5        2.09705
              7        2.12231
            7.5        2.11841
