            0.1        107.344
            0.2        36.5739
            0.3        20.7762
            0.4        11.1491
            0.5        6.74436
            0.6        5.66431
            0.7        4.99546
            0.8        4.55489
            0.9        4.25398
              1        3.15242
            1.1        3.04685
            1.2        2.62152
            1.3        2.58675
            1.4        2.19076
            1.5        2.19028
              2        1.89067
            2.5         1.9788
              3        1.69331
            3.5        1.65848
              4        1.51438
            4.5        1.62751
              5        1.72168
            5.5        1.80366
              6        1.87693
            6.5        1.94219
              7        1.98514
            7.5          1.999
